**********------------scene1------------**********

0, 0,6687165 / 0,6687165

1, 1,849621 / 2,482994

0, 0,6841927 / 3,167187

1, 0,5178823 / 3,650438

0, 0,1002657 / 3,750704

1, 0,3330155 / 4,049643

0, 0,5669813 / 4,616624

1, 0,034085 / 4,616624

0, 0,7001176 / 5,316741

1, 1,583537 / 6,868485

2, 1,116048 / 7,984412

1, 0,5839138 / 8,568448

0, 0,2004913 / 8,76894

1, 0,7170283 / 9,452401

0, 0,0637042 / 9,516106

3, 0,0637042 / 9,569072

0, 0,266581 / 9,835652

5, 0,5329447 / 10,33607

4, 0,8999304 / 10,70255

0, 1,10005 / 11,80261

1, 0,0422245 / 11,80261

0, 0,2223315 / 12,02494

1, 1,71303 / 13,72388

0, 0,6130398 / 14,33693

1, 2,100314 / 16,42276

0, 11,36959 / 27,79234

5, 0,0331815 / 27,79234

0, 0,1681533 / 27,96049

2, 0,346294 / 28,27655

0, 0,2662614 / 28,54281

1, 0,8522658 / 29,35997

0, 0,6168038 / 29,97677

2, 1,048486 / 30,99405

4, 0,5173047 / 31,51106

2, 0,2495725 / 31,76088

1, 0,6002469 / 32,35977

0, 0,784526 / 33,1443

1, 0,1333696 / 33,24512

0, 0,1002003 / 33,34533

1, 0,1708668 / 33,4783

0, 0,3024123 / 33,78071

1, 0,9837568 / 34,72802

0, 2,451555 / 37,17957

4, 0,4338779 / 37,94664

5, 0,7995936 / 37,94664

0, 0,4006346 / 38,34727

4, 0,6043285 / 38,91349

0, 0,266643 / 39,18014

1, 0,4049866 / 39,54848

2, 0,0330797 / 39,58146

0, 0,9664023 / 40,54787

2, 0,1990909 / 40,71405

0, 0,5669296 / 41,28098

1, 0,6678292 / 41,91369

0, 1,652786 / 43,56648

1, 2,653461 / 46,18496

0, 2,865537 / 49,05051

1, 1,187256 / 50,21804

2, 0,112674 / 50,31891

5, 0,3830458 / 50,63411

2, 1,535222 / 52,16837

4, 0,5502043 / 52,9687

5, 1,432755 / 53,60447

0, 3,965603 / 57,57007

2, 0,2009402 / 57,73686

StartAnim : touchMagazine / 58,92099

1, 1,25158 / 59,00488

2, 0,0488218 / 59,03799

0, 0,8608475 / 59,89884

4, 2,152081 / 62,00669

0, 0,6656658 / 62,67236

4, 1,199728 / 63,84015

0, 0,0659577 / 63,90611

4, 0,1662615 / 64,03963

1, 0,033207 / 64,07259

0, 0,2160528 / 64,28864

1, 0,7847965 / 65,05644

0, 0,123961 / 65,1804

1, 0,8871238 / 66,00725

0, 0,4339837 / 66,44123

2, 0,3443048 / 66,74072

0, 0,2664759 / 67,00719

**********------------scene2------------**********

1, 0,9402182 / 0,0342533

0, 0,1660673 / 0,2003206

2, 0,2164149 / 0,382922

0, 0,8684374 / 1,25136

1, 0,0333189 / 1,25136

0, 0,0662289 / 1,317589

1, 0,2496726 / 1,536006

0, 1,148875 / 2,684881

3, 0,0671943 / 2,729607

2, 0,071526 / 2,782031

1, 0,2281042 / 3,017939

2, 0,0334277 / 3,052063

5, 0,0341234 / 3,084383

0, 0,6999361 / 3,784318

5, 0,4332279 / 4,185134

0, 0,0996357 / 4,28477

2, 0,0667926 / 4,318162

0, 0,400767 / 4,718929

1, 0,5339286 / 5,218416

0, 0,3702453 / 5,588661

1, 0,6665612 / 6,219109

2, 0,0338337 / 6,252292

0, 1,000501 / 7,252793

1, 0,1144311 / 7,32094

0, 0,0816334 / 7,402573

1, 0,5320217 / 7,885964

0, 0,367078 / 8,253041

1, 1,616708 / 9,837378

0, 0,6672116 / 10,50459

1, 0,4003727 / 10,87086

0, 1,000782 / 11,87164

3, 0,06700601 / 11,91661

0, 0,2142325 / 12,13085

1, 1,016741 / 13,10563

0, 1,415925 / 14,52155

4, 0,0334003 / 14,52155

5, 1,199672 / 15,68871

0, 0,8845831 / 16,57329

7, 0,6009595 / 17,14046

0, 0,7325734 / 17,87303

7, 0,2945047 / 18,12421

0, 0,549936 / 18,67415

7, 0,2848011 / 18,90639

0, 0,6510841 / 19,55747

7, 0,2335319 / 19,76455

0, 0,0600134 / 19,82456

7, 0,1635005 / 19,97261

0, 0,3363274 / 20,30894

7, 0,0673866 / 20,34196

0, 0,9165574 / 21,25852

7, 0,0347912 / 21,25852

0, 0,7505873 / 22,00911

3, 0,2782464 / 22,2429

0, 0,3449138 / 22,58781

2, 0,0340216 / 22,58781

0, 0,6039656 / 23,19178

4, 1,299747 / 24,6095

5, 1,484484 / 24,64367

0, 0,0547907 / 24,69846

4, 0,099451 / 24,77576

5, 0,099451 / 24,77576

0, 0,1354146 / 24,91117

1, 0,4684521 / 25,30296

0, 0,4066496 / 25,7096

1, 0,5836267 / 26,26

5, 0,032905 / 26,29367

1, 0,0336702 / 26,32713

0, 0,499878 / 26,82701

1, 1,38004 / 28,16179

0, 0,3654635 / 28,52726

1, 0,0671182 / 28,56092

0, 0,5168505 / 29,07778

1, 2,916223 / 31,96194

0, 0,6340475 / 32,59599

3, 0,6333719 / 33,19561

4, 0,3338132 / 33,52954

5, 0,2667499 / 33,52954

0, 0,06748261 / 33,59703

4, 0,1164423 / 33,67971

5, 0,1164423 / 33,67971

0, 0,8673803 / 34,54709

1, 0,0321495 / 34,54709

0, 0,0995511 / 34,64664

3, 0,0660225 / 34,68026

0, 1,283477 / 35,96375

3, 0,0337977 / 35,96375

0, 1,066977 / 37,03073

3, 0,1322928 / 37,12991

0, 0,6361336 / 37,76604

StartAnim : shortLook / 38,83123

3, 1,301056 / 39,03159

0, 0,0654969 / 39,09708

3, 0,1342031 / 39,19844

0, 0,0882354 / 39,28668

**********------------scene3------------**********

1, 2,034365 / 0,0258325

2, 0,0258325 / 0,0551294

0, 0,0563726 / 0,111502

2, 0,7148567 / 0,7982197

0, 0,4575603 / 1,25578

1, 1,744069 / 2,971655

0, 0,4016033 / 3,373259

1, 3,143233 / 6,482638

2, 0,0280379 / 6,512097

1, 1,243492 / 7,754503

0, 0,5717375 / 8,32624

1, 0,08636931 / 8,383129

0, 0,145067 / 8,528195

1, 0,036197 / 8,56792

0, 0,0624581 / 8,630378

1, 0,572821 / 9,168121

0, 0,5750877 / 9,74321

2, 0,0262111 / 9,74321

2, 0,013381 / 10,3413

5, 0,6308105 / 10,37211

0, 0,0777182 / 10,44983

2, 1,340211 / 11,7433

0, 0,0522955 / 11,7956

1, 0,9696714 / 12,7424

0, 1,455178 / 14,19758

1, 3,969213 / 18,13927

2, 0,0281194 / 18,16706

1, 0,1388586 / 18,30053

0, 0,9267859 / 19,22731

2, 0,0142401 / 19,22731

0, 0,8854823 / 20,11279

1, 0,086858 / 20,1674

2, 0,0568315 / 20,25476

0, 0,043838 / 20,29859

1, 0,4423972 / 20,72434

0, 2,177652 / 22,90199

2, 0,460295 / 23,32564

0, 0,2063882 / 23,53202

1, 4,002996 / 27,52426

0, 0,0905104 / 27,61477

1, 0,0315683 / 27,61477

0, 0,1950063 / 27,80977

1, 0,8685815 / 28,66902

0, 0,1824772 / 28,8515

2, 0,0558256 / 28,8515

3, 0,1018617 / 28,9825

4, 0,6595968 / 29,52409

0, 0,1740278 / 29,69812

5, 0,0217435 / 29,69812

3, 0,0375008 / 29,75339

0, 0,4852303 / 30,23862

1, 1,430642 / 31,63861

2, 0,4251641 / 32,06826

StartAnim : armStretch / 32,81066

0, 0,7994736 / 32,86774

2, 0,131343 / 32,95192

0, 0,0575488 / 33,00947

2, 0,0308612 / 33,00947

0, 0,1099738 / 33,11945

1, 0,3698813 / 33,43879

2, 0,2877164 / 33,73929

0, 0,6451337 / 34,38443

2, 0,0288086 / 34,38443

0, 0,08405779 / 34,46848

1, 0,6902257 / 35,15337

2, 0,0297887 / 35,18499

5, 0,6278774 / 35,82327

0, 0,4716538 / 36,29491

5, 0,0122041 / 36,29491

2, 0,1171013 / 36,4338

5, 0,0840285 / 36,49699

2, 0,426809 / 36,92638

0, 0,057596 / 36,98398

StartAnim : longLook / 37,09233

StartAnim : handSalute / 37,39522

StartAnim : faceSmile / 41,59559

1, 9,715067 / 46,67057

2, 0,0692959 / 46,7246

5, 0,4991231 / 47,23953

2, 0,5298693 / 47,72685

1, 1,612611 / 49,35392

2, 0,0296624 / 49,3825

1, 0,9704214 / 50,35476

0, 0,250659 / 50,60541

1, 0,0298518 / 50,60541

0, 0,1340059 / 50,73942

1, 2,09984 / 52,82457

0, 0,1965658 / 53,02113

1, 2,912567 / 55,88062

2, 1,014206 / 56,89518

0, 0,1386793 / 57,03386

StartAnim : LongLook / 58,39512

1, 5,772865 / 62,75351

2, 0,0559758 / 62,81254

StartAnim : CaresseEntreCuisse / 62,86136

4, 0,6575003 / 63,46517

5, 0,6581799 / 64,12438

2, 0,5744833 / 64,66685

0, 0,0870217 / 64,75388

2, 0,2295887 / 64,93785

0, 0,0640302 / 65,00188

1, 1,113435 / 66,08216

0, 0,0710699 / 66,15323

1, 0,103026 / 66,20116

0, 0,0561752 / 66,25734

1, 0,4231634 / 66,65258

0, 0,1803837 / 66,83296

2, 0,0422443 / 66,85247

0, 0,232441 / 67,08491

1, 0,2061102 / 67,24662

0, 0,1327259 / 67,37933

1, 0,0538508 / 67,41136

0, 0,1115672 / 67,52293

1, 0,3832779 / 67,89527

0, 0,1415816 / 68,03684

StartAnim : faceSmile / 68,38433

1, 1,626662 / 69,65266

0, 0,0458417 / 69,69849

1, 0,2333048 / 69,89625

0, 0,2277515 / 70,12399

2, 0,0151145 / 70,12399

4, 0,0221501 / 70,17024

5, 0,0221501 / 70,17024

0, 0,569655 / 70,73989

5, 0,770972 / 71,48212

**********------------scene4------------**********

2, 0,5690361 / 0,0439032

0, 0,616257 / 0,6601601

2, 0,3454399 / 0,9750167

4, 0,515817 / 1,490223

2, 0,0289086 / 1,515428

5, 0,7400042 / 1,71346

2, 0,1013886 / 1,814451

StartAnim : LongLook / 2,530029

1, 0,7431392 / 2,560766

5, 0,030737 / 2,58735

5, 0,0974369 / 2,780302

StartAnim : HandSalute / 2,81536

2, 1,163071 / 3,716558

StartAnim : SitCrossLegs / 4,701385

1, 1,551332 / 5,26516

0, 0,0507885 / 5,315948

2, 0,0322274 / 5,315948

4, 0,4953184 / 5,786316

5, 1,183328 / 6,501789

4, 0,0375607 / 6,601584

2, 2,220051 / 8,710698

1, 0,3139516 / 8,829597

2, 0,0273692 / 8,854196

0, 0,0590036 / 8,913199

3, 0,0199976 / 8,913199

7, 0,5426617 / 9,431688

3, 0,014834 / 9,467668

0, 0,0693097 / 9,536978

7, 0,0693097 / 9,567685

2, 0,6319918 / 10,18309

1, 0,4413883 / 10,48364

2, 1,563789 / 11,86187

1, 0,0109932 / 11,88745

2, 0,1693504 / 12,08626

1, 0,2384686 / 12,27994

2, 0,1727789 / 12,35013

2, 0,3732623 / 14,06089

StartAnim : LongLook / 14,30188

1, 7,379146 / 19,70485

2, 0,8612232 / 20,58699

0, 0,2849268 / 20,87192

2, 0,0310157 / 20,87192

StartAnim : EyeBlink / 21,90459

1, 3,842597 / 24,7011

2, 0,0327344 / 24,75485

2, 0,0208905 / 26,90255

2, 0,2555424 / 27,18511

1, 2,551585 / 27,28818

2, 0,0647598 / 27,35862

1, 1,401778 / 28,70103

2, 1,014078 / 29,72742

StartAnim : OpenLegs / 29,95572

4, 0,13919 / 30,23673

4, 0,0625437 / 30,34127

5, 0,6160467 / 30,34127

2, 0,2991937 / 30,6424

5, 0,7680715 / 31,40805

2, 0,7716269 / 32,1922

1, 2,587496 / 34,77618

2, 0,6310505 / 35,38905

1, 0,1826556 / 35,57224

2, 0,3694078 / 35,96013

1, 1,000468 / 36,95686

2, 0,0472185 / 37,01007

4, 0,5808975 / 37,58596

5, 0,8838522 / 37,87453

2, 0,7186626 / 38,57339

StartAnim : touchCouchInvite / 39,01096

0, 0,5399518 / 39,11335

StartAnim : FaceSmile / 40,79576

4, 3,133162 / 42,21344

0, 1,386365 / 43,5998

4, 0,3577447 / 43,93027

0, 0,6995012 / 44,62977

4, 0,1744463 / 44,78466

0, 0,0583504 / 44,84301

4, 0,1237098 / 44,94117

2, 0,1689088 / 45,12442

1, 1,064924 / 46,17562

2, 0,0118345 / 46,19839

0, 0,060932 / 46,25932

4, 0,5059745 / 46,74973

0, 0,9252818 / 47,67501

4, 0,9322399 / 48,55896

0, 0,07259201 / 48,63155

4, 0,09175441 / 48,69968

5, 0,170686 / 48,87227

2, 0,1403746 / 48,94891

5, 0,0234186 / 48,98165

3, 0,0327388 / 49,01656

5, 0,5922822 / 49,59993

2, 0,336408 / 49,90089

0, 0,8437157 / 50,74461

2, 0,2330047 / 50,97005

**********------------scene5------------**********

1, 1,381553 / 0,0290318

0, 0,1973288 / 0,2263606

1, 0,1871641 / 0,3717236

2, 0,169145 / 0,5281726

4, 0,2179039 / 0,7426397

2, 0,0279593 / 1,272508

5, 0,8729564 / 1,401379

1, 0,0302602 / 1,452791

2, 0,2147133 / 1,665896

1, 1,742196 / 3,390226

2, 0,2996458 / 3,670789

4, 0,0128546 / 3,690856

5, 0,615651 / 4,306839

2, 0,0332543 / 4,323089

4, 0,0332543 / 4,323089

0, 0,0673398 / 4,390429

5, 0,1523069 / 4,507355

2, 0,6315186 / 5,118362

1, 1,417173 / 6,502028

2, 0,8273757 / 7,341516

0, 0,5171559 / 7,858673

2, 0,7052896 / 8,504531

5, 0,5491683 / 9,052011

4, 0,926461 / 9,443863

1, 0,0392446 / 9,643359

StartAnim : ShortLook / 9,660489

2, 0,9134436 / 9,912513

1, 0,5668331 / 10,27138

2, 0,0329127 / 10,32545

StartAnim : FaceSmile / 10,62635

1, 1,496273 / 11,81235

2, 0,2422437 / 12,06089

1, 3,647136 / 15,67143

2, 0,0102885 / 15,69424

1, 0,0896209 / 15,77415

2, 0,1678995 / 15,96816

1, 1,213 / 17,1625

2, 0,2161074 / 17,38412

StartAnim : OpenLegs / 20,12814

1, 3,23452 / 20,59261

2, 0,0342401 / 20,65285

5, 0,4188942 / 21,03081

0, 0,8843179 / 21,91513

StartAnim : TouchCouchInvite / 22,42488

5, 0,7708194 / 22,65942

0, 0,2535202 / 22,91294

2, 0,0381218 / 22,93196

StartAnim : LongLook / 22,98193

0, 0,0968912 / 23,02885

2, 0,2822831 / 23,2757

StartAnim : FaceSmile / 23,38136

1, 2,813241 / 26,10574

2, 0,0282879 / 26,12735

3, 0,0698873 / 26,2156

5, 1,209514 / 27,32834

0, 0,6999061 / 28,02824

4, 0,183731 / 28,1854

0, 0,1832194 / 28,36861

4, 0,0100997 / 28,36861

0, 1,216239 / 29,58485

4, 0,3197518 / 30,12804

5, 0,5718809 / 30,12804

2, 0,0115462 / 30,15882

0, 0,0527147 / 30,21153

4, 0,0488968 / 30,26647

5, 0,0488968 / 30,26647

0, 0,0744451 / 30,34091

2, 0,3348799 / 30,6343

1, 0,9439027 / 31,56969

2, 0,0465493 / 31,64478

StartAnim : PenisTouch / 31,74396

StartAnim : ShortLook / 32,37016

4, 1,479173 / 33,09724

2, 0,026286 / 33,11557

4, 0,0183348 / 33,13942

5, 1,523794 / 33,13942

0, 0,0434689 / 33,18288

4, 0,101339 / 33,25365

5, 0,101339 / 33,25365

0, 0,0875174 / 33,34117

2, 0,1189288 / 33,43969

1, 1,582689 / 35,02648

StartAnim : CloseEyes / 35,04275

2, 0,058981 / 35,08319

4, 0,5090046 / 35,59769

4, 0,4005769 / 36,12583

4, 1,167355 / 37,32648

4, 0,3840743 / 37,75636

5, 2,671194 / 37,75636

2, 0,0152132 / 37,7798

StartAnim : OpenEyes / 37,86765

4, 0,1112925 / 37,88572

5, 0,1112925 / 37,88572

StartAnim : StartErect / 38,16888

2, 0,3166305 / 38,21072

1, 2,987541 / 41,18458

2, 0,0643702 / 41,24542

4, 0,4067654 / 41,65425

4, 0,3854769 / 42,88205

5, 1,655176 / 42,88205

2, 0,014033 / 42,90551

4, 0,0234523 / 42,92515

5, 0,0234523 / 42,92515

0, 0,0578628 / 42,98301

StartAnim : CloseEyes / 43,00129

4, 0,0761387 / 43,02581

5, 0,0761387 / 43,02581

0, 0,0423486 / 43,06816

1, 0,6754466 / 43,72676

2, 0,0533827 / 43,7706

StartAnim : OpenEyes / 44,54241

4, 1,187476 / 44,97091

4, 2,529281 / 47,54909

5, 3,745567 / 47,54909

0, 0,0867141 / 47,63581

StartAnim : CloseEyes / 47,90524

StartAnim : OpenEyes / 50,28356

1, 2,807351 / 50,37176

StartAnim : StopTouchPenis / 50,74331

2, 0,5014032 / 50,88332

4, 0,2309263 / 51,07132

5, 0,5264531 / 51,37103

StartAnim : TouchCouchInvite / 51,70087

4, 2,012419 / 53,3869

**********------------scene6------------**********

0, 1,447106 / 0,4357903

StartAnim : OpenLegs / 0,7393245

5, 0,4735504 / 0,9595752

2, 1,132877 / 1,529708

5, 0,4711402 / 2,000076

0, 0,0567368 / 2,056813

2, 0,1485969 / 2,171899

1, 0,241033 / 2,422153

2, 0,0324473 / 2,444635

0, 0,370945 / 2,815581

2, 0,3199796 / 3,100996

5, 0,4736669 / 3,573797

2, 0,9395587 / 4,517735

0, 0,5911799 / 5,108915

2, 0,0240174 / 5,108915

5, 1,180839 / 6,274782

0, 0,4250972 / 6,699878

4, 0,0167704 / 6,699878

StartAnim : LongLook / 6,873962

StartAnim : StartTouchPenis / 6,902352

0, 0,2581185 / 6,957996

4, 1,313254 / 8,230327

5, 1,257609 / 8,230327

0, 0,3579786 / 8,588305

4, 0,5602595 / 9,150784

5, 0,5602595 / 9,150784

0, 0,0503685 / 9,201153

2, 0,8499407 / 10,03203

StartAnim : CloseEyes / 10,03203

5, 1,043952 / 10,94784

0, 0,8228062 / 11,77065

StartAnim : OpenEyes / 11,972

4, 0,6288716 / 12,35696

5, 0,6288716 / 12,35696

2, 0,0427505 / 12,41544

0, 0,0533356 / 12,46878

4, 0,100976 / 12,54687

5, 0,100976 / 12,54687

2, 0,2315914 / 12,76996

1, 0,5991675 / 13,36955

2, 0,0223706 / 13,39173

4, 1,463595 / 14,87227

5, 1,720513 / 15,11337

2, 1,041818 / 15,9295

1, 1,24319 / 17,17085

2, 1,034749 / 18,21498

0, 0,4749394 / 18,68992

2, 0,2836261 / 18,94458

StartAnim : CloseEyes / 19,21386

4, 0,5113466 / 19,4753

4, 0,1392369 / 19,63045

5, 0,6983405 / 19,63045

2, 0,0159131 / 19,65625

1, 2,000226 / 21,65546

StartAnim : OpenEyes / 21,82882

2, 2,957093 / 24,6153

StartAnim : CloseEyes / 24,64688

4, 0,5673261 / 25,17669

5, 0,5889302 / 25,20014

2, 0,4128217 / 25,61347

StartAnim : FastPenisTouch / 26,8433

StartAnim : OpenEyes / 26,95885

4, 1,285894 / 27,70372

5, 2,084357 / 27,70372

0, 0,0624393 / 27,76616

4, 0,0624393 / 27,78899

5, 0,0624393 / 27,78899

0, 0,0540037 / 27,84299

2, 0,423805 / 28,23163

0, 0,0627323 / 28,29436

StartAnim : CloseEyes / 28,61525

StartAnim : OpenEyes / 29,49836

StartAnim : CloseEyes / 31,0461

1, 2,865831 / 31,11666

0, 1,642976 / 32,75963

StartAnim : OpenEyes / 32,75963

2, 0,0452083 / 32,78927

StartAnim : PenisEjac / 33,38714

1, 1,051386 / 33,83

2, 0,0454713 / 33,89433

4, 0,0378463 / 33,91748

5, 0,0378463 / 33,91748

0, 0,3578345 / 34,27531

4, 1,761066 / 36,01179

5, 1,783499 / 36,03399

2, 0,0446295 / 36,05566

0, 0,0428442 / 36,0985

4, 0,1311193 / 36,21759

5, 0,1311193 / 36,21759

StartAnim : StopTouchPenis / 36,41362

2, 0,5120807 / 36,72657

4, 0,3132913 / 37,03273

StartAnim : DeErect / 37,24218

5, 0,5871136 / 37,31199

0, 0,9618448 / 38,27385

2, 1,284151 / 39,52959

5, 0,5153369 / 40,02876

0, 0,5421645 / 40,57092

5, 0,5678788 / 41,11342

0, 0,0463254 / 41,15974

**********------------Fin_Relaxation------------**********

