**********------------scene1------------**********

0, 0,07574759 / 0,07574759

2, 0,1544392 / 0,2197258

0, 0,1350691 / 0,3547949

3, 0,2508569 / 0,5686898

0, 0,3824685 / 0,9511582

5, 0,044272 / 0,9511582

0, 0,4166856 / 1,367844

2, 0,0293071 / 1,367844

5, 0,0758074 / 1,410916

2, 0,9678082 / 2,403585

5, 0,1303787 / 2,520729

0, 0,2301704 / 2,750899

5, 0,1554534 / 2,875695

5, 0,0364993 / 2,954509

2, 1,162274 / 3,953165

0, 0,2515786 / 4,204744

2, 0,0420741 / 4,204744

0, 1,781928 / 5,986673

1, 0,0403449 / 5,986673

2, 0,2149172 / 6,219387

0, 2,525555 / 8,744945

2, 0,5020924 / 9,215101

0, 3,928573 / 13,14367

3, 0,1964271 / 13,31026

2, 0,4901565 / 13,7956

0, 0,8280539 / 14,62365

7, 0,1572062 / 14,73846

0, 0,07367121 / 14,81213

7, 0,1153585 / 14,89669

0, 0,0693965 / 14,96609

5, 0,0425132 / 14,96609

2, 1,137971 / 16,10801

5, 0,0308322 / 16,14048

4, 0,2624686 / 16,3814

0, 1,330526 / 17,71193

2, 0,3738982 / 18,05683

0, 1,081744 / 19,13858

2, 0,4469426 / 19,55071

0, 0,3137696 / 19,86448

2, 0,2822282 / 20,11291

0, 1,077909 / 21,19082

4, 0,0275726 / 21,19082

0, 0,0743849 / 21,26521

4, 0,1633927 / 21,37978

0, 0,09556399 / 21,47535

4, 0,2291453 / 21,69377

0, 0,0604624 / 21,75423

2, 1,061269 / 22,79206

0, 0,2787559 / 23,07081

2, 0,5818534 / 23,61186

0, 0,5943786 / 24,20624

2, 1,170592 / 25,32629

0, 0,3034229 / 25,62971

1, 0,5455772 / 26,15442

0, 0,3162708 / 26,47069

2, 0,2445352 / 26,68846

1, 0,0644499 / 26,71539

2, 0,9358993 / 27,66603

0, 0,0933513 / 27,75938

4, 0,0933513 / 27,78774

0, 0,089047 / 27,87679

4, 0,0555507 / 27,91079

2, 0,2438862 / 28,17443

0, 0,6316233 / 28,80606

3, 0,0381654 / 28,80606

0, 0,4854663 / 29,29152

3, 0,0408796 / 29,29152

0, 0,18374 / 29,47526

3, 0,0880774 / 29,91732

4, 0,475292 / 29,91732

0, 0,107406 / 30,02473

4, 0,0312235 / 30,02473

0, 0,3958094 / 30,42054

3, 0,0388349 / 30,42054

0, 0,290201 / 30,71074

3, 0,0317729 / 30,71074

0, 0,1524049 / 30,86314

3, 0,0374854 / 30,86314

0, 0,1397471 / 31,00289

5, 0,0348431 / 31,00289

2, 0,5188458 / 31,50589

0, 2,929002 / 34,43489

5, 0,1250326 / 34,50988

0, 0,0694726 / 34,57936

5, 0,105761 / 34,68928

0, 0,4784896 / 35,16777

1, 0,1119215 / 35,23485

0, 0,0957076 / 35,33056

2, 0,0957076 / 35,3629

0, 0,2883252 / 35,65122

1, 0,4017246 / 36,02263

2, 0,313174 / 36,33677

5, 0,150148 / 36,46637

2, 0,055786 / 36,54084

0, 0,5555009 / 37,09634

5, 0,5690032 / 37,62748

2, 2,176202 / 39,80697

0, 0,1095237 / 39,9165

4, 0,0448452 / 39,9165

0, 0,4550372 / 40,37154

3, 0,074914 / 40,40905

0, 0,0711895 / 40,48024

3, 0,0420897 / 40,48024

0, 0,1069901 / 40,58723

2, 0,2706074 / 40,80187

0, 0,6032696 / 41,40514

2, 0,1995811 / 41,55128

0, 0,4834588 / 42,03473

2, 0,6252139 / 42,60811

0, 0,112491 / 42,7206

5, 0,1793991 / 42,86761

2, 0,706713 / 43,58169

5, 0,1544286 / 43,72144

2, 0,2282306 / 43,89316

5, 0,1410369 / 43,99249

2, 0,1161614 / 44,11489

5, 0,0213627 / 44,11489

0, 0,0934172 / 44,20831

2, 0,2438756 / 44,43528

4, 0,2565494 / 44,71619

2, 0,2646462 / 44,94311

5, 0,049374 / 44,94311

0, 0,9088602 / 45,85197

5, 0,4326643 / 46,25034

0, 0,0573911 / 46,30773

4, 0,0292206 / 46,30773

0, 0,0722342 / 46,37997

4, 0,0722342 / 46,43151

5, 0,0308743 / 46,43151

2, 0,3563182 / 46,77976

0, 0,6026986 / 47,38246

7, 0,2324968 / 47,55557

0, 0,0817003 / 47,63727

7, 0,0817003 / 47,6856

0, 1,148931 / 48,83453

7, 0,1214222 / 48,91212

0, 0,0726417 / 48,98476

7, 0,0726417 / 49,02431

0, 5,969774 / 54,9941

1, 0,0331228 / 54,9941

2, 0,7434331 / 55,73942

0, 0,129187 / 55,86861

2, 0,250181 / 56,06696

0, 0,091172 / 56,15813

2, 0,0372979 / 56,15813

5, 0,0914409 / 56,23387

2, 0,0712669 / 56,30928

0, 0,0928287 / 56,40211

2, 0,2076785 / 56,57393

StartAnim : touchMagazine / 58,91111

0, 2,778945 / 59,35286

5, 0,1317019 / 59,45812

4, 0,2962367 / 59,6736

0, 0,4621973 / 60,1358

4, 0,4025311 / 60,50767

0, 1,452782 / 61,96045

4, 0,2585188 / 62,17997

2, 0,7274004 / 62,89563

5, 0,0308595 / 62,93631

0, 0,0863497 / 63,02266

4, 0,0863497 / 63,08707

5, 0,0644055 / 63,11591

4, 0,0288417 / 63,14815

5, 0,0645437 / 63,22477

0, 0,2126953 / 63,43747

5, 0,0593559 / 63,47218

0, 0,159122 / 63,6313

5, 0,031283 / 63,6313

0, 0,1757073 / 63,80701

4, 0,0982915 / 63,8741

0, 0,1173852 / 63,99148

4, 0,0217107 / 63,99148

0, 0,1901937 / 64,18167

4, 0,0759064 / 64,2184

0, 0,1176938 / 64,3361

4, 0,0424774 / 64,3361

0, 0,0913423 / 64,42744

4, 0,3134337 / 64,67722

0, 0,1233744 / 64,8006

5, 0,0890128 / 64,8342

2, 0,579616 / 65,42222

0, 0,2849932 / 65,70721

2, 0,3714211 / 66,02113

0, 0,4000351 / 66,42117

2, 0,2673792 / 66,66382

5, 0,0386977 / 66,70457

**********------------scene2------------**********

0, 1,293131 / 0,1205564

2, 0,2187208 / 0,3068857

0, 2,723625 / 3,030511

2, 0,3581962 / 3,3475

5, 0,1140685 / 3,459656

0, 0,2683559 / 3,728013

2, 0,5011823 / 4,178562

0, 0,3090792 / 4,487641

2, 0,3866018 / 4,83559

0, 0,3371148 / 5,172705

5, 0,1369246 / 5,249185

5, 0,0974321 / 5,374705

2, 0,352461 / 5,475451

0, 0,3159354 / 5,791387

2, 2,358764 / 8,11639

4, 0,1630886 / 8,284533

0, 0,0633095 / 8,347842

4, 0,0295006 / 8,347842

0, 0,1708006 / 8,518642

2, 0,4847009 / 8,979084

0, 0,2525339 / 9,231617

2, 0,2073338 / 9,420071

0, 1,44322 / 10,86329

2, 0,4614878 / 11,30491

0, 1,156827 / 12,46174

2, 0,0284251 / 12,46174

5, 0,1017069 / 12,53334

2, 0,0755588 / 12,64152

5, 0,0634524 / 12,67211

2, 0,7369442 / 13,41729

0, 0,481439 / 13,89873

2, 0,2309997 / 14,10849

0, 1,697993 / 15,80648

2, 0,2566057 / 16,02563

0, 0,707085 / 16,73272

2, 0,0715264 / 16,77568

0, 0,0889306 / 16,86461

2, 0,3374047 / 17,14994

1, 0,080468 / 17,23537

2, 0,3130392 / 17,54996

0, 0,1211806 / 17,67114

3, 0,0450904 / 17,67114

0, 0,1987521 / 17,8699

2, 0,0614266 / 17,8699

0, 0,0780526 / 17,94795

1, 0,6321107 / 18,53239

0, 0,0875284 / 18,61992

1, 0,0875284 / 18,66392

0, 0,08161379 / 18,74554

1, 0,4710677 / 19,17665

0, 0,4426102 / 19,61926

1, 0,0932273 / 19,68549

0, 0,2157304 / 19,90121

5, 0,0305424 / 19,90121

2, 0,0709244 / 19,9414

0, 0,1217307 / 20,06313

3, 0,1023617 / 20,1312

0, 0,2013119 / 20,33251

2, 0,321864 / 20,62822

1, 0,5563476 / 21,19466

2, 0,3827371 / 21,57038

0, 0,46411 / 22,03449

3, 0,0309325 / 22,03449

0, 0,537267 / 22,57176

3, 0,0380542 / 22,57176

0, 0,0855935 / 22,65736

2, 0,7873289 / 23,39002

0, 1,239072 / 24,62909

2, 1,381603 / 25,95764

0, 0,346018 / 26,30366

2, 0,931447 / 27,21745

0, 0,2017484 / 27,4192

3, 0,0286463 / 27,4192

0, 0,6822969 / 28,1015

2, 0,3369319 / 28,39162

0, 0,1541105 / 28,54573

3, 0,3973604 / 28,90243

0, 0,2718089 / 29,17424

5, 0,0419685 / 29,55161

2, 0,6485134 / 29,79014

3, 0,3516745 / 30,13084

0, 0,4568889 / 30,58773

2, 0,4395732 / 30,98727

0, 0,4744399 / 31,46172

2, 0,4893895 / 31,92665

0, 0,0760542 / 32,0027

2, 0,4911019 / 32,44187

0, 0,5038479 / 32,94571

2, 0,0462757 / 32,94571

0, 0,872549 / 33,81826

2, 0,7584255 / 34,54593

0, 0,0714607 / 34,61739

2, 0,0355332 / 34,61739

1, 0,1675149 / 34,78705

0, 0,4483585 / 35,23541

2, 0,0613919 / 35,27275

1, 0,0373459 / 35,30612

0, 0,2944463 / 35,60057

2, 0,1194068 / 35,67326

0, 0,3839591 / 36,05722

1, 0,0537659 / 36,26748

2, 0,2789096 / 36,30507

0, 0,7849009 / 37,08997

2, 0,3205571 / 37,38694

0, 0,8565886 / 38,24353

2, 0,2320717 / 38,48289

4, 0,0635211 / 38,5159

5, 0,096523 / 38,5484

0, 0,08135881 / 38,62976

4, 0,0420527 / 38,62976

4, 0,0216403 / 38,74533

StartAnim : shortLook / 38,81596

2, 0,0230387 / 38,95813

5, 0,4865527 / 39,07002

**********------------scene3------------**********

2, 2,186046 / 0,0304039

3, 0,1987535 / 0,2303229

0, 0,5067041 / 0,737027

3, 0,2768652 / 0,9713059

0, 0,3984527 / 1,369758

3, 0,5651765 / 1,915106

0, 0,0528007 / 1,967906

2, 0,1018352 / 2,032785

0, 0,3971693 / 2,429955

3, 0,0836612 / 2,482666

0, 0,3169765 / 2,799642

1, 0,0245374 / 2,799642

0, 0,1431308 / 2,942773

1, 0,1114522 / 3,030246

0, 0,367863 / 3,398108

3, 0,0245991 / 3,398108

0, 0,2007994 / 3,598908

1, 0,0927534 / 3,652094

0, 0,4879786 / 4,140073

3, 0,0316803 / 4,140073

0, 0,3423509 / 4,482424

2, 0,1699115 / 4,630722

0, 0,3092497 / 4,939972

4, 0,4853106 / 5,397799

0, 0,0552168 / 5,453015

4, 0,0552168 / 5,483455

2, 0,3295885 / 5,812998

0, 0,6016507 / 6,414649

5, 0,0852384 / 6,489392

0, 0,0773127 / 6,566705

4, 0,0303891 / 6,566705

5, 0,2609833 / 6,827787

0, 0,0782001 / 6,905987

5, 0,0782001 / 6,930141

4, 0,2200629 / 7,155301

0, 0,483868 / 7,63917

1, 0,0274265 / 7,63917

2, 0,256269 / 7,897596

0, 0,3861626 / 8,28376

2, 0,4168376 / 8,654132

0, 0,08355661 / 8,737688

4, 0,3989258 / 9,118256

0, 0,8512419 / 9,969497

4, 0,3125409 / 10,25377

3, 0,0571094 / 10,31565

0, 0,6505275 / 10,96618

3, 0,0222209 / 10,96618

0, 0,3731233 / 11,3393

3, 0,4328366 / 11,73946

0, 0,4278104 / 12,16727

5, 0,0491327 / 12,20419

0, 0,0479655 / 12,25215

5, 0,0793653 / 12,3141

0, 0,0744626 / 12,38856

4, 0,0929214 / 12,42754

0, 0,0544402 / 12,48198

4, 0,1612534 / 12,60113

0, 0,0832922 / 12,68442

4, 0,2234897 / 12,88229

0, 0,0561922 / 12,93848

4, 0,4028193 / 13,31866

2, 0,1637586 / 13,59602

2, 0,0255343 / 13,80071

5, 0,5754392 / 13,88657

2, 0,0569466 / 13,91452

0, 0,2291054 / 14,14363

2, 1,052919 / 15,16924

4, 0,112252 / 15,28309

0, 0,0898909 / 15,37298

4, 0,3161076 / 15,65399

0, 0,0568331 / 15,71082

5, 0,0568331 / 15,73991

2, 0,1179146 / 15,82736

2, 0,0225191 / 15,98966

5, 0,2022385 / 15,98966

1, 0,0979269 / 16,07041

0, 0,0561455 / 16,12656

2, 0,2848592 / 16,38348

0, 0,2923296 / 16,67581

1, 0,0230468 / 16,67581

0, 0,1412304 / 16,81704

2, 0,3151713 / 17,10044

0, 0,1957523 / 17,2962

2, 0,7237906 / 18,00974

0, 0,6616217 / 18,67136

4, 0,0279396 / 18,67136

0, 0,4854192 / 19,15678

2, 0,4873124 / 19,6106

1, 0,0278956 / 19,6393

2, 0,7472433 / 20,38726

0, 1,8212 / 22,20846

2, 0,3382519 / 22,52457

0, 0,6008969 / 23,12547

2, 1,081362 / 24,18089

0, 0,0918877 / 24,27278

5, 0,684656 / 24,93734

4, 0,1230732 / 25,04609

0, 0,0791186 / 25,1252

4, 0,0580893 / 25,15652

2, 1,314515 / 26,4735

0, 0,2001589 / 26,67366

2, 1,486441 / 28,12671

0, 0,1037237 / 28,23044

4, 0,3835711 / 28,56575

0, 0,0634703 / 28,62922

5, 0,5528635 / 29,13721

0, 0,184764 / 29,32197

4, 0,0488535 / 29,32197

0, 0,1175636 / 29,43954

3, 0,0284959 / 29,43954

0, 0,3060556 / 29,74559

5, 0,024102 / 29,74559

0, 0,6208623 / 30,36646

2, 0,4008735 / 30,74401

0, 0,2872682 / 31,03127

5, 0,0435066 / 31,03127

0, 0,1386864 / 31,16996

2, 0,3404235 / 31,48178

5, 0,0547039 / 31,54

5, 0,062877 / 31,74259

2, 0,3748479 / 31,88733

5, 0,0326245 / 31,88733

0, 0,0491664 / 31,9365

3, 0,1925978 / 32,12982

0, 0,1121569 / 32,24197

3, 0,1478657 / 32,35822

5, 0,1150755 / 32,43885

2, 0,0866807 / 32,49602

5, 0,1111929 / 32,61046

3, 0,0580972 / 32,6705

StartAnim : armStretch / 32,80898

0, 0,3693447 / 33,03984

5, 0,0603817 / 33,07088

5, 0,0617457 / 33,20131

2, 0,7127287 / 33,75686

0, 0,0515221 / 33,80838

4, 0,0838199 / 34,78201

2, 1,130987 / 34,90181

4, 0,0624822 / 34,92598

0, 0,4533255 / 35,3793

5, 0,0282811 / 35,3793

2, 1,173697 / 36,55369

0, 0,3995217 / 36,95321

StartAnim : longLook / 37,09399

StartAnim : handSalute / 37,41007

2, 1,061353 / 37,98248

0, 0,0552124 / 38,03769

4, 0,6892775 / 38,69625

0, 0,0765862 / 38,77284

4, 0,5004063 / 39,22801

0, 0,052232 / 39,28024

1, 0,052232 / 39,31532

2, 0,3174666 / 39,62894

0, 0,8514242 / 40,48036

2, 0,0513839 / 40,52999

0, 0,0554503 / 40,58545

4, 0,4495044 / 41,01142

0, 0,133374 / 41,14479

4, 0,3092331 / 41,4121

0, 0,0580982 / 41,4702

StartAnim : faceSmile / 41,58633

2, 0,0592488 / 41,86983

5, 1,140074 / 42,57907

5, 0,1876826 / 43,12843

2, 0,6520206 / 43,21201

5, 0,5664672 / 43,72718

4, 0,0322853 / 43,75288

6, 0,0257004 / 43,77897

0, 1,316104 / 45,09508

5, 0,0313245 / 45,09508

0, 0,0873222 / 45,1824

4, 0,167402 / 45,32654

0, 0,0538897 / 45,38043

4, 0,2819146 / 45,63619

5, 0,278336 / 45,89845

2, 0,5168917 / 46,17881

0, 0,0589568 / 46,23777

4, 0,2031992 / 46,41319

0, 0,0562341 / 46,46942

4, 0,0562341 / 46,49621

2, 0,7421432 / 47,23726

0, 0,4872154 / 47,72448

2, 0,0558362 / 47,75576

5, 0,2581198 / 48,01168

4, 0,0290782 / 48,03978

0, 0,1987448 / 48,23853

4, 0,150307 / 48,35358

0, 0,1632042 / 48,51678

4, 0,0338159 / 48,51678

0, 0,1544159 / 48,6712

3, 0,0637165 / 48,69579

0, 0,1736266 / 48,86941

2, 0,0240895 / 48,86941

0, 0,4266982 / 49,29611

4, 0,0864765 / 49,38671

0, 0,0401423 / 49,42685

4, 0,0191124 / 49,42685

0, 0,0554807 / 49,48233

3, 0,0279225 / 49,48233

0, 0,2331599 / 49,71549

2, 0,2306241 / 49,91947

0, 0,0952856 / 50,01476

4, 0,2442455 / 50,23008

0, 0,0418838 / 50,27196

2, 0,3068922 / 50,5656

0, 0,4314331 / 50,99703

2, 0,2611085 / 51,22464

5, 0,0266024 / 51,25362

4, 0,4468861 / 51,6955

0, 0,0596462 / 51,75515

5, 0,3726446 / 52,09652

4, 0,0562301 / 52,15295

0, 0,0548332 / 52,20778

4, 0,1165261 / 52,29328

0, 0,0802206 / 52,3735

4, 0,1895731 / 52,51107

0, 0,4049264 / 52,916

4, 0,0308569 / 52,916

0, 0,0512588 / 52,96725

3, 0,0254457 / 52,96725

4, 0,0258131 / 53,0024

2, 0,5029773 / 53,49454

0, 0,1448237 / 53,63937

2, 0,2882215 / 53,89795

0, 0,0542632 / 53,95221

4, 0,3098012 / 54,23932

0, 0,3141081 / 54,55342

2, 0,627467 / 55,15278

0, 0,3050887 / 55,45787

2, 0,5119748 / 55,92297

0, 0,2849314 / 56,2079

5, 0,2805259 / 56,46786

2, 0,7418749 / 57,00816

0, 0,6005614 / 57,60872

2, 0,1391855 / 57,7229

0, 0,1988159 / 57,92172

StartAnim : LongLook / 58,39601

2, 0,5208288 / 58,42301

0, 0,5431174 / 58,96612

1, 0,3379304 / 59,28327

0, 0,0530581 / 59,33633

2, 0,0288228 / 59,33633

0, 0,0782877 / 59,41461

4, 0,1034899 / 59,46894

0, 0,1606804 / 59,62962

4, 0,09012561 / 59,67142

0, 0,0537008 / 59,72512

2, 0,022621 / 59,72512

0, 0,168766 / 59,89389

2, 0,0512958 / 59,92708

0, 0,395797 / 60,32288

1, 1,570685 / 61,87485

2, 0,2865205 / 62,15868

4, 0,4314893 / 62,57838

2, 0,0199217 / 62,60809

0, 0,0774567 / 62,68554

StartAnim : CaresseEntreCuisse / 62,83878

2, 0,6632919 / 63,29424

5, 0,0228672 / 63,32415

0, 0,5147784 / 63,83893

5, 0,0922506 / 63,89257

2, 0,0214643 / 63,92393

0, 0,0761277 / 64,00005

2, 0,7484139 / 64,69328

0, 0,0881376 / 64,78141

4, 0,2321592 / 64,97938

5, 0,0250343 / 65,0077

2, 0,0283182 / 65,03867

0, 0,0844124 / 65,12308

2, 0,5854307 / 65,69402

5, 0,0843338 / 65,77814

2, 0,1984039 / 65,9449

4, 0,0521854 / 66,0236

4, 0,0333028 / 66,15694

5, 0,2193129 / 66,15694

0, 0,0820604 / 66,23901

2, 0,4217485 / 66,63756

4, 0,0322405 / 66,69443

2, 0,0271457 / 66,8689

5, 0,3511763 / 67,00044

4, 0,8775414 / 67,87196

0, 0,0510485 / 67,923

4, 0,0510485 / 67,95412

StartAnim : faceSmile / 68,38271

2, 1,602206 / 69,55655

4, 0,1421771 / 69,69395

0, 0,1760712 / 69,87003

4, 0,1502678 / 70,0306

0, 0,0492699 / 70,07987

2, 1,33343 / 71,39754

1, 0,0623449 / 71,45406

2, 0,5394697 / 72,00402

**********------------scene4------------**********

0, 0,0909246 / 0,0909246

2, 0,1508341 / 0,1778398

0, 0,06505691 / 0,2428967

5, 0,0343119 / 0,2797335

5, 0,0561471 / 0,3640015

2, 0,5742628 / 0,776089

0, 0,3470181 / 1,123107

5, 0,1443712 / 1,237712

5, 0,0675803 / 1,352463

5, 0,08285519 / 2,291243

StartAnim : LongLook / 2,521181

StartAnim : HandSalute / 2,84021

2, 2,101519 / 3,219093

2, 0,0618992 / 3,363012

5, 0,2001604 / 3,419484

5, 0,0775997 / 3,549819

5, 0,0871962 / 3,683036

2, 0,3577262 / 3,750801

5, 0,1998459 / 3,893388

5, 0,0755795 / 4,094253

2, 0,4163896 / 4,266576

1, 0,032132 / 4,296167

0, 0,0566271 / 4,352794

StartAnim : SitCrossLegs / 4,708757

2, 0,7431039 / 5,062284

4, 0,0245558 / 5,106337

5, 0,186203 / 5,219237

2, 0,0521638 / 5,25155

4, 0,1348557 / 5,370236

4, 0,145211 / 5,593154

5, 0,373917 / 5,620617

2, 0,08653609 / 5,676506

4, 0,0973462 / 5,797621

2, 0,0874851 / 5,933116

5, 0,51174 / 6,195095

2, 0,4133187 / 6,609856

0, 0,0521403 / 6,661997

2, 0,3842268 / 7,017776

3, 0,0236932 / 7,038772

0, 0,0390884 / 7,077861

7, 0,0390884 / 7,108907

0, 0,052248 / 7,161155

7, 0,0270516 / 7,161155

0, 0,5450211 / 7,706176

5, 0,273044 / 7,952241

3, 0,2174057 / 7,975482

0, 0,0442547 / 8,019736

7, 0,1176268 / 8,11854

0, 0,1931349 / 8,311675

2, 0,0751691 / 8,332101

4, 0,0340385 / 8,465489

5, 0,1941022 / 8,491173

2, 0,0256837 / 8,540168

1, 0,1741391 / 8,690779

2, 0,9279193 / 9,618942

4, 0,0603559 / 9,68026

5, 0,1687627 / 9,794313

5, 0,0277699 / 9,908771

4, 0,0244429 / 9,992905

5, 0,0244429 / 9,992905

2, 0,3676697 / 10,06822

5, 0,3296671 / 10,37675

2, 0,6441719 / 11,02097

0, 0,0563581 / 11,07733

2, 0,1852294 / 11,23638

0, 0,2109942 / 11,44738

3, 0,0532412 / 11,47047

5, 0,0532412 / 11,47047

2, 0,0230887 / 11,49948

0, 0,2947189 / 11,7942

2, 0,7802563 / 12,56509

0, 0,0563403 / 12,62143

2, 0,0828555 / 12,67871

1, 0,0844717 / 12,70617

StartAnim : LongLook / 14,30668

1, 0,1135366 / 14,37517

2, 2,626542 / 15,32211

0, 0,0558318 / 15,37794

2, 0,0558318 / 15,40705

4, 0,113794 / 15,52335

5, 0,113794 / 15,52335

2, 0,031607 / 15,56816

4, 0,044812 / 15,59076

5, 0,044812 / 15,59076

0, 0,1136557 / 15,70442

7, 0,1167963 / 15,80632

0, 0,2309426 / 16,03726

7, 0,0659328 / 16,09056

0, 0,0603614 / 16,15092

7, 0,0200356 / 16,15092

0, 0,8665016 / 17,01742

2, 1,516 / 18,52001

0, 0,0570246 / 18,57704

2, 0,3287686 / 18,88075

1, 0,0598816 / 18,95387

0, 0,3662737 / 19,32014

1, 0,01253 / 19,32014

0, 0,0905269 / 19,41066

2, 0,3968444 / 19,77811

5, 0,0573669 / 19,83455

0, 0,041846 / 19,8764

5, 0,0983263 / 19,94912

0, 0,10435 / 20,05347

5, 0,0841633 / 20,10569

0, 0,1421604 / 20,24785

2, 0,1254675 / 20,33584

5, 0,173868 / 20,43919

0, 0,0635261 / 20,50271

2, 0,0687498 / 20,54927

0, 0,5722507 / 21,12153

2, 0,2868689 / 21,38013

4, 0,0292819 / 21,41117

5, 0,1320742 / 21,49934

0, 0,0790448 / 21,57839

3, 0,0953507 / 21,80836

5, 0,2818691 / 21,83653

StartAnim : EyeBlink / 21,91138

0, 0,0983389 / 21,93487

7, 0,2176643 / 22,12746

0, 0,1097781 / 22,23724

7, 0,0292047 / 22,23724

0, 0,5825107 / 22,81975

5, 0,0818796 / 22,88222

0, 0,0839343 / 22,96616

5, 0,0278985 / 22,96616

0, 0,0732976 / 23,03945

5, 0,0347923 / 23,03945

4, 0,0732976 / 23,07313

4, 0,0633808 / 23,29664

2, 1,094343 / 24,12131

0, 2,118074 / 26,23939

1, 0,0218819 / 26,23939

0, 0,0668496 / 26,30623

2, 0,0392441 / 26,30623

0, 0,3443803 / 26,65062

2, 0,3163666 / 26,9367

0, 0,61154 / 27,54823

2, 1,726234 / 29,24868

0, 0,0847263 / 29,3334

4, 0,0948525 / 29,39708

StartAnim : OpenLegs / 29,96305

2, 0,9607669 / 30,27737

0, 0,0567825 / 30,33415

4, 0,0368368 / 30,33415

5, 0,0567825 / 30,40621

0, 0,0753871 / 30,48159

5, 0,1139743 / 30,55175

0, 0,1585647 / 30,71031

4, 0,0640267 / 30,93478

5, 0,4693219 / 31,15314

2, 0,1385449 / 31,24896

2, 0,0697106 / 31,3678

5, 0,2545852 / 31,43546

5, 0,0704499 / 31,53299

2, 0,569814 / 31,96198

2, 0,0907759 / 32,22021

2, 0,0128052 / 32,47712

2, 0,0290085 / 32,60335

5, 0,825383 / 32,79217

2, 0,3267519 / 33,08024

2, 0,1020955 / 33,30574

5, 0,5322793 / 33,61866

0, 0,1183197 / 33,73698

3, 0,3810763 / 34,0778

2, 0,1781555 / 34,26541

3, 0,06832629 / 34,33165

2, 1,000048 / 35,33236

5, 0,0592239 / 35,39451

0, 0,1151569 / 35,50967

5, 0,0544719 / 35,53912

0, 0,1449297 / 35,68405

5, 0,044719 / 35,70882

0, 1,426283 / 37,13511

2, 0,5850381 / 37,68811

5, 1,152411 / 38,84916

StartAnim : touchCouchInvite / 39,00447

0, 0,2142859 / 39,06345

2, 0,0589763 / 39,09008

0, 0,4016551 / 39,49173

2, 0,090417 / 39,54943

0, 0,3117214 / 39,86116

2, 0,0315425 / 39,86116

0, 0,0644826 / 39,92564

2, 0,0498492 / 39,92564

StartAnim : FaceSmile / 40,79359

0, 3,838321 / 43,76398

4, 0,2012635 / 43,93736

0, 0,0607695 / 43,99813

4, 0,4235689 / 44,39334

0, 0,4257521 / 44,81909

4, 0,5747175 / 45,36005

0, 0,357982 / 45,71803

4, 0,2449367 / 45,96698

0, 0,0692297 / 46,03621

4, 0,0764392 / 46,07721

0, 0,0573379 / 46,13455

4, 0,0573379 / 46,16646

0, 0,3362085 / 46,50267

4, 0,2459471 / 46,73692

0, 0,1154617 / 46,85238

4, 0,0604339 / 46,87494

0, 0,185711 / 47,06065

4, 0,08622061 / 47,12331

0, 0,0679196 / 47,19123

4, 0,2869628 / 47,46012

0, 0,3155652 / 47,77569

4, 0,0304053 / 47,77569

0, 0,1727486 / 47,94844

4, 0,0304017 / 47,94844

0, 3,960371 / 51,90882

2, 0,2884596 / 52,16467

**********------------scene5------------**********

4, 0,1960935 / 0,0267251

1, 0,1315235 / 0,143309

2, 1,125012 / 1,282658

0, 0,0861842 / 1,368842

2, 0,2868168 / 1,625902

0, 0,0604367 / 1,686339

2, 0,1162156 / 1,768245

1, 0,1040649 / 1,85904

2, 0,4869618 / 2,310654

1, 0,0260245 / 2,3402

2, 1,215851 / 3,553911

0, 0,9870371 / 4,540949

2, 0,0206387 / 4,540949

1, 0,0574326 / 4,617994

2, 0,2575055 / 4,847705

4, 0,7267061 / 5,584907

5, 0,7267061 / 5,584907

2, 0,0640382 / 5,644779

0, 0,0877674 / 5,732546

2, 0,1266338 / 5,848044

1, 0,0316508 / 5,903247

0, 1,30655 / 7,209796

2, 0,4995508 / 7,683962

5, 0,0448148 / 7,73139

2, 0,1634493 / 7,869195

5, 0,0217835 / 7,898073

3, 0,0288786 / 7,923961

0, 0,3223308 / 8,246294

2, 0,0621169 / 8,268768

0, 0,8591092 / 9,127875

2, 0,2704957 / 9,381314

4, 0,0957756 / 9,469694

2, 0,0165099 / 9,517573

4, 0,128986 / 9,626213

5, 0,2412715 / 9,626213

2, 0,0275338 / 9,65929

StartAnim : ShortLook / 9,65929

4, 0,08597919 / 9,739063

5, 0,08597919 / 9,739063

2, 0,7427499 / 10,48475

0, 0,0748328 / 10,55958

2, 0,0300616 / 10,55958

7, 0,0447712 / 10,59139

StartAnim : FaceSmile / 10,62053

0, 0,6761661 / 11,26756

7, 0,6540741 / 11,89956

0, 0,543887 / 12,44345

2, 0,0445019 / 12,46983

1, 0,0742744 / 12,53515

2, 0,0432423 / 12,58556

0, 0,0604693 / 12,64603

1, 0,0604693 / 12,66803

2, 0,0504578 / 12,73282

1, 0,8324397 / 13,55183

2, 1,025469 / 14,57147

0, 0,1170019 / 14,68847

1, 0,1148976 / 14,7515

0, 0,0467392 / 14,79824

1, 0,0234982 / 14,79824

2, 0,3512059 / 15,15273

1, 0,1562203 / 15,30915

2, 0,5870499 / 15,89867

4, 0,0291973 / 15,99711

5, 0,0291973 / 15,99711

4, 0,0390705 / 16,1114

2, 1,282286 / 17,19703

1, 0,016072 / 17,21599

2, 0,1416314 / 17,35458

0, 0,1135847 / 17,46816

2, 0,3707569 / 17,81376

1, 0,018233 / 17,84006

0, 0,0432456 / 17,88331

1, 0,1580728 / 18,02555

1, 0,197263 / 18,66645

StartAnim : OpenLegs / 20,10894

2, 2,461945 / 20,46552

3, 0,1988346 / 20,69985

3, 0,1079175 / 20,89641

5, 1,296159 / 21,75513

2, 0,2745227 / 22,01025

5, 0,0774952 / 22,06791

StartAnim : TouchCouchInvite / 22,41325

StartAnim : LongLook / 22,95311

2, 0,9948761 / 23,04016

0, 0,1282089 / 23,16838

2, 0,0430273 / 23,19936

0, 0,0607751 / 23,26014

5, 0,0874093 / 23,31101

StartAnim : FaceSmile / 23,33862

0, 0,1337995 / 23,44481

5, 0,2430504 / 23,65967

2, 0,0337679 / 23,68497

0, 1,271687 / 24,95665

2, 0,2769709 / 25,20057

0, 1,910778 / 27,11134

2, 0,0684802 / 27,15273

0, 0,1408227 / 27,29355

5, 0,1106209 / 27,36968

0, 0,0389875 / 27,40867

5, 0,2048119 / 27,6009

4, 0,026404 / 27,63563

0, 0,0762292 / 27,71186

5, 0,3651358 / 28,04216

0, 0,1272406 / 28,1694

2, 0,0621645 / 28,20913

0, 0,1860316 / 28,39516

2, 0,0266464 / 28,39516

0, 0,1005547 / 28,49572

2, 0,1289162 / 28,61019

0, 0,0433368 / 28,65352

2, 0,2310532 / 28,86661

5, 0,0475439 / 28,90822

5, 0,0258517 / 28,97316

2, 0,2377722 / 29,152

5, 0,0714922 / 29,22423

2, 0,1325061 / 29,33919

5, 0,216742 / 29,46774

0, 0,1336334 / 29,60138

5, 0,1124784 / 29,69353

0, 0,0457565 / 29,73928

2, 1,232922 / 30,95205

4, 0,0860181 / 31,04006

5, 0,1136147 / 31,06722

2, 0,1004185 / 31,13845

5, 0,0712224 / 31,1724

0, 0,0517773 / 31,22418

4, 0,0417666 / 31,52581

5, 0,4920649 / 31,6836

StartAnim : PenisTouch / 31,74393

0, 0,0996274 / 31,78322

4, 0,084167 / 31,97288

2, 0,0746653 / 32,10871

4, 0,0997919 / 32,21157

2, 0,028653 / 32,26637

4, 0,0888913 / 32,35044

StartAnim : ShortLook / 32,35044

5, 0,6404606 / 32,41041

4, 0,055472 / 32,63946

2, 0,2890124 / 32,65833

4, 0,2865561 / 32,95598

5, 0,5127533 / 33,09542

0, 0,1354618 / 33,23089

2, 0,0277075 / 33,29038

5, 0,1447476 / 33,35321

0, 0,0885677 / 33,44178

2, 0,0146396 / 33,52448

2, 0,0146237 / 33,6582

5, 0,2148774 / 33,6582

0, 0,1370778 / 33,79527

2, 0,0389772 / 33,86901

4, 0,0712626 / 33,95076

5, 0,2602232 / 34,0402

2, 0,1776071 / 34,17018

2, 0,0260276 / 34,38308

4, 0,2316589 / 34,41156

5, 0,3321147 / 34,48723

StartAnim : CloseEyes / 35,0412

2, 1,0001 / 35,41214

4, 0,0855717 / 35,49568

4, 0,2132685 / 35,72659

5, 0,325767 / 35,72659

2, 0,7997209 / 36,52531

4, 0,0624706 / 36,61623

5, 0,1258537 / 36,65482

2, 0,2734624 / 36,87062

4, 0,2640923 / 37,12483

4, 0,0760658 / 37,27268

4, 0,0573373 / 37,35248

4, 0,0597353 / 37,44171

4, 0,0280126 / 37,65423

5, 0,7805135 / 37,65423

2, 0,1064112 / 37,7523

0, 0,0406809 / 37,79298

2, 0,0222025 / 37,79298

4, 0,0545923 / 37,85391

5, 0,0545923 / 37,85391

StartAnim : OpenEyes / 37,85391

0, 0,1428392 / 37,99675

StartAnim : StartErect / 38,1572

5, 0,1855833 / 38,18182

3, 0,3317175 / 38,2959

0, 0,171074 / 38,46697

5, 0,0349011 / 38,51086

3, 0,1816231 / 38,64074

5, 0,1249775 / 38,68497

0, 0,0651024 / 38,75008

5, 0,1153831 / 38,83973

0, 0,0435677 / 38,88329

5, 0,112284 / 38,97449

2, 0,2195121 / 39,21511

4, 0,0689776 / 39,2548

2, 0,0857388 / 39,37316

4, 0,0326275 / 39,4166

2, 0,0203436 / 39,45405

4, 0,0541452 / 39,65532

4, 0,0562887 / 39,81602

5, 0,9366276 / 40,12543

0, 0,0427075 / 40,16813

4, 0,0417245 / 40,2091

4, 0,0352786 / 40,25576

4, 0,0194445 / 40,39667

5, 0,501974 / 40,65429

0, 0,0538786 / 40,70816

2, 1,184765 / 41,86755

0, 0,076965 / 41,94452

2, 0,5427145 / 42,44071

4, 0,0304555 / 42,46444

4, 0,4438652 / 42,95232

StartAnim : CloseEyes / 42,99319

2, 0,0447515 / 43,04282

4, 0,131811 / 43,16656

4, 0,1076069 / 43,32362

4, 0,1725408 / 43,55089

4, 0,0648537 / 43,65112

5, 1,414996 / 43,85427

5, 0,08306351 / 43,99437

5, 0,0519241 / 44,06463

2, 0,4591802 / 44,16639

5, 0,2852753 / 44,39549

4, 0,0208712 / 44,46285

5, 0,1134687 / 44,54057

StartAnim : OpenEyes / 44,54057

2, 0,3788828 / 44,5932

0, 0,2896392 / 44,88284

2, 0,1112477 / 44,96667

0, 0,2012195 / 45,16789

5, 0,2261606 / 45,36565

5, 0,1475586 / 45,53791

2, 0,5397639 / 45,68253

2, 0,0990364 / 45,95288

5, 0,4827137 / 46,05343

2, 0,266369 / 46,28384

4, 0,0579752 / 46,34988

5, 0,0835657 / 46,38623

2, 0,0982594 / 46,44165

2, 0,0175443 / 46,50762

4, 0,0257783 / 46,53165

2, 0,0201895 / 46,66626

4, 0,0426712 / 46,70816

4, 0,0219002 / 46,76662

5, 0,3440746 / 46,81459

2, 0,5090517 / 47,20885

4, 0,1421655 / 47,34266

2, 0,0507755 / 47,40895

5, 0,2267516 / 47,40895

0, 0,0594786 / 47,46843

4, 0,0594786 / 47,49921

5, 0,1617629 / 47,59616

StartAnim : CloseEyes / 47,88542

2, 1,280732 / 48,79959

4, 0,129542 / 48,9577

5, 0,129542 / 48,9577

2, 0,1465604 / 49,04078

2, 0,0431057 / 49,18248

4, 0,2307226 / 49,26545

2, 0,0432948 / 49,30816

5, 0,2740174 / 49,30816

0, 0,0748626 / 49,38302

4, 0,0478612 / 49,40715

2, 0,0431318 / 49,45132

5, 0,09099299 / 49,45132

0, 0,0576761 / 49,509

2, 0,0576761 / 49,52956

1, 0,07693329 / 49,60069

0, 0,0390078 / 49,6397

StartAnim : OpenEyes / 50,26551

StartAnim : StopTouchPenis / 50,72576

2, 1,215373 / 50,83966

4, 0,0459328 / 50,88236

2, 0,0389676 / 51,00438

4, 0,0835201 / 51,2115

5, 0,3954494 / 51,24318

StartAnim : TouchCouchInvite / 51,68158

2, 0,5272418 / 51,7665

5, 0,1727947 / 51,92923

0, 0,6363485 / 52,56557

5, 0,0595759 / 52,61164

0, 0,0540962 / 52,66574

3, 0,0268101 / 52,66574

5, 0,0773025 / 52,75144

2, 0,5572455 / 53,21085

0, 0,6564001 / 53,86725

1, 0,0123375 / 53,86725

0, 0,0574113 / 53,92466

2, 0,1958527 / 54,07499

0, 0,13782 / 54,21281

**********------------scene6------------**********

2, 0,2289488 / 0,0261567

1, 0,0832115 / 0,1127864

0, 0,0602793 / 0,1730657

5, 0,122878 / 0,5100745

StartAnim : OpenLegs / 0,6841165

5, 0,0600851 / 0,7129259

5, 0,0857908 / 0,8548056

2, 0,7420193 / 0,8841798

5, 0,2583354 / 1,141947

0, 0,0574719 / 1,199419

5, 0,1423406 / 1,308756

0, 0,0912469 / 1,400003

5, 0,1157724 / 1,483291

3, 0,2175217 / 1,688131

5, 0,1092531 / 1,738477

3, 0,0292891 / 1,768378

0, 0,1340187 / 1,902397

5, 0,0283144 / 1,902397

0, 0,1417375 / 2,044135

5, 0,1377762 / 2,130642

2, 0,1673608 / 2,245345

5, 0,136635 / 2,331848

2, 0,4280238 / 2,728657

5, 0,1461233 / 2,867538

0, 0,2710245 / 3,138562

5, 0,0870043 / 3,184255

2, 0,5443085 / 3,710128

0, 0,3173973 / 4,027525

2, 0,7587386 / 4,768415

0, 1,431943 / 6,200359

4, 0,0270508 / 6,200359

5, 0,0270508 / 6,200359

0, 0,0682776 / 6,268637

StartAnim : LongLook / 6,853715

StartAnim : StartTouchPenis / 6,874292

2, 0,6739325 / 6,89505

5, 0,0940532 / 6,999465

2, 0,1319582 / 7,067658

0, 0,0459357 / 7,113594

4, 0,0213715 / 7,113594

2, 0,0245642 / 7,143509

5, 0,07585099 / 7,167175

0, 0,0427967 / 7,209972

4, 0,077274 / 7,296522

5, 0,1604531 / 7,359076

0, 0,100029 / 7,459105

5, 0,07634971 / 7,482162

0, 0,0703739 / 7,552536

5, 0,0703739 / 7,576571

0, 0,5915866 / 8,168158

5, 0,2325324 / 8,367189

0, 0,0866179 / 8,453808

5, 0,0886512 / 8,525705

0, 0,2050163 / 8,730721

5, 0,160472 / 8,853436

0, 0,1146038 / 8,96804

5, 0,0236632 / 8,96804

3, 0,1421971 / 9,112449

0, 0,0587388 / 9,171187

3, 0,4450073 / 9,582509

StartAnim : CloseEyes / 10,02397

0, 0,5464093 / 10,12892

5, 0,0714651 / 10,20273

0, 0,049709 / 10,25244

3, 0,0232872 / 10,25244

4, 0,0880208 / 10,3391

5, 0,0880208 / 10,3391

0, 0,3085488 / 10,64765

4, 0,0477477 / 10,64765

5, 0,064774 / 10,67813

2, 0,4504778 / 11,12752

1, 0,1017547 / 11,22508

0, 0,1733198 / 11,3984

1, 0,2139709 / 11,59726

2, 0,325365 / 11,91272

StartAnim : OpenEyes / 11,94057

4, 0,0855456 / 11,9955

5, 0,1603458 / 12,05328

0, 0,1154095 / 12,16868

4, 0,0534231 / 12,44461

5, 0,2833084 / 12,44461

2, 0,2857074 / 12,72763

1, 0,0732304 / 12,79743

5, 0,0146012 / 13,01294

2, 0,8275267 / 13,62447

4, 0,0519399 / 13,66733

5, 0,0961872 / 13,69531

2, 0,1024126 / 13,76987

0, 0,0540648 / 13,82393

2, 0,0965621 / 13,89652

0, 0,0562844 / 13,9528

5, 0,0316267 / 13,9528

2, 0,3713664 / 14,29952

1, 0,0603193 / 14,35318

0, 0,0434521 / 14,39663

2, 0,0434521 / 14,42453

1, 0,0913924 / 14,50985

0, 0,0461717 / 14,55603

2, 0,3435641 / 14,86903

0, 0,2621592 / 15,13119

2, 0,08619229 / 15,16923

5, 0,08619229 / 15,16923

0, 0,0551111 / 15,22434

2, 0,0551111 / 15,25097

2, 0,0624063 / 15,35541

5, 0,163489 / 15,35541

0, 0,06738359 / 15,42279

5, 0,0435397 / 15,49605

2, 0,1102493 / 15,53025

0, 0,0425402 / 15,57279

2, 0,0211005 / 15,57279

5, 0,0425402 / 15,68856

2, 0,4538052 / 16,05272

4, 0,1113633 / 16,15511

5, 0,1746075 / 16,21168

0, 0,2171842 / 16,42886

4, 0,0555238 / 16,51377

5, 0,1448481 / 16,53804

0, 0,2131712 / 16,75121

5, 0,0356077 / 16,77392

0, 0,1638615 / 16,93778

3, 0,0313354 / 16,93778

0, 0,1722271 / 17,11001

1, 0,0402297 / 17,14323

2, 0,219195 / 17,35478

5, 0,0935459 / 17,44059

0, 0,0598737 / 17,50047

5, 0,5840679 / 18,04187

2, 0,1431774 / 18,2026

5, 0,3172309 / 18,50826

0, 0,072852 / 18,58111

5, 0,0492037 / 18,60309

0, 0,0489458 / 18,65204

5, 0,0954297 / 18,72509

0, 0,3419132 / 19,06701

5, 0,1038185 / 19,17438

StartAnim : CloseEyes / 19,17438

2, 0,0814961 / 19,22573

1, 0,0767457 / 19,31059

2, 0,2714115 / 19,5861

1, 0,3679433 / 19,95386

0, 0,0759428 / 20,0298

1, 0,0759428 / 20,05447

0, 0,0839687 / 20,13844

2, 0,2681004 / 20,38266

5, 0,0282061 / 20,38266

0, 0,1487193 / 20,53138

2, 0,4586985 / 20,86535

0, 0,043615 / 20,90897

1, 0,1333032 / 21,0224

2, 0,2759275 / 21,28848

0, 0,26428 / 21,55276

4, 0,1182826 / 21,6874

5, 0,1413977 / 21,6874

StartAnim : OpenEyes / 21,82242

0, 0,1997964 / 21,88719

5, 0,0647743 / 21,90718

0, 0,0465544 / 21,95374

5, 0,0915764 / 22,02447

2, 1,32893 / 23,35672

0, 0,331748 / 23,68847

2, 0,0292579 / 23,68847

0, 0,1798295 / 23,8683

2, 0,07145 / 23,92417

4, 0,0374307 / 24,08579

4, 0,0565595 / 24,22985

5, 0,332351 / 24,25326

0, 0,0567345 / 24,31

5, 0,0808842 / 24,35076

0, 0,1679781 / 24,51874

5, 0,0293138 / 24,51874

StartAnim : CloseEyes / 24,62257

0, 0,1325948 / 24,65133

5, 0,0511045 / 24,67047

0, 0,1537081 / 24,82417

5, 0,105652 / 24,88956

0, 0,392975 / 25,28254

2, 0,0243106 / 25,28254

1, 0,2210843 / 25,50033

2, 0,0377167 / 25,55682

1, 0,35795 / 25,91023

0, 0,0404192 / 25,95065

2, 0,689319 / 26,62444

5, 0,0528734 / 26,68669

0, 0,1131884 / 26,79988

5, 0,0444906 / 26,89617

StartAnim : FastPenisTouch / 26,89617

StartAnim : OpenEyes / 26,96243

0, 0,2543352 / 27,15051

5, 0,07664961 / 27,20291

0, 0,08298419 / 27,28589

4, 0,0287637 / 27,28589

5, 0,1147807 / 27,37071

0, 0,2453569 / 27,61607

5, 0,0185031 / 27,61607

0, 0,1110651 / 27,72713

5, 0,0948757 / 27,81539

0, 0,0947983 / 27,91018

5, 0,1154308 / 27,9966

0, 0,2123514 / 28,20895

2, 0,3706957 / 28,55725

4, 0,0315554 / 28,61849

5, 0,0315554 / 28,61849

StartAnim : CloseEyes / 28,61849

3, 0,0612332 / 28,6736

0, 0,09526271 / 28,76886

3, 0,097606 / 28,87348

0, 0,1501366 / 29,02361

5, 0,0302427 / 29,02361

StartAnim : OpenEyes / 29,48691

2, 0,6407983 / 29,6678

StartAnim : CloseEyes / 31,00855

1, 1,367597 / 31,03161

2, 0,0753777 / 31,11262

4, 0,0569529 / 31,169

4, 0,054923 / 31,28618

4, 0,3159088 / 31,6528

5, 0,6534693 / 31,72422

0, 0,2998149 / 32,02404

4, 0,0547516 / 32,05381

5, 0,0547516 / 32,05381

3, 0,076775 / 32,11007

4, 0,0092491 / 32,13737

4, 0,0554906 / 32,23889

5, 0,1380704 / 32,26571

0, 0,2762817 / 32,54198

StartAnim : OpenEyes / 32,74099

2, 0,452226 / 32,97

1, 0,0301411 / 33,00774

0, 0,0440632 / 33,0518

1, 0,0440632 / 33,08871

0, 0,0843159 / 33,17303

StartAnim : PenisEjac / 33,34069

2, 0,2313439 / 33,38632

1, 0,4125197 / 33,77091

2, 0,0454817 / 33,82495

4, 0,0262554 / 33,85255

5, 0,0538585 / 33,88655

3, 0,0868174 / 33,9366

0, 0,0799931 / 34,01659

3, 0,4191582 / 34,38573

0, 0,0821303 / 34,46786

3, 0,3693261 / 34,7987

0, 0,0881068 / 34,88681

3, 0,1445898 / 34,99721

0, 0,2565236 / 35,25373

4, 0,1150432 / 35,33744

5, 0,1150432 / 35,33744

3, 0,2846796 / 35,62442

0, 0,4430043 / 36,06742

StartAnim : StopTouchPenis / 36,37212

2, 0,758663 / 36,79756

5, 0,1143988 / 36,90823

2, 0,0757986 / 36,95459

0, 0,0608106 / 37,0154

StartAnim : DeErect / 37,21249

2, 0,728416 / 37,71376

0, 0,0567419 / 37,7705

2, 0,0567419 / 37,80399

0, 0,0469155 / 37,85091

2, 0,163143 / 37,99755

0, 0,0570024 / 38,05455

2, 0,6683686 / 38,68334

1, 0,1585391 / 38,87272

2, 0,1741011 / 39,02196

2, 0,0118584 / 39,12766

5, 0,2416852 / 39,26645

2, 1,549493 / 40,72434

5, 0,0910772 / 40,82423

0, 0,4297961 / 41,25403

2, 0,0258283 / 41,25403

1, 0,0831415 / 41,34045

0, 0,0577608 / 41,39822

**********------------Fin_Relaxation------------**********

