**********------------scene1------------**********

0, 0,8870437 / 0,8870437

3, 0,08447079 / 0,9272175

0, 0,50351 / 1,430727

2, 0,0390612 / 1,430727

1, 0,6719213 / 2,110889

2, 0,474532 / 2,57929

3, 0,0351521 / 2,619498

0, 0,1423241 / 2,761822

3, 0,2265141 / 2,942637

2, 0,2886413 / 3,227629

0, 0,2490685 / 3,476698

1, 1,878824 / 5,313653

2, 0,4084271 / 5,731481

1, 1,542353 / 7,267342

2, 0,6221524 / 7,887252

5, 0,0396974 / 7,921522

0, 0,8301765 / 8,7517

5, 0,0308038 / 8,7517

4, 0,2838425 / 9,027169

0, 0,3982193 / 9,425389

1, 0,1477805 / 9,553561

0, 0,1302665 / 9,683828

3, 0,2629282 / 9,929004

2, 1,39399 / 11,31427

0, 0,08108141 / 11,39535

3, 0,0397515 / 11,39535

0, 0,4771632 / 11,87252

2, 0,3716802 / 12,20912

3, 0,2689968 / 12,46976

2, 0,0314918 / 12,50848

1, 0,1183613 / 12,62612

0, 0,0671508 / 12,69327

1, 1,20118 / 13,87017

2, 0,5393263 / 14,39612

1, 2,888769 / 17,29392

0, 0,1874951 / 17,48141

2, 0,6444286 / 18,09736

0, 0,9303681 / 19,02773

5, 0,0343183 / 19,02773

0, 0,381012 / 19,40874

5, 0,437195 / 19,80581

0, 0,0621756 / 19,86799

3, 0,1321095 / 19,97889

0, 1,287619 / 21,2665

2, 0,5847278 / 21,80904

1, 0,600288 / 22,41359

0, 0,1067885 / 22,52037

3, 0,4039523 / 22,88142

0, 0,2709508 / 23,15237

2, 0,0458089 / 23,15237

0, 0,0831665 / 23,23554

1, 1,325199 / 24,51282

0, 0,1082744 / 24,62109

1, 0,0790119 / 24,65428

0, 0,7824325 / 25,43671

2, 0,1278163 / 25,54499

0, 2,406624 / 27,95161

5, 0,3295201 / 28,23453

4, 0,4096754 / 28,63672

0, 0,0763039 / 28,71303

3, 0,3026761 / 28,96472

0, 0,191243 / 29,15597

3, 0,0628287 / 29,1973

0, 0,0802588 / 29,27756

3, 0,2388441 / 29,46811

4, 0,4534889 / 29,91691

2, 0,231692 / 30,15387

0, 0,2438479 / 30,39772

2, 0,1951839 / 30,55604

3, 0,0476869 / 30,59159

0, 0,4038788 / 30,99547

3, 0,2157205 / 31,18136

0, 0,3006941 / 31,48205

2, 0,0496317 / 31,48205

1, 2,44456 / 33,92052

0, 0,0668951 / 33,98742

2, 1,246924 / 35,20787

0, 0,3282613 / 35,53614

2, 0,3638934 / 35,86726

0, 0,1820882 / 36,04935

2, 1,792537 / 37,82161

0, 0,200402 / 38,02201

1, 2,004276 / 39,99161

0, 0,3160462 / 40,30765

2, 0,0333969 / 40,30765

0, 0,3138062 / 40,62145

4, 0,0315546 / 40,62145

0, 0,5732321 / 41,19468

1, 2,987615 / 44,15425

0, 0,2835503 / 44,43781

1, 8,897178 / 53,26514

2, 0,7627204 / 54,03562

1, 2,554834 / 56,5924

0, 1,812953 / 58,40537

1, 0,0294426 / 58,40537

0, 0,10426 / 58,50963

1, 0,3311686 / 58,80713

2, 0,0875832 / 58,8928

StartAnim : touchMagazine / 58,8928

5, 0,0632048 / 58,96328

2, 0,1622907 / 59,09254

4, 0,0401193 / 59,1625

5, 0,3169293 / 59,37764

0, 0,6202175 / 59,99786

2, 0,1785637 / 60,15956

1, 7,281841 / 67,43552

0, 0,1419685 / 67,57748

**********------------scene2------------**********

2, 0,3771235 / 0,0418534

0, 0,7435421 / 0,7853956

3, 0,2537239 / 1,010682

0, 0,2028011 / 1,213483

2, 0,0263672 / 1,213483

0, 0,4330826 / 1,646565

1, 0,6747312 / 2,295287

0, 0,0713637 / 2,366651

3, 0,3624439 / 2,701579

0, 1,225251 / 3,92683

1, 0,5101112 / 4,383377

0, 0,1993628 / 4,582739

1, 1,137028 / 5,690909

0, 3,238442 / 8,929354

1, 0,2847517 / 9,159398

0, 0,1290374 / 9,288435

1, 0,1295006 / 9,376125

0, 0,8262621 / 10,20239

3, 0,4418653 / 10,598

0, 0,2837204 / 10,88172

2, 0,1393851 / 10,97657

1, 0,2342574 / 11,21173

0, 0,2738528 / 11,48558

2, 0,318546 / 11,75864

5, 0,0736274 / 11,83552

2, 1,512364 / 13,29779

0, 0,4150479 / 13,71284

1, 0,270564 / 13,96232

0, 0,5239509 / 14,48627

2, 0,7259169 / 15,56893

5, 1,125287 / 15,56893

0, 0,0726852 / 15,64162

3, 0,143503 / 15,74532

0, 0,569387 / 16,31471

5, 0,0310101 / 17,07127

5, 0,0429378 / 17,15632

2, 0,9009246 / 17,19288

0, 0,2619329 / 17,45481

2, 0,0278985 / 17,45481

5, 0,0278985 / 17,45481

0, 0,1998822 / 17,6547

2, 0,1162837 / 17,76087

0, 1,15127 / 18,91214

1, 0,400705 / 19,29027

0, 1,095341 / 20,38561

1, 0,2204828 / 20,57671

0, 0,06824771 / 20,64495

2, 0,9114408 / 21,51374

0, 0,0689646 / 21,5827

3, 0,1312838 / 21,67525

0, 0,2810022 / 21,95625

3, 0,0475669 / 21,95625

0, 0,21581 / 22,17206

3, 0,55486 / 22,68425

2, 0,3972426 / 23,0714

0, 0,0584223 / 23,12982

3, 0,6982029 / 23,79765

0, 0,0557266 / 23,85338

2, 0,5020436 / 24,33747

5, 0,1057948 / 24,41274

2, 1,109133 / 25,53074

0, 0,1945698 / 25,72531

1, 0,5808616 / 26,27361

2, 0,0313674 / 26,3044

0, 0,5854451 / 26,88985

2, 0,2912413 / 27,13918

0, 0,3997363 / 27,53892

2, 0,2036858 / 27,72899

0, 0,3975454 / 28,12654

2, 0,1022469 / 28,19948

3, 0,5317646 / 28,73099

0, 2,643013 / 31,374

3, 0,3111551 / 31,64692

0, 0,4286024 / 32,07552

5, 0,221857 / 32,24265

2, 0,4060809 / 32,64661

0, 0,4405735 / 33,08719

2, 0,0380764 / 33,08719

0, 0,68839 / 33,77558

1, 4,329812 / 38,0687

2, 0,0276063 / 38,11272

0, 0,2250973 / 38,33781

StartAnim : shortLook / 38,84122

**********------------scene3------------**********

1, 2,92669 / 0,0267337

2, 1,394421 / 1,424919

0, 0,0830493 / 1,507969

1, 1,117139 / 2,593226

2, 1,140957 / 3,740137

0, 0,1428819 / 3,883019

1, 2,281905 / 6,138654

0, 0,1106106 / 6,249264

1, 1,677808 / 7,907965

0, 0,143649 / 8,051614

1, 0,8006923 / 8,824907

0, 0,5152445 / 9,340151

1, 2,626489 / 11,94042

0, 0,0830668 / 12,02349

3, 0,025906 / 12,02349

0, 0,056584 / 12,08007

3, 0,0301827 / 12,08007

0, 0,5713069 / 12,65138

2, 0,0296952 / 12,65138

0, 0,1418728 / 12,79325

1, 4,065692 / 16,83689

0, 1,285439 / 18,12233

1, 0,5402486 / 18,64054

0, 0,3002577 / 18,9408

1, 1,243577 / 20,14942

0, 0,0596642 / 20,20908

3, 0,0596642 / 20,23786

0, 0,4024903 / 20,64034

2, 1,884707 / 22,49093

0, 0,4603009 / 22,95123

2, 0,9462327 / 23,86547

1, 0,6525197 / 24,52186

0, 0,0602626 / 24,58212

2, 1,543671 / 26,0942

0, 0,0552999 / 26,1495

1, 1,087735 / 27,2087

0, 0,0619752 / 27,27068

2, 0,2006678 / 27,43472

0, 0,0679353 / 27,50265

3, 0,147139 / 27,60882

0, 0,173068 / 27,78189

2, 0,0208693 / 27,78189

1, 0,6584606 / 28,43707

0, 0,0575243 / 28,4946

2, 0,1987074 / 28,66615

0, 0,0583104 / 28,72446

5, 0,0323638 / 28,72446

0, 0,0875273 / 28,81199

5, 0,086039 / 28,86519

0, 0,0862376 / 28,95143

5, 0,0563605 / 28,98141

2, 0,4573037 / 29,43556

0, 0,3143941 / 29,74996

2, 0,3664235 / 30,09547

0, 0,1690825 / 30,26455

StartAnim : armStretch / 32,82814

1, 2,817469 / 33,04871

2, 0,5673251 / 33,62454

0, 0,7998348 / 34,42437

2, 0,0296279 / 34,42437

1, 0,7466544 / 35,16278

2, 0,8222376 / 35,99537

StartAnim : longLook / 37,10878

StartAnim : handSalute / 37,3974

1, 2,234946 / 38,2238

0, 0,0843665 / 38,30817

4, 0,3763879 / 38,65028

0, 0,1445228 / 38,7948

2, 0,2016262 / 38,96426

StartAnim : faceSmile / 41,59257

1, 12,88487 / 51,84943

0, 0,1737288 / 52,02316

1, 0,1860981 / 52,18288

2, 0,9435158 / 53,12319

0, 0,0577545 / 53,18094

1, 1,483673 / 54,63506

2, 0,1977202 / 54,8363

0, 0,254241 / 55,09054

1, 0,6881407 / 55,75351

2, 0,7143698 / 56,46474

0, 0,1163627 / 56,5811

StartAnim : LongLook / 58,40575

StartAnim : CaresseEntreCuisse / 62,86443

1, 6,515337 / 63,06385

2, 0,057735 / 63,12726

0, 0,2781097 / 63,40537

2, 0,3915966 / 63,78051

0, 0,0560867 / 63,83659

1, 2,653477 / 66,46678

2, 0,5732695 / 67,03311

1, 1,093465 / 68,122

2, 0,0213296 / 68,14883

0, 0,091231 / 68,24006

4, 0,0831459 / 68,292

0, 0,1138262 / 68,40582

StartAnim : faceSmile / 68,40582

4, 0,0574294 / 68,43469

0, 0,1723129 / 68,60701

4, 0,0597038 / 68,63476

2, 0,2003386 / 68,83921

**********------------scene4------------**********

1, 3,22561 / 0,0467713

0, 0,3717125 / 0,4184838

2, 0,8242348 / 1,218006

0, 0,1508376 / 1,368844

2, 0,0302011 / 1,368844

1, 0,3460155 / 1,70256

0, 0,0608746 / 1,763434

2, 0,661548 / 2,387731

0, 0,058916 / 2,446647

StartAnim : LongLook / 2,531116

StartAnim : HandSalute / 2,815653

1, 0,6000659 / 3,016794

5, 0,0255555 / 3,693743

2, 0,9884778 / 4,008077

1, 1,126276 / 5,11795

2, 0,7026511 / 5,831901

0, 0,2143273 / 6,046228

2, 0,051822 / 6,094398

1, 0,5653354 / 6,661221

2, 1,25427 / 7,918473

0, 0,0472524 / 7,965725

2, 0,2465423 / 8,196451

0, 0,5369449 / 8,733398

2, 0,3874596 / 9,102292

0, 0,3026237 / 9,404916

3, 0,0304072 / 9,404916

7, 0,1430074 / 9,546756

0, 0,1162565 / 9,663013

7, 0,2580751 / 9,889668

0, 0,2143877 / 10,10406

2, 0,1546016 / 10,24991

0, 0,0533559 / 10,30327

2, 0,7667406 / 11,0314

1, 1,115024 / 12,0327

2, 1,442867 / 13,45093

0, 0,2372701 / 13,6882

2, 0,2729926 / 13,94686

StartAnim : LongLook / 14,3013

1, 2,42792 / 16,37343

2, 0,8603293 / 17,23082

0, 0,4070347 / 17,63785

2, 0,1333451 / 17,74661

1, 3,382225 / 21,13171

0, 0,3000217 / 21,43173

StartAnim : EyeBlink / 21,88661

1, 2,71704 / 24,13523

2, 0,0304777 / 24,16564

0, 0,2948579 / 24,4605

2, 1,153673 / 25,57458

0, 0,1445036 / 25,71908

2, 0,1996521 / 25,88968

0, 0,3868877 / 26,27657

2, 0,3771075 / 26,63857

1, 3,239384 / 29,87767

StartAnim : OpenLegs / 29,96834

2, 1,539466 / 31,42038

1, 0,3576888 / 31,77418

5, 0,1011172 / 31,90388

2, 1,098212 / 32,85925

1, 2,429374 / 35,27732

4, 0,0258393 / 36,36129

5, 0,0663367 / 36,40686

5, 1,431606 / 38,12942

2, 3,696372 / 38,96033

StartAnim : touchCouchInvite / 38,98671

StartAnim : FaceSmile / 40,78804

1, 5,986327 / 44,95843

2, 1,797334 / 46,74157

1, 0,3005502 / 47,02795

0, 0,3448674 / 47,37283

2, 1,201376 / 48,55815

0, 0,4135089 / 48,97165

2, 0,5340132 / 49,47637

1, 1,623255 / 51,09088

0, 0,296837 / 51,38771

**********------------scene5------------**********

1, 0,9851494 / 0,0283251

0, 0,1724155 / 0,2007406

1, 0,1704948 / 0,3440264

2, 0,1997024 / 0,5446498

0, 0,0563203 / 0,6009701

2, 0,5711137 / 1,146411

1, 0,7126822 / 1,859755

2, 0,4319851 / 2,28774

1, 1,039783 / 3,314162

2, 0,2144363 / 3,531801

0, 0,2843992 / 3,8162

1, 0,9995885 / 4,799467

2, 0,2879427 / 5,088112

1, 2,269501 / 7,357745

2, 0,3836084 / 7,73091

0, 0,3415249 / 8,072435

2, 0,0157434 / 8,072435

0, 0,0858346 / 8,15827

2, 0,2713898 / 8,400142

0, 0,4018332 / 8,801976

StartAnim : ShortLook / 9,657789

StartAnim : FaceSmile / 10,6416

1, 4,384058 / 13,15551

2, 1,128401 / 14,28849

0, 0,6934977 / 14,98199

2, 0,025942 / 14,98199

1, 0,3736371 / 15,34212

2, 2,699566 / 18,06013

StartAnim : OpenLegs / 20,12918

1, 2,484475 / 20,53019

2, 0,160949 / 20,7026

0, 0,0950732 / 20,79768

2, 0,0534351 / 20,81795

5, 0,0534351 / 20,81795

0, 0,1798469 / 20,99779

5, 0,2953816 / 21,26387

5, 0,0718835 / 21,39871

3, 0,2455797 / 21,44023

0, 0,1577787 / 21,59801

3, 0,1146125 / 21,69371

5, 0,07410219 / 21,72061

5, 0,059475 / 21,8293

5, 0,0225096 / 21,91183

5, 0,1304737 / 22,10397

5, 0,0313657 / 22,19789

StartAnim : TouchCouchInvite / 22,44105

2, 1,130639 / 22,83035

StartAnim : LongLook / 22,98242

StartAnim : FaceSmile / 23,35772

1, 2,855742 / 25,6723

2, 0,0385128 / 25,71369

5, 0,0464999 / 25,78528

3, 0,5210324 / 26,2407

5, 0,1160812 / 26,35675

0, 0,1608836 / 26,51764

3, 0,0293615 / 26,51764

5, 0,0293615 / 26,51764

2, 0,0276393 / 26,55971

0, 0,1708618 / 26,73057

1, 0,045457 / 26,75574

2, 0,3868898 / 27,14378

5, 0,1815288 / 27,31426

5, 0,0207215 / 27,35617

5, 0,0818586 / 27,53057

5, 0,0437128 / 27,64812

3, 0,6118283 / 27,74145

5, 0,0275515 / 27,74145

2, 0,0121548 / 27,77332

5, 0,0891911 / 27,86688

5, 0,0585502 / 28,00199

2, 1,016145 / 28,8442

1, 1,313452 / 30,14168

2, 0,8687429 / 31,01738

1, 0,4617176 / 31,48436

2, 0,0750712 / 31,55448

StartAnim : PenisTouch / 31,74185

5, 0,5224963 / 32,08582

0, 0,0437645 / 32,12958

2, 0,0205104 / 32,12958

5, 0,2447714 / 32,35533

StartAnim : ShortLook / 32,37627

0, 0,285201 / 32,64054

2, 0,0162432 / 32,64054

0, 0,0619163 / 32,70245

5, 0,0336886 / 32,74208

0, 0,3993534 / 33,14143

2, 0,1026978 / 33,22835

1, 1,371577 / 34,59904

2, 0,0525644 / 34,6404

0, 0,057422 / 34,69782

5, 0,0793637 / 34,75785

3, 0,0414925 / 34,80592

5, 0,0480765 / 34,82639

3, 0,0434093 / 34,86813

5, 0,1100873 / 34,98592

2, 0,0265014 / 35,03997

StartAnim : CloseEyes / 35,03997

5, 0,2346854 / 35,24605

2, 0,0503397 / 35,2827

5, 0,1012647 / 35,39897

2, 0,4845215 / 35,88614

5, 0,2142122 / 36,09171

0, 0,1325053 / 36,22421

5, 0,1102015 / 36,30383

0, 0,112717 / 36,41654

2, 0,5594318 / 36,95525

StartAnim : OpenEyes / 37,88248

StartAnim : StartErect / 38,17416

1, 1,686224 / 38,64141

0, 0,2152858 / 38,85669

1, 0,5226409 / 39,37298

2, 0,0280329 / 39,39694

4, 0,0239595 / 39,41848

2, 0,0603132 / 39,6417

5, 0,3397394 / 39,7319

0, 0,0531536 / 39,78505

5, 0,2200648 / 39,99699

0, 0,1053502 / 40,10234

5, 0,0748777 / 40,15451

3, 0,0437997 / 40,19765

5, 0,1382649 / 40,34476

2, 0,087646 / 40,42606

0, 0,1586517 / 40,58471

1, 0,1988655 / 40,75438

2, 0,0238158 / 40,78675

0, 0,0541112 / 40,84086

5, 0,072188 / 40,97672

5, 0,0843864 / 41,102

3, 0,3152575 / 41,13013

0, 0,042288 / 41,17242

5, 0,2415923 / 41,39808

0, 0,1021958 / 41,50028

5, 0,9555358 / 42,44083

0, 0,0771882 / 42,51802

2, 0,09675391 / 42,58511

StartAnim : CloseEyes / 42,9989

1, 0,5822127 / 43,15635

0, 0,2150705 / 43,37142

5, 0,0685758 / 43,85936

2, 0,6543036 / 44,01564

5, 0,2655539 / 44,27117

0, 0,0445828 / 44,31575

5, 0,0445828 / 44,341

2, 0,0539865 / 44,39149

0, 0,0497486 / 44,44124

5, 0,0238852 / 44,44124

2, 0,0258634 / 44,4715

StartAnim : OpenEyes / 44,54065

StartAnim : CloseEyes / 47,90024

1, 4,973843 / 49,43945

2, 0,1850348 / 49,62497

3, 0,0468663 / 49,67091

3, 0,0205629 / 49,71181

5, 0,1116708 / 49,74429

0, 0,1542635 / 49,89855

5, 0,0475843 / 49,94107

0, 0,1575187 / 50,09859

5, 0,08178771 / 50,15871

0, 0,1272246 / 50,28594

StartAnim : OpenEyes / 50,28594

2, 0,1009496 / 50,37549

0, 0,0647619 / 50,44025

StartAnim : StopTouchPenis / 50,73336

StartAnim : TouchCouchInvite / 51,71136

1, 2,399766 / 52,81448

2, 0,0166476 / 52,84176

0, 0,5562884 / 53,39806

2, 0,1868608 / 53,55552

**********------------scene6------------**********

1, 0,8673309 / 0,0189319

0, 0,1314162 / 0,1503481

2, 0,0615409 / 0,1801246

1, 0,1987339 / 0,3780052

0, 0,0581873 / 0,4361925

2, 0,08492149 / 0,4941052

1, 0,0661976 / 0,5463285

2, 0,07916319 / 0,6350458

1, 0,0561989 / 0,6963172

StartAnim : OpenLegs / 0,6963172

0, 0,07414819 / 0,7704654

2, 0,07414819 / 0,7913207

1, 0,1346011 / 0,9407375

2, 0,2039321 / 1,142977

0, 0,0783731 / 1,22135

2, 0,0269121 / 1,22135

0, 0,064209 / 1,285559

2, 0,0876425 / 1,334472

0, 0,4858392 / 1,820311

2, 0,0866743 / 1,885152

0, 0,0503328 / 1,935484

2, 0,109021 / 2,024893

0, 0,08124439 / 2,106137

2, 0,2321268 / 2,308786

1, 0,0828533 / 2,397248

0, 0,0515462 / 2,448794

1, 0,669448 / 3,095011

2, 0,4271525 / 3,523183

0, 0,0539528 / 3,577136

2, 1,970064 / 5,522827

1, 0,4395791 / 5,94957

2, 0,5886771 / 6,546609

5, 0,0449063 / 6,590899

StartAnim : LongLook / 6,862021

StartAnim : StartTouchPenis / 6,904751

0, 1,944306 / 8,535209

2, 0,182328 / 8,678521

1, 0,0158921 / 8,696632

0, 0,09323779 / 8,78987

2, 0,0169284 / 8,78987

StartAnim : CloseEyes / 10,03591

1, 2,581688 / 11,3645

2, 0,2002472 / 11,57641

StartAnim : OpenEyes / 11,95083

0, 0,7903069 / 12,36672

2, 0,1826618 / 12,52197

1, 1,217637 / 13,75097

2, 0,5109984 / 14,2501

5, 0,0170986 / 14,27809

0, 0,7551195 / 15,03322

2, 0,3140717 / 15,31965

1, 2,285705 / 17,60599

2, 0,8923008 / 18,50344

StartAnim : CloseEyes / 19,18914

0, 0,773621 / 19,27706

2, 0,0250995 / 19,27706

1, 2,243957 / 21,53648

2, 0,3016353 / 21,83169

StartAnim : OpenEyes / 21,83169

0, 0,617643 / 22,44933

2, 0,07621969 / 22,51188

0, 0,3926674 / 22,90455

2, 0,3571524 / 23,23542

1, 0,3994424 / 23,63497

StartAnim : CloseEyes / 24,62112

2, 1,242668 / 24,87995

0, 0,6675887 / 25,54754

2, 0,0670479 / 25,59022

0, 0,6726369 / 26,26285

2, 0,1177016 / 26,38147

0, 0,0658586 / 26,44733

StartAnim : FastPenisTouch / 26,81911

StartAnim : OpenEyes / 26,96479

1, 0,7590199 / 27,1887

0, 0,8014717 / 27,99017

2, 0,0161529 / 27,99017

0, 0,0415644 / 28,03173

2, 0,1308428 / 28,14638

StartAnim : CloseEyes / 28,58973

StartAnim : OpenEyes / 29,49019

1, 1,568761 / 29,70544

2, 0,431129 / 30,14631

0, 0,1440602 / 30,29037

4, 0,043732 / 30,30939

5, 0,043732 / 30,30939

0, 0,0547005 / 30,36409

5, 0,2148624 / 30,54773

0, 0,1432917 / 30,69102

5, 0,0159559 / 30,69102

3, 0,2733126 / 30,93228

StartAnim : CloseEyes / 31,03304

0, 0,2144118 / 31,14669

3, 0,0748677 / 31,18861

0, 0,0724705 / 31,26108

3, 0,0727817 / 31,30273

0, 0,0606741 / 31,36341

2, 0,2254961 / 31,57783

0, 0,055257 / 31,63309

2, 0,5305482 / 32,13347

5, 0,0250886 / 32,15046

0, 0,2961527 / 32,44661

5, 0,0367514 / 32,47023

0, 0,2563967 / 32,72663

StartAnim : OpenEyes / 32,76358

2, 0,2750067 / 32,9912

StartAnim : PenisEjac / 33,36442

1, 0,8685157 / 33,84793

2, 0,0149941 / 33,88174

3, 0,0338138 / 33,90402

0, 0,1077309 / 34,01175

3, 0,0607212 / 34,03491

0, 0,1464483 / 34,18136

3, 0,0507011 / 34,20919

0, 0,0418818 / 34,25107

3, 0,1644919 / 34,3908

0, 0,1568933 / 34,5477

3, 0,1165244 / 34,63148

0, 1,115171 / 35,74665

StartAnim : StopTouchPenis / 36,38857

2, 1,47283 / 37,18884

StartAnim : DeErect / 37,23408

0, 0,718823 / 37,90766

2, 0,269877 / 38,16619

0, 0,7808115 / 38,94701

2, 0,0298133 / 38,94701

5, 0,0254018 / 38,97551

2, 0,2167019 / 39,18885

0, 0,4163688 / 39,60522

5, 0,0270585 / 39,60522

0, 0,2702983 / 39,87551

2, 0,5249297 / 40,36214

0, 0,0431801 / 40,40532

2, 0,0431801 / 40,43233

0, 0,0468167 / 40,47915

2, 0,1993238 / 40,64781

**********------------Fin_Relaxation------------**********

