**********------------scene1------------**********

0, 0,0850738 / 0,0850738

1, 0,3523485 / 0,4058684

0, 0,2865222 / 0,6923907

3, 0,0937037 / 0,7295831

0, 0,2970069 / 1,02659

1, 0,5765208 / 1,574406

0, 0,9520058 / 2,526411

1, 1,84394 / 4,324831

0, 0,063298 / 4,388129

1, 2,488127 / 6,852217

2, 0,0392606 / 6,887252

5, 0,2419237 / 7,107093

0, 0,5335677 / 7,64066

5, 0,0377258 / 7,64066

2, 0,1515929 / 7,799157

1, 1,095055 / 8,899893

0, 0,06823909 / 8,968132

3, 0,06823909 / 8,997736

0, 0,3335518 / 9,331286

3, 0,0355911 / 9,331286

0, 0,307469 / 9,638757

1, 2,282985 / 11,86396

0, 0,3316026 / 12,19556

1, 4,198647 / 16,3532

0, 0,06625681 / 16,41945

1, 0,0317079 / 16,41945

3, 0,0317079 / 16,41945

0, 0,0805033 / 16,49996

1, 0,2028069 / 16,65175

2, 0,9287574 / 17,5814

5, 0,3609053 / 17,9495

0, 0,5329248 / 18,48242

2, 0,0381583 / 18,48242

1, 1,277486 / 19,76741

0, 1,488183 / 21,25559

2, 0,0396445 / 21,25559

1, 0,7277164 / 21,98148

0, 0,59003 / 22,57151

1, 0,1365939 / 22,65889

0, 0,2176772 / 22,87657

1, 0,0554636 / 22,87657

0, 1,149653 / 24,02623

1, 0,0437416 / 24,02623

3, 0,0437416 / 24,02623

0, 0,7494534 / 24,77568

1, 0,4400774 / 25,18022

3, 0,0375796 / 25,21818

0, 4,581306 / 29,79949

2, 0,3144096 / 30,07077

0, 1,000146 / 31,07092

2, 0,0422724 / 31,07092

1, 0,5455607 / 31,61559

2, 0,0443427 / 31,65506

5, 0,7355365 / 32,38425

0, 0,0698482 / 32,4541

3, 0,3012973 / 32,72585

4, 0,0403026 / 32,75563

5, 0,0403026 / 32,75563

0, 0,7112315 / 33,46685

5, 0,0449782 / 33,46685

2, 0,0393154 / 33,5176

1, 1,414416 / 34,90735

0, 0,7451892 / 35,65253

1, 0,484102 / 36,09209

0, 0,8480337 / 36,94012

1, 1,171235 / 38,07061

0, 4,098613 / 42,16922

1, 0,4485431 / 42,57671

0, 0,8834552 / 43,46016

2, 0,0420968 / 43,46016

1, 0,5693454 / 44,02332

0, 0,3078034 / 44,33112

1, 0,0446681 / 44,33112

0, 0,220828 / 44,55196

1, 0,1875517 / 44,72678

0, 0,1576379 / 44,88442

1, 0,7314101 / 45,59792

2, 0,8429658 / 46,44117

0, 1,116293 / 47,55746

4, 0,3713906 / 47,88482

0, 0,09460469 / 47,97942

1, 1,521833 / 49,48404

0, 0,089743 / 49,57378

2, 1,00046 / 50,53039

0, 0,1848104 / 50,7152

2, 0,0355454 / 50,7152

0, 0,9145997 / 51,6298

1, 0,6229658 / 52,21443

0, 2,721805 / 54,93621

4, 0,0694439 / 55,13284

5, 0,3325556 / 55,21381

StartAnim : touchMagazine / 58,93415

0, 4,727811 / 59,94161

5, 0,0866924 / 59,97983

2, 0,1692614 / 60,07573

4, 0,4380797 / 60,49509

0, 0,4455415 / 60,94063

5, 0,044261 / 60,94063

2, 0,0397567 / 60,98671

1, 4,874955 / 65,85219

2, 0,0365731 / 65,89871

0, 0,129101 / 66,02782

5, 1,182555 / 67,16499

2, 0,2865169 / 67,45924

**********------------scene2------------**********

1, 0,5122025 / 0,0280411

4, 0,2830145 / 0,31208

0, 0,5310957 / 0,8431757

3, 0,1332131 / 0,9605108

0, 0,3815404 / 1,342051

1, 0,2816118 / 1,582475

0, 0,4560108 / 2,038486

3, 0,5667691 / 2,565966

0, 1,464469 / 4,030434

1, 0,6019771 / 4,583091

0, 0,0567613 / 4,639852

5, 0,3032628 / 5,4628

2, 0,8797083 / 5,502187

1, 1,065411 / 6,550818

0, 0,3312214 / 6,882041

3, 0,1905547 / 7,035556

0, 0,8862571 / 7,921812

1, 1,813812 / 9,712584

0, 0,4927136 / 10,2053

1, 1,672889 / 11,84406

0, 0,7637467 / 12,60781

5, 0,1760401 / 12,81678

4, 0,2661552 / 12,84988

0, 0,063449 / 12,91333

3, 1,149633 / 14,03812

0, 0,1260913 / 14,16422

2, 0,1146028 / 14,23074

0, 0,080277 / 14,31101

1, 0,509876 / 14,76417

0, 5,589027 / 20,3532

1, 2,526942 / 22,83337

0, 0,4896202 / 23,32299

5, 0,2317637 / 23,52352

2, 0,0421277 / 23,57835

0, 8,501 / 32,07934

1, 0,8047014 / 32,8697

2, 0,5999062 / 33,47007

0, 0,1539952 / 33,62407

3, 0,0428311 / 33,62407

0, 0,0761003 / 33,70017

2, 0,0421169 / 33,70017

0, 0,0838694 / 33,78404

1, 1,710227 / 35,45139

2, 0,7119296 / 36,15991

1, 0,8450981 / 36,99946

2, 0,156864 / 37,15861

0, 0,069805 / 37,22841

StartAnim : shortLook / 38,83809

**********------------scene3------------**********

1, 4,075575 / 0,0235968

0, 0,2603932 / 0,28399

3, 0,0302383 / 0,28399

0, 0,4283979 / 0,7123879

3, 0,0573662 / 0,7390568

0, 0,0834513 / 0,8225081

3, 0,2284877 / 1,025558

0, 0,097092 / 1,12265

1, 0,514196 / 1,598962

2, 0,9151765 / 2,509893

5, 0,6851171 / 3,199188

2, 0,0539264 / 3,262844

5, 0,0862763 / 3,338096

0, 0,0599658 / 3,398062

1, 2,55412 / 5,9124

0, 0,6860174 / 6,598417

1, 0,4854964 / 7,055604

0, 0,4544688 / 7,510072

3, 0,3418741 / 7,823689

0, 0,0921621 / 7,915852

1, 0,5416094 / 8,423839

2, 1,328754 / 9,758254

2, 0,5357541 / 10,32473

5, 0,6292468 / 10,35711

0, 0,2226851 / 10,5798

4, 0,1120488 / 11,24323

5, 0,6855097 / 11,24323

2, 0,0648168 / 11,29621

1, 2,221094 / 13,52455

0, 0,0548323 / 13,57938

2, 0,7873525 / 14,33922

0, 0,084917 / 14,42414

2, 0,0311613 / 14,42414

0, 0,0620184 / 14,48616

2, 0,0286264 / 14,48616

0, 0,6813984 / 15,16755

1, 0,9409034 / 16,08249

0, 0,2613982 / 16,34389

1, 3,029431 / 19,33818

2, 0,9412145 / 20,27943

5, 0,0255142 / 20,27943

0, 0,2305542 / 20,50999

5, 0,2557303 / 20,74175

0, 0,2828551 / 21,02461

7, 0,4857687 / 21,48615

0, 0,082827 / 21,56897

7, 0,0566146 / 21,60603

0, 3,721691 / 25,32771

1, 0,0277337 / 25,32771

0, 0,2528169 / 25,58053

1, 0,704849 / 26,26508

0, 0,5168782 / 26,78195

5, 0,300818 / 27,05431

2, 0,5457686 / 27,59986

1, 0,7977424 / 28,40179

0, 0,3368846 / 28,73867

3, 0,1996446 / 28,91308

0, 0,0532032 / 28,96628

3, 0,6864478 / 29,62163

0, 0,6871167 / 30,30875

2, 0,0327495 / 30,30875

0, 0,0571582 / 30,36591

1, 0,9133608 / 31,25128

0, 0,6591718 / 31,91045

3, 0,4270317 / 32,42176

5, 0,8043289 / 32,68572

StartAnim : armStretch / 32,82307

2, 0,2282045 / 32,88377

0, 0,8018533 / 33,68563

2, 0,4311746 / 34,08521

0, 0,3370062 / 34,42221

2, 0,0355013 / 34,42221

1, 0,8224774 / 35,25208

2, 0,6148615 / 35,86662

StartAnim : longLook / 37,09468

StartAnim : handSalute / 37,40981

1, 2,198993 / 38,06475

0, 0,0895599 / 38,1543

3, 0,08271971 / 38,20776

0, 0,7200133 / 38,92777

1, 0,7413036 / 39,63971

2, 0,836044 / 40,46712

StartAnim : faceSmile / 41,60741

1, 6,324234 / 46,79714

2, 1,54414 / 48,33794

1, 1,140219 / 49,4806

2, 1,482665 / 50,96567

5, 0,5707631 / 50,96567

0, 0,4834635 / 51,44913

2, 0,0246782 / 51,44913

0, 0,0688865 / 51,51802

1, 0,5490392 / 52,02203

2, 1,569789 / 53,59718

0, 0,1093184 / 53,7065

1, 2,502998 / 56,17945

2, 0,9410846 / 57,1297

0, 0,0498476 / 57,17955

1, 0,5091999 / 57,66533

0, 0,4297538 / 58,09508

StartAnim : LongLook / 58,40742

1, 2,004915 / 60,08465

0, 0,0504701 / 60,13512

StartAnim : CaresseEntreCuisse / 62,8536

1, 2,76895 / 62,88393

0, 0,0537664 / 62,93769

2, 0,0263665 / 62,93769

0, 0,2826829 / 63,22038

4, 0,58527 / 63,77793

0, 0,0609379 / 63,83887

2, 0,0319846 / 63,83887

1, 1,36934 / 65,20876

2, 0,5153337 / 65,72276

StartAnim : faceSmile / 68,37973

1, 3,084888 / 68,80659

0, 0,0602474 / 68,86684

1, 1,432345 / 70,26502

2, 1,3812 / 71,64982

5, 0,8277683 / 71,6817

4, 0,316222 / 71,99687

**********------------scene4------------**********

3, 0,0537545 / 0,0433288

0, 0,8028525 / 0,8461813

1, 0,2894873 / 1,09908

2, 0,4614551 / 1,562272

5, 0,6217273 / 2,012883

2, 0,4167174 / 2,428547

StartAnim : LongLook / 2,518323

StartAnim : HandSalute / 2,801071

1, 0,5695979 / 3,002274

5, 0,3284184 / 4,140838

2, 1,705004 / 4,698396

StartAnim : SitCrossLegs / 4,698396

1, 0,4232747 / 5,115107

0, 0,0418202 / 5,156927

4, 0,0154605 / 5,657779

5, 0,2198899 / 5,657779

2, 1,360027 / 6,500238

1, 0,6587476 / 7,159246

2, 0,5221772 / 7,673398

1, 0,5155572 / 8,184077

0, 0,3566034 / 8,54068

1, 1,462507 / 9,989236

0, 4,157438 / 14,14668

2, 0,0312553 / 14,14668

StartAnim : LongLook / 14,29557

1, 0,6015416 / 14,74794

2, 0,420859 / 15,17294

0, 0,6119164 / 15,78486

2, 0,0309882 / 15,78486

1, 0,0229845 / 15,81993

0, 0,054021 / 15,87395

2, 0,054021 / 15,90178

1, 3,652832 / 19,51641

0, 0,4852856 / 20,0017

1, 0,3275776 / 20,32234

2, 1,244266 / 21,57229

StartAnim : EyeBlink / 21,88516

1, 2,998697 / 24,55666

2, 0,0154365 / 24,57921

1, 0,09912279 / 24,67185

2, 0,0609246 / 24,7429

1, 0,8409063 / 25,5868

2, 0,07824299 / 25,66098

1, 0,6827261 / 26,34038

2, 0,0470049 / 26,38433

1, 2,091468 / 28,48759

2, 0,5184904 / 28,98647

1, 0,6829239 / 29,65718

2, 0,0152003 / 29,67791

StartAnim : OpenLegs / 29,9605

0, 0,5759109 / 30,25382

2, 0,6277214 / 30,84282

5, 0,4592594 / 31,29885

2, 0,5459427 / 31,82758

0, 0,1735878 / 32,00116

1, 3,511234 / 35,48947

2, 0,0173725 / 35,51537

1, 0,3548008 / 35,87447

2, 1,014114 / 36,88422

4, 1,132048 / 38,28445

5, 1,964161 / 38,83149

StartAnim : touchCouchInvite / 38,99836

0, 1,710062 / 40,54153

2, 0,0270471 / 40,54153

StartAnim : FaceSmile / 40,79872

1, 0,8160689 / 41,35992

0, 0,3968943 / 41,75681

2, 0,5574389 / 42,29725

0, 1,575284 / 43,87252

4, 0,4145222 / 44,25672

0, 0,5411441 / 44,79787

1, 1,554577 / 46,33997

2, 0,7573054 / 47,0983

5, 0,1864184 / 47,2585

0, 0,5442067 / 47,8027

6, 0,2021627 / 47,97134

0, 0,05914 / 48,03048

7, 0,5691103 / 48,57334

0, 0,1692683 / 48,74261

5, 0,2524503 / 48,97214

2, 0,0591973 / 49,03069

0, 0,0542592 / 49,08495

1, 0,0264685 / 49,08495

0, 0,1183593 / 49,20331

1, 0,1918476 / 49,38197

2, 0,8633603 / 50,23477

**********------------scene5------------**********

1, 2,111759 / 0,0243691

0, 0,1987344 / 0,2231035

1, 0,5140293 / 0,7105153

2, 0,515891 / 1,221415

2, 0,0573711 / 1,455077

5, 0,9140646 / 2,140065

2, 0,2555328 / 2,398024

0, 0,2260894 / 2,624113

1, 0,9166483 / 3,511115

2, 0,8694624 / 4,365008

1, 1,486507 / 5,865157

0, 0,2460591 / 6,111216

1, 0,016525 / 6,111216

0, 0,1115444 / 6,22276

2, 0,0752712 / 6,286855

1, 1,061791 / 7,312088

2, 0,5399553 / 7,851454

0, 1,019081 / 8,870533

7, 0,0470368 / 8,89745

0, 0,0572037 / 8,954655

7, 0,0357214 / 8,954655

0, 0,2694628 / 9,224116

6, 0,3729263 / 9,569613

0, 0,0836403 / 9,653253

StartAnim : ShortLook / 9,683102

6, 0,0832431 / 9,715009

2, 0,2608164 / 9,971805

StartAnim : FaceSmile / 10,63953

1, 2,214186 / 12,18152

2, 0,3960769 / 12,58165

1, 1,203303 / 13,78368

2, 0,0261969 / 13,81271

1, 1,343613 / 15,1583

2, 0,0856159 / 15,24663

1, 2,311021 / 17,53709

2, 0,630129 / 18,17831

4, 0,2157405 / 18,53792

5, 0,7161329 / 18,89655

2, 0,49171 / 19,38203

1, 0,6779115 / 20,06699

StartAnim : OpenLegs / 20,13652

2, 0,2818314 / 20,34045

0, 0,2234682 / 20,56392

2, 0,1952807 / 20,72423

3, 0,442726 / 21,75407

StartAnim : TouchCouchInvite / 22,44769

2, 0,5224629 / 22,75479

5, 2,052346 / 22,75479

StartAnim : LongLook / 22,97811

0, 0,3543126 / 23,10911

2, 0,043876 / 23,13225

StartAnim : FaceSmile / 23,37818

1, 1,357081 / 24,49281

2, 0,6582477 / 25,15407

1, 0,545858 / 25,69397

2, 0,2835336 / 25,98011

3, 0,5612507 / 26,95589

5, 1,256363 / 27,22514

2, 0,0865711 / 27,33343

0, 0,0621029 / 27,39554

2, 0,0375075 / 27,42353

0, 0,138967 / 27,56249

2, 0,0237428 / 27,56249

1, 0,532345 / 28,08075

0, 0,0442643 / 28,12501

2, 0,2279169 / 28,32297

5, 1,428355 / 29,58156

2, 0,3299205 / 29,91464

1, 1,642952 / 31,55359

StartAnim : PenisTouch / 31,74324

2, 0,7589529 / 32,30897

StartAnim : ShortLook / 32,37797

4, 0,3539312 / 32,66474

5, 0,3539312 / 32,66474

2, 0,0686376 / 32,72243

1, 0,803156 / 33,53505

2, 0,730952 / 34,26376

1, 0,0439075 / 34,30798

2, 0,09261511 / 34,39748

StartAnim : CloseEyes / 35,06265

StartAnim : OpenEyes / 37,88348

StartAnim : StartErect / 38,18188

1, 4,145584 / 38,55445

2, 0,2023673 / 38,76178

2, 0,0286959 / 41,93864

4, 3,212296 / 41,96696

5, 3,212296 / 41,96696

0, 0,0542248 / 42,02119

4, 0,0542248 / 42,04456

5, 0,0542248 / 42,04456

2, 0,0588481 / 42,09423

StartAnim : CloseEyes / 43,02187

1, 1,002073 / 43,10941

2, 0,2836622 / 43,37922

StartAnim : OpenEyes / 44,55253

4, 1,812057 / 45,19458

4, 0,1503631 / 45,59747

4, 0,4998981 / 46,15417

5, 2,771459 / 46,15417

2, 0,0707191 / 46,23713

StartAnim : CloseEyes / 47,92221

1, 2,898213 / 49,12297

2, 0,0915616 / 49,21997

StartAnim : OpenEyes / 50,28116

4, 1,453086 / 50,66126

StartAnim : StopTouchPenis / 50,75123

4, 0,0661355 / 51,08079

StartAnim : TouchCouchInvite / 51,72235

5, 2,9017 / 52,1077

0, 0,4456027 / 52,5533

5, 0,688484 / 53,22085

0, 0,6200965 / 53,84093

**********------------scene6------------**********

1, 0,6257645 / 0,0300826

0, 0,1449527 / 0,1750353

2, 0,2626859 / 0,4020601

StartAnim : OpenLegs / 0,7142273

2, 0,170966 / 0,8635539

5, 2,513985 / 2,892137

2, 0,6314196 / 3,514263

1, 0,3260728 / 3,834108

0, 0,0642391 / 3,898347

2, 0,2642888 / 4,114347

0, 0,9744594 / 5,088809

5, 0,3021249 / 5,401066

2, 1,015714 / 6,092

4, 0,4716287 / 6,559391

5, 0,4716287 / 6,559391

StartAnim : LongLook / 6,89022

StartAnim : StartTouchPenis / 6,917657

0, 0,4912402 / 7,050632

4, 0,6976869 / 7,735055

4, 0,0412265 / 7,803449

5, 0,7865777 / 7,803449

2, 0,0271667 / 7,839526

1, 0,5449911 / 8,378154

2, 0,5671834 / 8,932776

StartAnim : CloseEyes / 10,04287

4, 1,443873 / 10,37671

5, 1,443873 / 10,37671

2, 0,0513983 / 10,43127

1, 0,8800651 / 11,31603

2, 0,6422338 / 11,95823

StartAnim : OpenEyes / 11,97988

1, 1,126843 / 13,0897

2, 1,054713 / 14,13348

4, 0,789075 / 14,93455

5, 0,8426894 / 14,98223

2, 0,0784058 / 15,00067

4, 0,0619422 / 15,07123

5, 0,0619422 / 15,07123

2, 0,0562229 / 15,11409

0, 0,0442421 / 15,15833

1, 1,193218 / 16,33674

2, 0,5690315 / 16,90105

StartAnim : CloseEyes / 19,19845

4, 2,615058 / 19,51615

5, 2,632994 / 19,51615

2, 0,0580806 / 19,57556

1, 0,5110396 / 20,08858

2, 0,8130231 / 20,90132

StartAnim : OpenEyes / 21,84469

4, 3,682157 / 24,57144

5, 4,094412 / 24,57144

2, 0,0157345 / 24,59828

StartAnim : CloseEyes / 24,64544

1, 0,143305 / 24,7312

2, 1,104601 / 25,84383

StartAnim : FastPenisTouch / 26,84174

StartAnim : OpenEyes / 26,97982

1, 1,160465 / 27,004

2, 0,2355339 / 27,24264

4, 1,076583 / 28,31354

5, 1,076583 / 28,31354

2, 0,0216086 / 28,3439

StartAnim : CloseEyes / 28,60554

StartAnim : OpenEyes / 29,50108

1, 2,05969 / 30,39842

StartAnim : CloseEyes / 31,0416

2, 0,9612154 / 31,35776

StartAnim : OpenEyes / 32,77641

StartAnim : PenisEjac / 33,37754

4, 3,19813 / 34,55851

5, 3,19813 / 34,55851

2, 0,0634616 / 34,61762

4, 0,2226384 / 34,84581

5, 0,2226384 / 34,84581

0, 0,4851592 / 35,33097

1, 0,4171366 / 35,71691

2, 0,025361 / 35,74412

1, 0,1020183 / 35,85298

5, 0,0853771 / 36,2312

StartAnim : StopTouchPenis / 36,41513

2, 0,6180634 / 36,46431

4, 0,4083606 / 36,8729

5, 0,5321743 / 36,97886

StartAnim : DeErect / 37,229

4, 0,3808762 / 37,31323

5, 0,3891132 / 37,64165

0, 0,0470488 / 37,6887

5, 0,1635354 / 37,8275

2, 0,1295973 / 37,95767

1, 1,596351 / 39,5578

2, 0,6008403 / 40,15736

**********------------Fin_Relaxation------------**********

