**********------------scene1------------**********

0, 0,2690404 / 0,2690404

1, 0,314705 / 0,5418471

0, 0,0909243 / 0,6327714

3, 0,0662146 / 0,6327714

0, 0,6183726 / 1,251144

1, 0,6816415 / 1,896929

0, 1,497107 / 3,394036

1, 1,308295 / 4,656705

5, 0,152668 / 4,807377

2, 0,2417994 / 4,965858

5, 0,0196842 / 4,965858

0, 0,6240604 / 5,589918

1, 1,49661 / 7,062614

2, 0,6686801 / 7,737448

1, 1,105322 / 8,836551

2, 0,0260615 / 8,865491

1, 0,5762346 / 9,449581

0, 0,3587718 / 9,808352

3, 0,2865174 / 10,06215

5, 0,0558015 / 10,12712

2, 1,928051 / 12,02201

1, 0,9880267 / 13,01185

0, 0,0941285 / 13,10598

3, 0,4044506 / 13,48163

0, 0,7302119 / 14,21184

1, 0,9892461 / 15,16478

0, 0,5307201 / 15,69549

1, 0,2572381 / 15,92357

5, 0,1166306 / 16,41444

2, 0,7694297 / 16,69375

5, 0,0305565 / 16,69375

0, 0,4543523 / 17,1481

1, 1,341613 / 18,46461

0, 0,985845 / 19,45045

3, 0,1154482 / 19,55145

0, 0,0553135 / 19,60676

1, 0,9122946 / 20,49273

0, 1,65752 / 22,15025

1, 2,706413 / 24,83763

2, 0,0421454 / 24,86643

4, 0,2798873 / 25,3362

5, 0,8896118 / 25,76559

0, 0,8780081 / 26,64359

5, 0,0377887 / 26,64359

0, 0,9986975 / 27,64229

1, 0,3999322 / 27,99764

0, 0,2147763 / 28,21242

1, 0,432085 / 28,61333

0, 0,0696604 / 28,68299

3, 0,7126786 / 29,3673

2, 0,0412946 / 29,40123

1, 0,3079299 / 29,70388

0, 0,202902 / 29,90678

1, 0,0631107 / 29,9369

2, 0,0685921 / 30,02262

0, 0,8702675 / 30,89288

2, 0,0308107 / 30,89288

1, 1,357919 / 32,25308

2, 0,031255 / 32,29395

1, 2,11406 / 34,38932

0, 0,0634968 / 34,45282

2, 0,0634968 / 34,48392

0, 0,4649087 / 34,94882

2, 0,0311208 / 34,94882

0, 0,1149091 / 35,06373

1, 0,7435075 / 35,74857

5, 0,41723 / 36,1875

2, 0,6569014 / 36,42121

1, 1,225162 / 37,63445

0, 0,7126985 / 38,34716

1, 0,5311317 / 38,85184

0, 0,0694806 / 38,92133

2, 0,0255953 / 38,92133

5, 0,0438853 / 38,95265

4, 0,9313806 / 39,89177

0, 0,0549563 / 39,94672

4, 0,0549563 / 39,97697

0, 0,1011571 / 40,07813

1, 0,4584084 / 40,50611

0, 0,0719071 / 40,57802

4, 0,639395 / 41,17607

2, 0,0305655 / 41,20891

1, 0,87594 / 42,07594

0, 0,4445525 / 42,52048

2, 0,0581559 / 42,54813

5, 1,029508 / 43,54512

0, 0,5614298 / 44,10654

1, 2,013579 / 46,10147

0, 0,0635864 / 46,16506

3, 0,4173119 / 46,54737

0, 0,4434481 / 46,99083

3, 0,0365095 / 46,99083

0, 0,4014957 / 47,39232

1, 1,599266 / 48,96585

4, 0,0310442 / 48,99735

5, 0,2210967 / 49,18745

0, 0,1079292 / 49,29538

3, 0,8006234 / 50,0638

1, 2,097359 / 52,16502

0, 0,0691404 / 52,23416

1, 0,7674157 / 52,96588

0, 0,6425238 / 53,60841

4, 0,4632357 / 54,0322

0, 0,2599752 / 54,29218

4, 0,0843302 / 54,3461

0, 0,0712023 / 54,4173

2, 0,0461065 / 54,4173

1, 1,118377 / 55,5452

0, 0,2482062 / 55,7934

1, 1,969333 / 57,73415

0, 0,4297522 / 58,16391

2, 0,0260025 / 58,16391

0, 0,113261 / 58,27716

StartAnim : touchMagazine / 58,93369

1, 0,8819263 / 59,11882

2, 0,0370345 / 59,14762

5, 0,4991496 / 59,61801

4, 0,3654836 / 59,77786

0, 0,7055064 / 60,48336

4, 0,6519477 / 61,09141

0, 0,3434414 / 61,43485

4, 0,0576882 / 61,46797

0, 0,0793368 / 61,54731

4, 0,708655 / 62,20763

0, 0,5592215 / 62,76685

4, 0,6759378 / 63,4094

0, 0,0528722 / 63,46228

4, 0,1676983 / 63,60766

4, 0,4940203 / 64,36064

5, 0,7528338 / 64,36064

2, 0,030692 / 64,39368

0, 0,0651485 / 64,45883

1, 0,9725032 / 65,38867

2, 0,0224835 / 65,41818

1, 0,9994893 / 66,42007

**********------------scene2------------**********

2, 1,502323 / 0,0407249

0, 0,1883169 / 0,2290418

1, 1,253382 / 1,439684

0, 0,09719571 / 1,536879

3, 0,0375971 / 1,536879

0, 0,7997828 / 2,336662

1, 0,4567825 / 2,757034

0, 0,3103199 / 3,067354

2, 0,6183578 / 3,654338

0, 0,8979123 / 4,55225

3, 0,0350994 / 4,55225

0, 0,1600547 / 4,712305

2, 0,0286144 / 4,712305

0, 0,244211 / 4,956516

1, 0,7296745 / 5,672875

0, 0,4173177 / 6,090194

1, 0,026671 / 6,090194

0, 0,166346 / 6,25654

2, 0,0503026 / 6,25654

1, 0,8620181 / 7,123246

0, 1,354861 / 8,478108

1, 1,019492 / 9,451174

2, 0,5502743 / 10,00819

0, 0,1002488 / 10,10844

2, 0,1837552 / 10,26989

0, 0,1384013 / 10,40829

3, 0,5647272 / 10,9554

0, 0,0524859 / 11,00789

5, 0,1345445 / 11,13847

0, 0,3961853 / 11,53465

3, 0,2546065 / 11,75283

0, 0,0535662 / 11,80639

3, 0,0879426 / 11,86596

2, 0,0251871 / 11,89368

0, 0,3774155 / 12,2711

2, 0,0321658 / 12,2711

4, 0,0446194 / 12,42478

4, 0,0374092 / 12,50069

5, 0,315648 / 12,58566

0, 0,6880959 / 13,27375

7, 0,0416916 / 13,27375

0, 0,1646628 / 13,43842

5, 0,0439054 / 13,43842

4, 0,2291466 / 13,6286

5, 0,0420392 / 13,6678

4, 0,0818715 / 13,73165

2, 0,021178 / 13,76865

1, 0,307992 / 14,08446

0, 1,14395 / 15,22841

1, 0,1159285 / 15,31295

0, 0,1245558 / 15,43751

2, 0,3094249 / 15,71432

0, 0,7397847 / 16,45411

2, 0,0363108 / 16,45411

0, 0,1117949 / 16,5659

1, 0,1287312 / 16,66546

0, 0,6566191 / 17,32208

1, 1,943393 / 19,23601

5, 0,7538342 / 19,99826

2, 0,0353308 / 20,02795

1, 1,314306 / 21,35507

0, 1,913441 / 23,2685

1, 0,1424876 / 23,35607

0, 0,4823461 / 23,83841

2, 0,0597921 / 23,86815

5, 0,1633017 / 24,03836

0, 0,2041878 / 24,24255

4, 0,7831463 / 25,03577

5, 0,8332899 / 25,03577

1, 0,2865664 / 25,32187

0, 0,6830482 / 26,00492

2, 0,0278499 / 26,00492

0, 0,1052649 / 26,11018

2, 0,0719725 / 26,14049

0, 0,1795626 / 26,32006

1, 0,2288716 / 26,52226

0, 0,0533736 / 26,57564

1, 0,2120688 / 26,765

0, 1,029167 / 27,79418

3, 0,0359438 / 27,79418

0, 0,5845881 / 28,37876

2, 0,0599639 / 28,40524

1, 1,340617 / 29,75319

0, 0,0676503 / 29,82084

2, 0,2729877 / 30,04582

0, 0,3477345 / 30,39356

4, 0,0221982 / 30,39356

0, 1,700045 / 32,0936

1, 0,0284856 / 32,0936

0, 0,0773408 / 32,17094

1, 0,7718995 / 32,8922

0, 0,1317859 / 33,02399

3, 0,3476446 / 33,29223

0, 3,147573 / 36,43979

1, 0,0653735 / 36,48112

0, 0,4508142 / 36,93193

1, 0,6718662 / 37,57495

0, 0,618634 / 38,1936

4, 0,0301005 / 38,1936

StartAnim : shortLook / 38,80309

0, 0,772341 / 38,96594

2, 0,0331878 / 38,96594

1, 1,982783 / 40,93828

**********------------scene3------------**********

2, 0,3002322 / 0,0260284

5, 0,0335214 / 0,0793439

4, 0,1774385 / 0,2113188

4, 0,3409552 / 0,6980122

5, 0,8929238 / 1,100381

2, 0,22785 / 1,328494

1, 0,6075801 / 1,940588

4, 0,086336 / 2,025151

0, 0,5161813 / 2,541333

2, 1,543364 / 4,05111

0, 0,135666 / 4,186776

1, 0,6741917 / 4,810817

0, 0,5427892 / 5,353606

4, 0,0242868 / 5,353606

2, 0,857791 / 6,210488

5, 0,857791 / 6,210488

4, 0,1546181 / 6,362501

0, 0,5324357 / 6,894938

6, 0,2445049 / 7,111444

0, 0,4949131 / 7,606358

6, 0,4571395 / 8,035981

0, 0,5589934 / 8,594976

5, 0,239809 / 8,807937

4, 0,3572878 / 8,944157

0, 0,0574356 / 9,001592

3, 0,3367527 / 9,310216

0, 0,053508 / 9,363724

2, 0,0342391 / 9,363724

1, 0,482419 / 9,860437

2, 1,249195 / 11,10766

3, 0,7435771 / 11,84931

4, 0,6004145 / 12,44948

2, 0,0294188 / 12,4803

5, 0,0294188 / 12,4803

4, 0,0861298 / 12,5616

1, 0,5437921 / 13,11019

2, 0,34214 / 13,4491

5, 0,6569134 / 14,07561

0, 0,1450567 / 14,22066

5, 0,9439424 / 15,13864

0, 0,0768677 / 15,21551

1, 0,361095 / 15,5197

0, 1,779197 / 17,2989

1, 0,5682718 / 17,83226

2, 0,0277803 / 17,8651

1, 0,0871482 / 17,97343

0, 0,5910681 / 18,5645

3, 0,8881751 / 19,42142

0, 0,4574481 / 19,87886

4, 0,0545478 / 19,90791

0, 0,628811 / 20,53673

5, 0,0260554 / 20,53673

0, 0,059035 / 20,59576

2, 0,059035 / 20,62188

1, 0,1631206 / 20,77321

0, 0,1337692 / 20,90698

1, 0,8284809 / 21,70467

0, 0,3144758 / 22,01915

1, 1,915225 / 23,90475

0, 0,7582285 / 24,66298

2, 0,0293667 / 24,66298

1, 0,4720348 / 25,13798

0, 0,0834797 / 25,22146

4, 0,8591704 / 26,05036

4, 0,1097368 / 26,19744

5, 0,3513758 / 26,24502

0, 0,5823466 / 26,82737

5, 0,059069 / 26,85411

2, 0,1891884 / 27,02765

1, 0,6021177 / 27,65423

0, 0,050512 / 27,70474

3, 0,2821773 / 27,96252

0, 0,4294198 / 28,39194

3, 0,1126777 / 28,48154

4, 0,3343596 / 28,77885

0, 0,2251418 / 29,004

4, 0,029732 / 29,03387

0, 0,0902153 / 29,12408

4, 0,2707301 / 29,36382

0, 1,116516 / 30,48034

2, 0,0269683 / 31,04812

5, 0,6797633 / 31,11044

2, 0,0109503 / 31,13422

1, 0,0237808 / 31,16315

0, 0,0579501 / 31,2211

1, 0,0879311 / 31,29921

0, 0,6188452 / 31,91805

2, 0,0548698 / 31,94874

3, 0,081323 / 32,15667

3, 0,0238252 / 32,20365

5, 0,5138801 / 32,46545

StartAnim : armStretch / 32,83319

2, 0,5175323 / 32,98292

0, 0,6501791 / 33,63311

1, 1,38416 / 34,99054

5, 0,2939804 / 35,87527

2, 0,9416997 / 35,93885

0, 0,0416085 / 35,98046

1, 0,6645966 / 36,63232

0, 0,4875646 / 37,11988

StartAnim : longLook / 37,11988

StartAnim : handSalute / 37,40246

1, 0,4330637 / 37,52021

0, 0,4575158 / 37,97773

1, 0,0319871 / 37,97773

0, 0,1154435 / 38,09317

1, 1,225774 / 39,29098

0, 0,259232 / 39,55021

1, 0,2670679 / 39,80262

2, 0,0221311 / 39,86529

StartAnim : faceSmile / 41,60439

1, 3,432141 / 43,2609

2, 0,0261429 / 43,29384

1, 0,7732514 / 44,06127

2, 0,0271197 / 44,09332

0, 0,0534473 / 44,14677

1, 0,0263345 / 44,14677

4, 0,7550511 / 44,9045

1, 0,3135564 / 45,2227

0, 0,2482734 / 45,47098

1, 0,0794415 / 45,49059

0, 0,4862528 / 45,97685

1, 2,856081 / 48,80367

2, 0,0265345 / 48,83765

1, 0,9744344 / 49,80514

0, 0,4257925 / 50,23093

2, 0,6820832 / 50,89404

2, 0,1703701 / 51,11264

5, 0,7440926 / 51,11264

4, 0,3590995 / 51,44508

0, 0,0811651 / 51,52625

5, 0,5298046 / 52,00929

4, 0,2851524 / 52,2916

2, 0,0315587 / 52,31708

1, 0,9111103 / 53,23223

2, 0,0295244 / 53,26365

0, 0,9382333 / 54,20189

2, 0,231149 / 54,40815

5, 0,231149 / 54,40815

0, 0,0513771 / 54,45953

3, 0,3699777 / 54,80272

0, 0,0580684 / 54,86079

3, 0,1944417 / 55,00949

5, 0,8339935 / 55,86406

0, 0,0552014 / 55,91925

4, 0,5164704 / 56,40282

3, 0,022292 / 56,43251

0, 0,4035602 / 56,83608

3, 0,0344128 / 56,83608

0, 0,3100071 / 57,14608

5, 0,4529822 / 57,58004

StartAnim : LongLook / 58,402

1, 1,435576 / 59,00225

2, 0,0201226 / 59,03171

1, 3,217395 / 62,24749

2, 0,0278611 / 62,27648

0, 0,0586754 / 62,33516

StartAnim : CaresseEntreCuisse / 62,87618

4, 0,8827554 / 63,18872

5, 0,0294719 / 63,22017

2, 0,1100193 / 63,28136

1, 0,8330104 / 64,13516

2, 0,0328981 / 64,16186

0, 0,0568787 / 64,21873

4, 0,999896 / 65,18751

0, 0,0580992 / 65,24561

4, 0,0580992 / 65,2752

0, 0,058917 / 65,33412

4, 0,058917 / 65,36126

5, 0,0790551 / 65,45547

2, 1,115595 / 66,47726

0, 0,0576032 / 66,53486

4, 0,5987314 / 67,10371

0, 0,372052 / 67,47575

4, 0,6325616 / 68,07819

StartAnim : faceSmile / 68,41856

1, 1,884652 / 69,96309

5, 0,0279624 / 69,99043

2, 0,0273345 / 70,01967

**********------------scene4------------**********

1, 2,058781 / 0,0495742

2, 0,0726025 / 0,1171977

0, 0,227102 / 0,3442997

2, 0,5567226 / 0,8741464

2, 0,1190965 / 1,020002

2, 0,1107192 / 1,160469

4, 0,1395107 / 1,419556

5, 1,000427 / 1,877071

4, 0,027818 / 1,904862

5, 0,1722882 / 2,073804

StartAnim : LongLook / 2,522411

2, 0,4966685 / 2,576675

0, 0,084202 / 2,660877

StartAnim : HandSalute / 2,826531

5, 0,4948599 / 3,132025

2, 0,0575467 / 3,191325

0, 0,1031207 / 3,294445

5, 0,3160426 / 3,816302

2, 0,7628019 / 4,031556

5, 0,1213994 / 4,031556

0, 0,1996149 / 4,231171

1, 0,1980167 / 4,407621

2, 0,2863301 / 4,692733

5, 0,1753451 / 4,861774

2, 0,2288921 / 4,968686

5, 0,0702286 / 5,019414

2, 0,4221413 / 5,416014

5, 0,4657407 / 5,880494

0, 0,3123153 / 6,19281

5, 0,0323666 / 6,19281

0, 0,1117924 / 6,304602

5, 0,0359835 / 6,331246

0, 0,1773547 / 6,508601

5, 0,013719 / 6,508601

0, 0,2163787 / 6,724979

2, 0,2917298 / 6,975681

1, 0,8770512 / 7,8494

2, 0,7456895 / 8,587234

1, 0,377444 / 8,917053

2, 0,7542837 / 9,674334

3, 0,20157 / 9,87836

5, 0,2774933 / 9,94049

3, 0,0645247 / 10,01913

2, 0,0290325 / 10,04891

1, 0,7406367 / 10,79066

2, 0,0308868 / 10,81753

1, 0,7135188 / 11,53389

2, 0,567756 / 12,09191

1, 0,5577802 / 12,6308

2, 0,0238793 / 12,66321

1, 0,847064 / 13,50224

2, 0,0243826 / 13,5264

2, 0,0247653 / 13,62432

1, 0,2283456 / 13,76347

2, 0,1899332 / 13,94522

0, 0,2852961 / 14,23051

StartAnim : LongLook / 14,28547

5, 0,1202319 / 14,73984

3, 0,7120571 / 14,94074

0, 0,805056 / 15,74579

7, 0,2096038 / 15,93409

0, 0,3434012 / 16,27749

2, 0,0234617 / 16,27749

1, 0,1925364 / 16,45129

0, 0,0543018 / 16,50559

1, 0,8965335 / 17,37939

0, 0,0539157 / 17,4333

1, 0,5107864 / 17,91795

2, 0,7848328 / 18,70085

5, 0,5991826 / 18,91519

2, 1,192427 / 19,93067

StartAnim : EyeBlink / 21,88807

1, 2,312255 / 22,24545

0, 0,0439463 / 22,28939

1, 0,0949009 / 22,35746

2, 0,0171139 / 22,38553

1, 0,6288779 / 23,00408

2, 0,0177377 / 23,02783

1, 0,067591 / 23,08835

2, 0,0166862 / 23,11427

0, 0,0857591 / 23,20003

2, 0,0472541 / 23,20003

1, 1,151033 / 24,3176

2, 0,5279157 / 24,84691

5, 0,6151981 / 25,45687

0, 0,0727627 / 25,52963

2, 0,8660034 / 26,37417

5, 0,0293362 / 26,40323

2, 0,0556301 / 26,44732

7, 0,0175261 / 26,47201

0, 1,799942 / 28,27194

2, 0,2730352 / 28,51242

1, 0,9980062 / 29,5168

2, 0,0476162 / 29,56037

1, 0,3960462 / 29,95831

StartAnim : OpenLegs / 29,95831

2, 0,6017737 / 30,56197

5, 0,9195485 / 31,47392

0, 0,1007326 / 31,57465

5, 0,2397816 / 31,80514

0, 0,078844 / 31,88398

5, 0,078844 / 31,90569

1, 1,20407 / 33,11797

0, 0,07039271 / 33,18837

1, 0,6151545 / 33,78805

2, 0,3736199 / 34,15883

5, 0,6244944 / 34,77518

2, 0,6045671 / 35,39416

1, 1,197289 / 36,58616

2, 0,9695124 / 37,55755

5, 1,759017 / 38,87384

StartAnim : touchCouchInvite / 39,0028

0, 1,671307 / 40,54515

StartAnim : FaceSmile / 40,79027

4, 0,5734044 / 41,08892

0, 0,0552594 / 41,14418

1, 0,7001396 / 41,81935

0, 1,35707 / 43,17643

1, 0,9527868 / 44,08894

5, 0,3442737 / 44,75993

2, 0,8554084 / 44,94293

0, 0,0449558 / 44,98789

2, 0,1869987 / 45,14849

4, 0,100097 / 45,26194

0, 0,0772488 / 45,33919

2, 0,0969687 / 45,38711

1, 1,614234 / 47,00388

2, 0,6408613 / 47,645

5, 0,864189 / 47,88288

5, 0,0132332 / 48,1187

5, 0,0571572 / 48,35785

2, 1,268997 / 48,92929

1, 0,7770544 / 49,71338

2, 0,043555 / 49,78192

1, 1,537347 / 51,28712

2, 0,0151951 / 51,31243

1, 0,0688643 / 51,37012

2, 0,0141405 / 51,39022

**********------------scene5------------**********

1, 0,9594857 / 0,0279693

0, 0,3401583 / 0,3681276

1, 0,2786465 / 0,6096946

2, 0,1431736 / 0,7696995

2, 0,0506259 / 1,039311

4, 0,7194037 / 2,072324

4, 0,0301259 / 2,718862

5, 1,944878 / 2,718862

2, 0,6729748 / 3,388009

1, 0,2845858 / 3,675141

2, 0,2869596 / 3,956833

4, 0,3443684 / 4,300858

5, 0,4873348 / 4,436384

0, 1,05145 / 5,487834

7, 0,0258064 / 5,487834

0, 0,3427375 / 5,830572

2, 0,3152626 / 6,136185

1, 0,5120757 / 6,571801

2, 0,101262 / 6,674603

4, 0,4487364 / 7,082859

5, 0,4233824 / 7,140668

0, 0,072303 / 7,212971

5, 0,0350099 / 7,240928

0, 0,05666 / 7,297588

5, 0,0301598 / 7,297588

0, 0,0954279 / 7,393016

5, 0,0160031 / 7,393016

0, 0,0468717 / 7,439888

4, 0,0316375 / 7,500173

5, 0,0785092 / 7,500173

0, 0,241225 / 7,741397

2, 0,1482967 / 7,856362

1, 0,1364354 / 7,982804

0, 0,2365476 / 8,219353

2, 0,4338456 / 8,632428

0, 0,4671263 / 9,099555

2, 0,0307728 / 9,099555

0, 0,0880308 / 9,187586

2, 0,0236801 / 9,187586

1, 0,3309516 / 9,527265

2, 0,0724215 / 9,598742

StartAnim : ShortLook / 9,655197

4, 0,3286294 / 9,925709

5, 0,6410608 / 10,23136

2, 0,0197474 / 10,25454

StartAnim : FaceSmile / 10,63345

1, 2,63921 / 12,89609

2, 0,0255244 / 12,91839

1, 1,305688 / 14,228

2, 0,0488162 / 14,27034

1, 0,2902995 / 14,56963

2, 0,8428621 / 15,40103

4, 0,0172758 / 15,42567

4, 0,1584717 / 15,7591

5, 0,5984442 / 16,00139

0, 0,2742676 / 16,27566

5, 0,1579042 / 16,41088

2, 0,0842233 / 16,48412

1, 1,002304 / 17,49724

2, 0,6843831 / 18,18153

4, 0,0256633 / 18,20599

4, 0,3060504 / 18,58736

5, 0,7991234 / 18,98219

1, 0,9832439 / 19,9549

2, 0,038133 / 19,99819

StartAnim : OpenLegs / 20,15049

1, 0,5635931 / 20,57123

2, 0,0569726 / 20,61314

5, 0,2741376 / 20,89846

0, 0,0642374 / 20,9627

5, 0,1228554 / 21,04236

0, 0,912795 / 21,95516

StartAnim : TouchCouchInvite / 22,43974

5, 0,6566198 / 22,59653

StartAnim : LongLook / 22,95662

StartAnim : FaceSmile / 23,37122

1, 1,026063 / 23,62871

2, 0,0319674 / 23,65765

0, 0,9035609 / 24,56122

2, 0,0227061 / 24,56122

1, 0,6002473 / 25,15682

2, 0,0180822 / 25,18672

1, 0,1418797 / 25,32598

0, 0,1329295 / 25,45891

3, 0,1705905 / 25,67894

3, 0,1884547 / 25,93891

5, 0,5041735 / 25,93891

0, 1,471827 / 27,41075

5, 0,7264002 / 28,09641

0, 0,1422938 / 28,23871

5, 0,0328566 / 28,25952

0, 0,1219823 / 28,38151

5, 0,246089 / 28,61256

0, 1,044083 / 29,65664

5, 0,1572114 / 29,79691

StartAnim : PenisTouch / 31,73773

0, 1,96522 / 31,76212

4, 0,3748503 / 32,13759

5, 0,4009354 / 32,13759

StartAnim : ShortLook / 32,38145

0, 1,559477 / 33,69707

5, 0,0300176 / 33,69707

0, 0,1275202 / 33,82459

5, 0,0660122 / 33,89005

0, 0,1529545 / 34,043

2, 0,1835851 / 34,19921

0, 0,039426 / 34,23864

StartAnim : CloseEyes / 35,04308

1, 1,598477 / 35,82655

0, 0,1298588 / 35,9564

5, 0,0260767 / 35,9564

0, 0,0907753 / 36,04718

5, 0,0850845 / 36,08426

0, 1,526005 / 37,61027

2, 0,0179947 / 37,61027

StartAnim : OpenEyes / 37,88389

1, 0,5724366 / 38,18287

StartAnim : StartErect / 38,18287

0, 0,0585503 / 38,24142

1, 0,0352436 / 38,24142

0, 2,81201 / 41,05343

2, 0,0516391 / 41,08336

0, 0,2497302 / 41,3331

4, 0,3417344 / 41,64645

5, 0,3417344 / 41,64645

0, 0,320014 / 41,96647

5, 0,0265707 / 41,96647

0, 0,9727273 / 42,93921

StartAnim : CloseEyes / 43,00132

2, 0,5159285 / 43,43942

1, 0,0582269 / 43,49804

0, 0,09865721 / 43,59669

2, 0,0104864 / 43,59669

0, 0,0735058 / 43,6702

1, 0,7863974 / 44,43845

StartAnim : OpenEyes / 44,54068

2, 0,4260023 / 44,85604

5, 0,5864815 / 45,43871

0, 0,1157712 / 45,55449

7, 0,0374619 / 45,58078

0, 0,3587152 / 45,93949

7, 0,0407429 / 45,9602

0, 0,3361448 / 46,29634

7, 0,0217766 / 46,29634

0, 0,6177408 / 46,91407

4, 0,3600048 / 47,27906

4, 0,0223394 / 47,55473

5, 0,6672658 / 47,55473

0, 0,0775221 / 47,63225

5, 0,0775221 / 47,65031

2, 0,0422447 / 47,70174

0, 0,0553371 / 47,75708

StartAnim : CloseEyes / 47,92367

1, 1,280487 / 48,99682

2, 0,056853 / 49,05519

4, 0,2672183 / 49,32224

5, 0,9820364 / 50,02715

0, 0,1947093 / 50,22186

StartAnim : OpenEyes / 50,27111

4, 0,2489536 / 50,49627

StartAnim : StopTouchPenis / 50,73877

5, 1,16585 / 51,35565

4, 0,09500641 / 51,44847

0, 0,2646014 / 51,71307

StartAnim : TouchCouchInvite / 51,71307

5, 0,3918459 / 52,0941

0, 0,1962858 / 52,29039

5, 0,014076 / 52,29039

0, 0,2801168 / 52,5705

2, 0,2234778 / 52,75809

1, 0,5145269 / 53,26833

0, 0,0649101 / 53,33324

1, 0,1407917 / 53,42799

2, 0,0893433 / 53,54793

1, 0,8669254 / 54,38578

**********------------scene6------------**********

2, 0,0447047 / 0,0230971

0, 0,1316641 / 0,1547612

1, 0,0154144 / 0,1547612

2, 0,0342189 / 0,1855446

0, 0,0557172 / 0,2412618

1, 0,1371959 / 0,3400443

0, 0,0643697 / 0,404414

2, 0,2133124 / 0,5845136

StartAnim : OpenLegs / 0,6995603

5, 1,288887 / 1,867228

2, 0,5148811 / 2,384955

5, 0,5667458 / 2,953517

2, 0,0601743 / 3,009063

1, 0,7978912 / 3,796722

2, 0,3716886 / 4,180122

4, 0,7008658 / 5,18182

5, 1,011563 / 5,18182

0, 0,2520948 / 5,433915

5, 0,0311447 / 5,433915

0, 0,0509834 / 5,484898

5, 0,0918958 / 5,550492

0, 0,231609 / 5,7821

5, 0,025853 / 5,7821

0, 0,182444 / 5,964544

5, 0,0153423 / 5,964544

0, 0,1893976 / 6,153942

5, 0,027798 / 6,153942

0, 0,0854673 / 6,239409

4, 0,0160437 / 6,239409

5, 0,0160437 / 6,239409

0, 0,1567272 / 6,396136

5, 0,0435199 / 6,416582

0, 0,0905839 / 6,507165

StartAnim : LongLook / 6,839549

StartAnim : StartTouchPenis / 6,880119

4, 0,4685303 / 7,064632

5, 0,5608657 / 7,064632

0, 0,0777317 / 7,142364

4, 0,1018128 / 7,223107

5, 0,1018128 / 7,223107

0, 0,2166886 / 7,439795

5, 0,0431579 / 7,465421

0, 0,6591889 / 8,124611

5, 0,0427033 / 8,151688

0, 0,857891 / 9,009578

2, 0,1716386 / 9,16591

StartAnim : CloseEyes / 10,02287

1, 1,500551 / 10,66511

2, 0,0263252 / 10,69159

StartAnim : OpenEyes / 11,94523

1, 1,503306 / 12,19843

2, 0,0300187 / 12,22234

1, 0,5098262 / 12,72344

2, 1,502697 / 14,23778

5, 0,0268336 / 14,26485

4, 0,0539019 / 14,28847

0, 0,2909043 / 14,57938

4, 0,3123929 / 14,86481

5, 0,3123929 / 14,86481

0, 0,1468711 / 15,01169

4, 0,1989327 / 15,19671

5, 0,0162718 / 15,19671

0, 0,3288483 / 15,52556

5, 0,0657325 / 15,57946

0, 0,3281028 / 15,90756

5, 0,0313479 / 15,90756

0, 0,0441302 / 15,95169

4, 0,0300828 / 15,95169

0, 0,4728521 / 16,42454

4, 0,0950432 / 16,58317

5, 0,1925415 / 16,58317

0, 0,1377439 / 16,72091

4, 0,1220294 / 16,82128

5, 0,1220294 / 16,82128

0, 1,744952 / 18,56624

4, 0,0298236 / 18,56624

5, 0,072956 / 18,60807

0, 0,2132425 / 18,82132

2, 0,1348109 / 18,91341

0, 0,0402182 / 18,95362

StartAnim : CloseEyes / 19,1982

1, 0,9513719 / 19,88288

0, 0,0391567 / 19,92203

1, 1,155979 / 21,06464

5, 0,3121656 / 21,80587

StartAnim : OpenEyes / 21,80587

2, 1,327304 / 22,38207

0, 0,073215 / 22,45528

4, 0,9003958 / 23,33856

4, 0,2993748 / 23,80698

5, 1,375395 / 23,80698

0, 0,0613214 / 23,8683

4, 0,1003975 / 23,95208

5, 0,1003975 / 23,95208

0, 0,2764187 / 24,2285

5, 0,0347353 / 24,2285

0, 0,0549652 / 24,28347

StartAnim : CloseEyes / 24,61248

4, 1,152659 / 25,40654

5, 1,152659 / 25,40654

0, 0,0464519 / 25,453

4, 0,09625641 / 25,51666

5, 0,09625641 / 25,51666

2, 0,1987669 / 25,7132

1, 0,9242726 / 26,66622

0, 0,0562937 / 26,72251

StartAnim : FastPenisTouch / 26,8058

1, 0,1395856 / 26,83039

StartAnim : OpenEyes / 26,93985

0, 0,1384265 / 26,96881

4, 1,600812 / 28,54128

5, 1,600812 / 28,54128

2, 0,0276752 / 28,57632

StartAnim : CloseEyes / 28,57632

4, 0,073149 / 28,64417

5, 0,073149 / 28,64417

2, 0,0297473 / 28,68073

1, 0,7649924 / 29,43823

2, 0,05536 / 29,48251

StartAnim : OpenEyes / 29,48251

4, 0,7996681 / 30,28144

StartAnim : CloseEyes / 31,02258

4, 1,000018 / 31,38077

5, 1,88857 / 31,38077

2, 0,0276776 / 31,41895

1, 0,72868 / 32,12453

2, 0,0150791 / 32,15303

1, 0,0786128 / 32,22516

2, 0,0220176 / 32,25495

0, 0,0863317 / 32,34128

StartAnim : OpenEyes / 32,75291

StartAnim : PenisEjac / 33,33686

1, 1,336844 / 33,65208

2, 0,0295538 / 33,67012

0, 0,035717 / 33,70583

1, 0,2650718 / 33,95127

2, 0,0416805 / 34,01306

4, 0,0361883 / 34,04162

5, 0,0361883 / 34,04162

0, 1,253853 / 35,29545

4, 0,5800642 / 35,84037

5, 0,5800642 / 35,84037

0, 0,3543244 / 36,1947

4, 0,0551671 / 36,21956

StartAnim : StopTouchPenis / 36,37976

5, 0,512388 / 36,70625

StartAnim : DeErect / 37,21194

0, 3,417765 / 40,12402

7, 0,0300738 / 40,12402

0, 0,1635954 / 40,28761

5, 0,6450013 / 40,88688

0, 0,0726975 / 40,95958

5, 0,0726975 / 40,9841

0, 0,0567314 / 41,04083

5, 0,3128048 / 41,3251

**********------------Fin_Relaxation------------**********

