**********------------scene1------------**********

0, 0,0841569 / 0,0841569

2, 0,0841569 / 0,1217623

0, 0,6702325 / 0,7919948

2, 0,0774532 / 0,8337318

1, 0,7944043 / 1,624487

2, 0,0380875 / 1,672324

5, 0,4001371 / 2,074033

2, 0,0494089 / 2,111629

1, 0,3517373 / 2,451829

0, 0,4201873 / 2,872016

4, 0,1956291 / 3,026422

5, 0,0394326 / 3,026422

1, 1,013467 / 4,028948

0, 0,08379219 / 4,112741

1, 0,2878497 / 4,356582

2, 0,351022 / 4,70121

5, 0,3444029 / 5,052502

1, 1,172102 / 6,226937

2, 0,5380942 / 6,763443

5, 0,0410253 / 6,802646

2, 0,07358 / 6,880107

5, 0,2282686 / 7,093316

2, 0,1726995 / 7,262347

0, 0,0606218 / 7,322968

5, 0,0922882 / 7,388368

1, 0,2137765 / 7,609347

0, 0,3397412 / 7,949089

2, 0,0753896 / 7,983636

1, 0,9367626 / 8,91522

0, 0,1401845 / 9,055405

1, 0,3104182 / 9,289915

0, 0,3257667 / 9,615682

1, 0,2420502 / 9,829656

2, 0,2177931 / 10,03879

5, 0,1716119 / 10,03879

0, 0,1010106 / 10,1398

5, 0,1010106 / 10,16869

2, 0,2657286 / 10,36703

1, 0,0999655 / 10,44274

0, 0,2461356 / 10,68888

1, 0,2641697 / 10,92934

0, 1,142928 / 12,07227

4, 0,5340242 / 12,55269

5, 0,3260176 / 12,55269

2, 0,2311201 / 12,79624

1, 0,3557466 / 13,15318

0, 0,2874785 / 13,44065

4, 0,0415125 / 13,44065

0, 0,0717399 / 13,51239

4, 0,0717399 / 13,54268

5, 0,4184257 / 13,89323

4, 0,5981331 / 14,16669

2, 0,2175717 / 14,38647

1, 0,4410444 / 14,83973

0, 0,0724942 / 14,91222

1, 0,4317077 / 15,31151

0, 0,2026012 / 15,51411

1, 0,1204223 / 15,59587

0, 0,6293919 / 16,22526

2, 0,035751 / 16,22526

1, 0,934199 / 17,15285

0, 0,1185014 / 17,27135

2, 0,368224 / 17,58372

4, 0,2268084 / 17,82521

5, 0,2268084 / 17,82521

2, 0,0424196 / 17,86365

4, 0,08621781 / 17,94012

5, 0,08621781 / 17,94012

2, 0,0286926 / 17,97303

1, 0,3749354 / 18,35477

2, 0,7685587 / 19,123

4, 0,0284914 / 19,27065

2, 0,0328831 / 19,32022

5, 0,1870437 / 19,32022

7, 0,049568 / 19,3825

0, 0,5576022 / 19,94011

7, 0,2419238 / 20,15397

6, 0,3445191 / 20,5019

7, 0,0453623 / 20,53737

6, 0,0662896 / 20,60825

0, 0,2593006 / 20,86755

6, 0,041445 / 20,86755

0, 0,0662307 / 20,93378

6, 0,3685016 / 21,2738

0, 0,0806406 / 21,35444

7, 0,3065819 / 21,60946

6, 0,14236 / 21,78233

0, 0,0592656 / 21,84159

6, 0,0592656 / 21,88081

2, 0,1677135 / 22,0331

1, 0,4722496 / 22,51135

0, 0,1830937 / 22,69444

3, 0,0283729 / 22,69444

0, 0,3332427 / 23,02769

2, 0,2118388 / 23,19909

1, 0,7826732 / 23,98529

2, 0,2749326 / 24,26783

5, 0,4172118 / 24,6806

4, 0,0365801 / 24,70994

0, 0,499116 / 25,20906

2, 0,0408863 / 25,20906

0, 0,078848 / 25,2879

1, 0,6441155 / 25,89373

2, 0,0405572 / 25,92561

0, 0,1100911 / 26,0357

1, 2,367223 / 28,35567

0, 0,0689312 / 28,4246

1, 0,0289621 / 28,4246

0, 0,8602985 / 29,2849

4, 0,2457846 / 29,51117

5, 0,1771088 / 29,68517

0, 0,079831 / 29,765

5, 0,079831 / 29,7973

2, 0,3025872 / 30,0864

4, 0,2214306 / 30,32386

5, 0,2187027 / 30,53998

0, 0,3108463 / 30,85083

5, 0,0419984 / 30,88219

4, 0,2294397 / 31,0431

2, 0,0330045 / 31,0806

1, 0,4007455 / 31,47997

2, 0,4180435 / 31,90074

1, 0,1676 / 32,05037

2, 0,0208866 / 32,08471

0, 1,025472 / 33,11017

1, 0,3351827 / 33,39465

0, 0,6180438 / 34,01268

1, 0,0421791 / 34,01268

0, 0,2003834 / 34,21307

1, 0,2444216 / 34,43853

0, 0,0577994 / 34,49632

2, 0,4283729 / 34,89417

1, 0,3598139 / 35,2514

5, 0,0266045 / 35,33951

5, 0,3422801 / 35,95692

2, 0,7302098 / 35,9966

0, 0,1145376 / 36,11114

1, 0,1152831 / 36,19667

0, 0,1169988 / 36,31367

2, 0,0437693 / 36,31367

0, 0,4446003 / 36,75827

1, 0,2276451 / 36,94335

0, 1,499165 / 38,44251

1, 0,2713478 / 38,69403

0, 0,2908786 / 38,98491

5, 0,1342368 / 39,14022

4, 0,7703233 / 39,72641

0, 0,0849878 / 39,8114

4, 0,0849878 / 39,85117

2, 0,1178494 / 39,97488

0, 0,1592418 / 40,13413

1, 0,3076564 / 40,39894

2, 0,2126118 / 40,61266

1, 0,2562753 / 40,89673

2, 0,0679916 / 40,92885

0, 0,2972306 / 41,22608

1, 0,2469734 / 41,44381

0, 0,5556989 / 41,99951

2, 0,0450549 / 41,99951

1, 0,5968438 / 42,59927

0, 0,3419841 / 42,94126

1, 0,028968 / 42,94126

0, 3,342069 / 46,28333

2, 0,0833807 / 46,32381

0, 0,2998156 / 46,62363

1, 0,2933843 / 46,85196

0, 0,3311817 / 47,18314

1, 0,2223258 / 47,35686

0, 0,3795145 / 47,73638

1, 0,2407778 / 47,94216

0, 0,0662699 / 48,00843

2, 0,2627585 / 48,23558

1, 0,4731557 / 48,71298

0, 0,3267585 / 49,03974

2, 0,0375982 / 49,03974

1, 0,1855186 / 49,22316

2, 0,0347381 / 49,26852

5, 0,2029228 / 49,46485

0, 0,0577169 / 49,52256

5, 0,130083 / 49,62561

1, 0,8360071 / 50,47184

5, 0,2357677 / 50,88261

4, 1,524438 / 51,98263

2, 0,09501439 / 52,08181

0, 0,1922656 / 52,27408

1, 0,6275672 / 52,85227

2, 0,0291915 / 52,88454

2, 0,0297223 / 53,39627

5, 0,6282082 / 53,50615

1, 0,7144293 / 54,22849

0, 0,09587669 / 54,32437

1, 0,0450104 / 54,32437

2, 0,7930356 / 55,09177

0, 2,302927 / 57,39469

1, 0,1497781 / 57,49268

0, 0,09834071 / 57,59102

1, 0,3081915 / 57,86805

2, 0,4335583 / 58,29297

5, 0,0267508 / 58,32698

0, 0,1237353 / 58,45072

5, 0,1485562 / 58,5544

StartAnim : touchMagazine / 58,90938

0, 0,9388481 / 59,49324

4, 0,0528929 / 59,53719

0, 0,1023326 / 59,63952

4, 0,0715164 / 59,63952

5, 0,1182219 / 59,76861

2, 0,8997174 / 60,66703

0, 0,08925959 / 60,75629

4, 0,201741 / 60,92148

5, 0,0527105 / 60,94951

2, 0,5603599 / 61,5134

1, 0,2007072 / 61,70884

0, 0,1394724 / 61,84831

2, 0,6452507 / 62,47842

1, 0,1686274 / 62,65158

0, 0,1544986 / 62,80608

2, 0,4007823 / 63,18125

0, 0,155793 / 63,33705

4, 0,2180711 / 63,47983

0, 0,1166703 / 63,5965

4, 0,0582801 / 63,63649

0, 0,0549141 / 63,6914

5, 0,0549141 / 63,73783

0, 0,1311706 / 63,869

4, 0,184059 / 64,00436

0, 0,0793088 / 64,08367

4, 0,0383915 / 64,08367

0, 0,1821644 / 64,26583

4, 0,1361908 / 64,39445

2, 0,0570589 / 64,42957

0, 0,081781 / 64,51134

1, 0,1795806 / 64,63471

2, 0,3133824 / 64,957

5, 0,2878139 / 64,957

4, 0,3454885 / 65,29768

5, 0,3283515 / 65,63927

2, 0,0428999 / 65,67139

1, 0,3236383 / 65,99977

2, 0,346453 / 66,33794

4, 0,2270709 / 66,5602

5, 0,1381088 / 66,5602

0, 0,0653416 / 66,62553

5, 0,0653416 / 66,65287

2, 0,0273397 / 66,69558

0, 0,098279 / 66,79386

1, 0,4185983 / 67,15367

2, 0,5376634 / 67,67924

0, 0,2002018 / 67,87945

2, 0,0634966 / 67,87945

**********------------scene2------------**********

1, 0,028551 / 0,0398753

0, 0,7979956 / 0,8378708

4, 0,0422308 / 0,8378708

2, 0,1689184 / 0,996797

0, 1,1158 / 2,112597

4, 0,0467319 / 2,112597

0, 0,11223 / 2,224827

2, 0,1316166 / 2,342588

0, 0,6007024 / 2,943291

7, 0,0624615 / 2,985521

0, 0,0761725 / 3,061693

5, 0,0434416 / 3,183929

4, 0,1984085 / 3,2255

0, 0,1163469 / 3,341847

4, 0,3279696 / 3,6364

7, 0,0253512 / 3,668129

4, 0,08839 / 3,745801

0, 0,2561627 / 4,001964

7, 0,0278927 / 4,001964

0, 0,0942683 / 4,096232

6, 0,0468949 / 4,096232

0, 0,3113622 / 4,407595

7, 0,2939554 / 4,63906

0, 0,1308065 / 4,769866

6, 0,0833777 / 4,83835

0, 0,1183226 / 4,956673

7, 0,2517227 / 5,157675

0, 0,341736 / 5,499411

2, 0,3125028 / 5,752839

1, 0,8026432 / 6,567463

0, 0,148202 / 6,715665

1, 0,1115984 / 6,812531

0, 0,1505899 / 6,963121

2, 0,3142506 / 7,247233

1, 0,2556627 / 7,514465

2, 0,3699204 / 7,880647

0, 0,3256383 / 8,206285

2, 0,0323461 / 8,206285

1, 0,5673556 / 8,783937

0, 0,09598359 / 8,87992

1, 0,2510426 / 9,097953

2, 0,0332262 / 9,121994

1, 0,5519977 / 9,693301

0, 0,5304009 / 10,2237

2, 0,0301138 / 10,2237

0, 0,1407644 / 10,36447

1, 0,4130153 / 10,73772

0, 0,0615228 / 10,79924

2, 0,2445934 / 11,00732

1, 0,1272556 / 11,13697

0, 0,0909821 / 11,22795

2, 0,3054487 / 11,50922

0, 0,3163002 / 11,82552

5, 0,0359724 / 11,82552

0, 0,0699548 / 11,89548

4, 0,1318037 / 11,99059

5, 0,2334016 / 12,22541

2, 0,0914282 / 12,29367

0, 0,2595887 / 12,55326

1, 0,7034284 / 13,22492

0, 0,0570844 / 13,28201

1, 0,1419676 / 13,39714

0, 0,5720043 / 13,96914

1, 0,244241 / 14,15939

0, 0,0656716 / 14,22506

2, 0,3113357 / 14,5115

5, 1,005961 / 15,51069

4, 0,495096 / 15,72698

5, 0,3525474 / 16,03853

1, 0,3690145 / 16,40542

0, 0,9039983 / 17,30941

3, 0,2007071 / 17,47607

0, 0,1932513 / 17,66932

1, 0,7158282 / 18,35255

0, 0,7689769 / 19,12153

2, 0,0212161 / 19,12153

1, 0,0768518 / 19,20467

0, 0,188356 / 19,39303

1, 0,2446927 / 19,62358

0, 0,8241403 / 20,44772

1, 0,0399777 / 20,44772

0, 0,1574118 / 20,60513

1, 0,1392142 / 20,72087

0, 0,1037756 / 20,82465

1, 1,01157 / 21,80662

2, 0,0288379 / 21,83979

1, 0,2325849 / 22,0662

2, 0,4116304 / 22,49608

0, 0,0705356 / 22,56661

1, 0,7450008 / 23,28483

0, 0,1148401 / 23,39967

4, 0,0336561 / 23,39967

0, 0,0821863 / 23,48186

4, 0,411848 / 23,84442

0, 0,0800503 / 23,92447

6, 0,3544971 / 24,24375

0, 0,7807957 / 25,02454

2, 0,0386296 / 25,02454

0, 0,0849879 / 25,10953

2, 0,157622 / 25,20928

0, 0,1848432 / 25,39413

2, 0,0804299 / 25,46934

0, 0,3086162 / 25,77795

2, 0,0440857 / 25,77795

0, 0,2494905 / 26,02744

2, 0,0231955 / 26,02744

5, 0,2825778 / 26,30862

4, 0,3421331 / 26,58544

7, 0,0437294 / 26,62661

0, 0,1654305 / 26,79204

4, 0,0516914 / 26,85295

7, 0,0609113 / 26,88206

0, 0,2329396 / 27,115

4, 0,0611996 / 27,15116

0, 0,0580484 / 27,20921

6, 0,5593392 / 27,74161

7, 0,0311085 / 27,78166

6, 0,0698507 / 27,84962

0, 0,7901509 / 28,63977

2, 0,06332611 / 28,67103

0, 0,1089261 / 28,77995

2, 0,0313102 / 28,77995

0, 0,2144239 / 28,99438

3, 0,0310874 / 28,99438

0, 0,5425741 / 29,53695

4, 0,0655447 / 29,56621

0, 0,2153185 / 29,78152

3, 0,0332357 / 29,78152

0, 0,7435511 / 30,52507

2, 0,029064 / 30,52507

0, 0,3134387 / 30,83851

3, 0,0278578 / 30,83851

0, 0,4012845 / 31,2398

4, 0,3483906 / 31,55315

0, 0,211572 / 31,76472

4, 0,1102852 / 31,83557

0, 0,2777603 / 32,11333

4, 0,0615903 / 32,14394

0, 0,2784599 / 32,4224

4, 0,2863221 / 32,66997

5, 0,0294619 / 32,66997

2, 0,0350947 / 32,71126

0, 1,297161 / 34,00842

1, 0,1869672 / 34,19439

0, 0,5701119 / 34,7645

1, 0,1808794 / 34,91016

0, 0,3580061 / 35,26816

1, 0,7867064 / 36,01051

0, 0,3141535 / 36,32466

1, 1,597768 / 37,89646

0, 0,4382091 / 38,33467

2, 0,0562888 / 38,36547

0, 0,1487404 / 38,51421

2, 0,0780052 / 38,55288

StartAnim : shortLook / 38,82735

0, 0,3138374 / 38,86672

2, 0,213132 / 39,02702

0, 0,3250861 / 39,3521

1, 1,432225 / 40,73861

0, 0,2258249 / 40,96444

**********------------scene3------------**********

1, 0,3097891 / 0,0293336

2, 0,1118961 / 0,1421315

0, 0,0827308 / 0,2248623

2, 0,0305655 / 0,2248623

0, 1,304109 / 1,528971

2, 0,3651601 / 1,87877

5, 0,2526914 / 1,87877

0, 0,112766 / 1,991536

4, 0,1233155 / 2,099975

7, 0,0217139 / 2,130037

0, 0,1275393 / 2,257576

7, 1,257512 / 3,486982

0, 0,0857601 / 3,572742

7, 0,2078453 / 3,743555

6, 0,3185639 / 4,077034

0, 0,2861271 / 4,363161

7, 0,0124249 / 4,363161

0, 0,0673921 / 4,430553

6, 0,0356428 / 4,430553

0, 0,8009139 / 5,231467

2, 0,3279212 / 5,527745

2, 0,142789 / 5,838777

5, 0,3250431 / 5,838777

4, 0,2873752 / 6,146977

5, 0,4159521 / 6,560503

0, 0,3170456 / 6,877549

2, 0,1753485 / 7,01476

0, 0,0893663 / 7,104126

2, 0,2557201 / 7,331235

0, 0,1693032 / 7,500538

2, 0,0305407 / 7,500538

0, 0,0822769 / 7,582815

2, 0,2946044 / 7,807781

0, 0,3525675 / 8,160348

3, 0,1979338 / 8,332225

0, 0,1214386 / 8,453663

4, 0,0506551 / 8,453663

5, 0,064665 / 8,485614

2, 1,133743 / 9,614639

1, 0,5411232 / 10,15541

2, 0,0598757 / 10,21408

0, 0,2561136 / 10,47019

2, 0,0250375 / 10,47019

5, 0,0250375 / 10,47019

0, 0,9414048 / 11,4116

2, 0,337445 / 11,72739

1, 0,2309555 / 11,95674

2, 0,6596478 / 12,61013

0, 0,1773896 / 12,78752

2, 0,07861941 / 12,84361

0, 0,106448 / 12,95006

2, 0,1277546 / 13,03148

0, 0,315828 / 13,34731

2, 0,0363959 / 13,34731

0, 0,1367683 / 13,48408

1, 0,2264384 / 13,68276

2, 0,2960508 / 13,96817

0, 0,2012446 / 14,16941

4, 0,1103893 / 14,23976

1, 0,013469 / 14,25672

0, 0,2866347 / 14,54335

1, 2,961244 / 17,4719

0, 0,0587336 / 17,53063

1, 0,0587336 / 17,55797

2, 0,3669913 / 17,92872

0, 0,0570865 / 17,98581

1, 0,3151658 / 18,27283

0, 0,3991843 / 18,67202

2, 0,2549229 / 18,89779

1, 0,4259357 / 19,33096

0, 0,2233223 / 19,55428

2, 0,0560749 / 19,5869

0, 0,3809416 / 19,96784

2, 0,6330197 / 20,56801

1, 0,2891262 / 20,85371

0, 0,1456677 / 20,99938

2, 0,0675025 / 21,05552

5, 0,2549212 / 21,28302

4, 0,4057333 / 21,68469

5, 0,1108934 / 21,82763

0, 0,0448668 / 21,8725

5, 0,1279992 / 21,98531

2, 0,4328659 / 22,41572

0, 0,0554737 / 22,47119

2, 0,0822113 / 22,53025

4, 0,0569274 / 22,58738

0, 0,2121373 / 22,79952

2, 0,1108368 / 22,91107

0, 0,162002 / 23,07307

1, 1,514791 / 24,55854

2, 0,0311475 / 24,58747

1, 0,8244527 / 25,4129

0, 0,1086096 / 25,52151

1, 0,0812835 / 25,53862

0, 0,6043223 / 26,14294

1, 0,8585902 / 26,97291

0, 0,4551146 / 27,42803

3, 0,0318481 / 27,42803

0, 0,4916193 / 27,91965

1, 0,2823577 / 28,15076

2, 0,4942657 / 28,65463

5, 0,0243503 / 28,68446

2, 0,2607045 / 28,94205

0, 0,3316645 / 29,27371

2, 0,213014 / 29,44789

4, 0,1223021 / 29,58751

0, 0,2813789 / 29,86889

2, 0,0237561 / 29,86889

0, 0,2485139 / 30,1174

2, 0,0633162 / 30,17438

5, 0,3116261 / 30,45191

2, 0,289435 / 30,73936

0, 0,0591521 / 30,79851

1, 0,1841206 / 30,94154

0, 0,08681759 / 31,02836

2, 0,6321809 / 31,62934

1, 0,2848082 / 31,9129

2, 0,3456192 / 32,2542

5, 0,6025809 / 32,56913

2, 0,2590901 / 32,83071

StartAnim : armStretch / 32,83071

0, 0,0833132 / 32,91402

1, 0,257747 / 33,14108

2, 0,2849568 / 33,42723

5, 0,2618111 / 33,65491

2, 0,6551149 / 34,31626

1, 0,5161214 / 34,83091

4, 0,0280687 / 34,85302

2, 0,3095038 / 35,13848

4, 0,2013408 / 35,34147

0, 0,1711747 / 35,51264

5, 0,2111555 / 35,71395

2, 0,0562258 / 35,76936

0, 0,283826 / 36,05318

1, 0,4551841 / 36,48439

0, 0,3678033 / 36,8522

StartAnim : longLook / 37,11153

StartAnim : handSalute / 37,3979

1, 1,30952 / 38,14292

0, 0,0538823 / 38,1968

4, 0,4292605 / 38,59728

2, 0,0566501 / 38,656

0, 0,2808742 / 38,93687

1, 0,9433742 / 39,82838

2, 0,0327931 / 39,85513

1, 0,0550394 / 39,91253

2, 0,4552543 / 40,36974

0, 0,0593247 / 40,42906

2, 0,0266589 / 40,42906

0, 0,0667407 / 40,4958

2, 0,2790373 / 40,72771

0, 0,057605 / 40,78531

StartAnim : faceSmile / 41,59675

1, 0,8690475 / 41,6289

2, 0,058327 / 41,68844

0, 0,1402421 / 41,82868

2, 0,0182168 / 41,82868

0, 0,1833059 / 42,01199

4, 0,09836119 / 42,07597

2, 0,0544698 / 42,12659

0, 0,3208974 / 42,44749

1, 0,3667229 / 42,7858

0, 0,4255072 / 43,21131

1, 0,3662791 / 43,5565

2, 0,0325611 / 43,58535

1, 0,0539818 / 43,64133

2, 0,0308469 / 43,67552

1, 0,316111 / 43,98468

2, 0,4275073 / 44,4106

5, 0,0256493 / 44,44128

2, 0,0859288 / 44,52686

0, 0,0825407 / 44,6094

2, 0,1476664 / 44,75768

4, 0,0985385 / 44,84189

0, 0,1654033 / 45,00729

4, 0,2123394 / 45,17067

0, 0,0835088 / 45,25418

4, 0,6623287 / 45,91501

2, 0,0313189 / 45,9431

1, 0,9145876 / 46,86305

2, 0,5378764 / 47,39937

5, 0,0319096 / 47,42865

4, 0,3127921 / 47,74608

0, 0,051543 / 47,79762

5, 0,2491519 / 48,00491

2, 0,0317278 / 48,05461

0, 0,2284962 / 48,28311

2, 0,0572302 / 48,31234

1, 1,170694 / 49,48158

0, 0,9473224 / 50,4289

1, 0,2285699 / 50,60652

2, 0,5445226 / 51,16742

0, 0,2311305 / 51,39855

1, 0,1444659 / 51,51671

2, 0,0336876 / 51,53802

1, 0,0213135 / 51,56695

2, 0,0289277 / 51,60057

1, 0,1998952 / 51,79713

0, 0,0807516 / 51,87788

4, 0,3429968 / 52,16673

0, 0,0581556 / 52,22489

4, 0,0581556 / 52,25262

0, 0,0707877 / 52,3234

4, 0,0586254 / 52,3234

5, 0,2738536 / 52,61126

2, 0,0261703 / 52,64238

0, 1,026653 / 53,66903

5, 0,2843678 / 53,92382

2, 0,4861683 / 54,12561

5, 0,0208984 / 54,12561

4, 0,6292178 / 54,75501

0, 0,257153 / 55,01217

4, 0,2633921 / 55,24451

0, 0,0776228 / 55,32214

2, 0,0289959 / 55,32214

0, 0,132024 / 55,45416

1, 0,1715028 / 55,59559

2, 0,2337207 / 55,83004

0, 0,0559054 / 55,88594

5, 0,0239717 / 55,88594

2, 0,4529644 / 56,31593

5, 0,0299516 / 56,31593

4, 0,6831906 / 56,9972

1, 0,3506514 / 57,34141

0, 0,1732968 / 57,51471

1, 0,2882674 / 57,80103

2, 0,3469955 / 58,1446

StartAnim : LongLook / 58,39845

1, 0,7389181 / 58,88789

2, 0,0355973 / 58,91505

1, 0,5441799 / 59,45306

2, 0,0210018 / 59,48501

1, 0,0842407 / 59,56725

0, 0,0620676 / 59,62931

1, 0,7297288 / 60,32676

0, 0,2600476 / 60,58681

1, 0,4339774 / 61,01291

2, 0,3125813 / 61,32863

0, 0,2928506 / 61,62149

1, 0,5345533 / 62,09664

4, 0,0828612 / 62,18079

0, 0,1716967 / 62,35249

4, 0,3154307 / 62,6394

2, 0,1763303 / 62,81295

0, 0,057273 / 62,87022

StartAnim : CaresseEntreCuisse / 62,87022

1, 0,2833602 / 63,12812

0, 0,1099146 / 63,23803

4, 0,2280301 / 63,4383

2, 0,0866208 / 63,52304

0, 0,1462404 / 63,66928

1, 0,4463736 / 64,09752

0, 0,3158381 / 64,41335

4, 0,679634 / 65,05374

4, 0,0550797 / 65,16678

5, 0,4002019 / 65,16678

1, 0,5777355 / 65,74139

0, 0,0566191 / 65,79801

1, 0,2244017 / 65,99765

2, 0,5726082 / 66,5675

0, 0,0853234 / 66,65282

1, 0,7551132 / 67,38312

2, 0,2867043 / 67,66837

StartAnim : faceSmile / 68,38872

1, 1,717043 / 69,38368

2, 0,0273574 / 69,41565

1, 0,3706372 / 69,78247

0, 0,3143057 / 70,09677

1, 0,7855492 / 70,88319

2, 0,3149598 / 71,19971

0, 0,0503986 / 71,25011

1, 0,401177 / 71,62906

**********------------scene4------------**********

2, 0,4262359 / 0,0535091

0, 0,4297608 / 0,4832699

1, 0,141262 / 0,5954761

2, 0,3281665 / 0,9231071

0, 0,0574296 / 0,9805367

2, 0,1672423 / 1,156483

4, 0,0598995 / 1,21002

5, 0,2613988 / 1,21002

0, 0,1157989 / 1,325819

4, 0,0353072 / 1,354842

5, 0,0353072 / 1,354842

0, 0,0862096 / 1,441052

4, 0,2663636 / 1,680932

5, 0,2468197 / 1,871518

StartAnim : LongLook / 2,510996

StartAnim : HandSalute / 2,810284

5, 0,4462775 / 2,960755

2, 1,248381 / 3,063396

0, 0,1759966 / 3,239392

1, 0,214976 / 3,420434

2, 0,130478 / 3,559031

5, 0,0695531 / 3,579032

0, 0,0434406 / 3,622473

1, 0,1094511 / 3,698375

4, 0,1105613 / 3,978094

5, 0,2649049 / 3,978094

0, 0,2415399 / 4,219634

4, 0,3132106 / 4,508037

4, 0,0300483 / 4,578345

4, 0,0319988 / 4,66935

5, 0,4637673 / 4,66935

StartAnim : SitCrossLegs / 4,695139

2, 0,0797732 / 4,774476

0, 0,2665587 / 5,041035

2, 0,0149468 / 5,041035

0, 0,1982688 / 5,239303

2, 0,3503848 / 5,577705

4, 0,0851339 / 5,616765

5, 0,4126268 / 5,910608

0, 0,3250906 / 6,235699

5, 0,1434488 / 6,363094

0, 0,0426107 / 6,405705

5, 0,0667556 / 6,475531

2, 0,7485945 / 7,207533

5, 0,0290888 / 7,241161

2, 0,1583663 / 7,396987

4, 0,4021748 / 7,60885

4, 0,086059 / 7,75088

5, 0,3290094 / 7,75088

0, 0,2117188 / 7,962599

7, 0,0697471 / 7,982767

5, 0,1325836 / 8,125059

0, 0,1155561 / 8,240616

2, 0,7029615 / 8,92363

1, 0,3627978 / 9,183411

2, 0,0242969 / 9,213726

1, 0,2263021 / 9,460019

2, 0,8721882 / 10,30973

0, 0,0546825 / 10,36441

1, 0,1402578 / 10,4904

0, 0,4503762 / 10,94078

2, 0,0295272 / 10,94078

0, 0,0859681 / 11,02675

1, 0,3269382 / 11,32346

2, 0,411053 / 11,73582

0, 0,1731439 / 11,90896

1, 0,2253495 / 12,12038

1, 0,0842056 / 12,2165

2, 0,337019 / 12,2165

5, 0,0119194 / 12,24457

4, 0,1623758 / 12,43364

2, 0,2627381 / 12,51138

5, 0,0321413 / 12,53507

4, 0,0236847 / 12,55873

2, 0,798429 / 13,33467

0, 0,0422086 / 13,37688

2, 0,3431302 / 13,69328

1, 0,430505 / 14,13934

1, 0,08473539 / 14,23775

StartAnim : LongLook / 14,2958

2, 0,2590906 / 14,39499

1, 0,2045502 / 14,49798

2, 0,3037669 / 14,7956

0, 0,2415984 / 15,0372

2, 0,5479789 / 15,58194

1, 0,2972812 / 15,8796

2, 0,3688327 / 16,23487

0, 0,0425072 / 16,27738

4, 0,0186375 / 16,27738

5, 0,0186375 / 16,27738

2, 0,6816047 / 16,95143

0, 0,0558451 / 17,00727

1, 0,7108316 / 18,03557

4, 0,0725572 / 18,13392

2, 1,830356 / 18,81032

4, 0,0285327 / 18,83488

5, 0,0285327 / 18,83488

2, 0,3986291 / 19,2364

1, 0,4750225 / 19,53444

1, 0,0457349 / 19,62234

2, 0,635654 / 20,06565

4, 0,0448503 / 20,09817

5, 0,0294548 / 20,09817

1, 0,2127194 / 20,49277

1, 0,3959635 / 21,29317

1, 0,0420688 / 21,35188

4, 0,0239833 / 21,39384

2, 1,760813 / 21,85136

StartAnim : EyeBlink / 21,88298

0, 0,0587335 / 21,9101

2, 0,0587335 / 21,93596

0, 0,0728854 / 22,00885

4, 0,0447219 / 22,06325

5, 0,1029894 / 22,06325

2, 0,0969359 / 22,11218

4, 0,1752707 / 22,29289

5, 0,1752707 / 22,29289

2, 0,3544381 / 22,63632

1, 0,3698822 / 22,65388

1, 0,0252778 / 22,71367

2, 0,0986976 / 22,75138

0, 0,0645918 / 22,81598

1, 0,1902376 / 23,19808

1, 0,0193344 / 23,27999

2, 0,5286078 / 23,31257

0, 0,6261364 / 23,93871

4, 0,0724951 / 23,99843

2, 0,3013638 / 24,21968

4, 0,0264411 / 24,24296

5, 0,049726 / 24,26549

2, 0,1340335 / 24,3977

1, 0,1870358 / 24,59704

2, 0,3082475 / 24,86922

5, 0,6115021 / 25,23683

2, 0,1503411 / 25,36966

0, 0,0497016 / 25,41936

2, 0,1103332 / 25,51226

7, 0,1971542 / 25,69579

0, 0,104825 / 25,80062

7, 0,0383547 / 25,80062

3, 0,07591359 / 25,8959

2, 0,0300158 / 25,91977

0, 0,0428059 / 25,96257

2, 0,0834549 / 26,01478

1, 0,8452494 / 26,7951

2, 1,100937 / 27,89405

4, 0,0280989 / 27,92668

5, 0,0280989 / 27,92668

2, 0,0326244 / 27,95849

0, 0,048259 / 28,00675

5, 0,2068488 / 28,19231

4, 0,2335781 / 28,23552

1, 0,4998923 / 29,68031

2, 1,75069 / 29,86606

StartAnim : OpenLegs / 29,94985

0, 0,5698651 / 30,43593

2, 0,0279474 / 30,43593

4, 0,0134101 / 30,4745

5, 0,8680075 / 31,32097

2, 0,4273338 / 31,49184

1, 0,7576978 / 32,25021

2, 0,5524125 / 32,79864

4, 0,0990035 / 33,36483

5, 0,5879989 / 33,38852

0, 0,2875154 / 33,67603

7, 0,0371401 / 33,67603

0, 0,3473184 / 34,02335

6, 0,1985471 / 34,19581

0, 0,1215018 / 34,31731

7, 0,1946316 / 34,48441

0, 0,314855 / 34,79926

5, 0,0555261 / 35,39461

2, 0,7496995 / 35,53886

0, 0,1953376 / 35,7342

4, 0,2981384 / 36,45324

5, 1,073312 / 36,77765

2, 0,3995677 / 37,17642

1, 0,1792611 / 37,25306

1, 0,0116074 / 37,33654

2, 0,1152619 / 37,36765

1, 1,330246 / 38,69344

2, 0,3122213 / 39,00514

StartAnim : touchCouchInvite / 39,00514

0, 0,3752094 / 39,38036

2, 0,3169568 / 39,67825

0, 0,2254027 / 39,90365

2, 0,2522317 / 40,11514

5, 0,1995452 / 40,11514

0, 0,0503362 / 40,16548

5, 0,0305918 / 40,16548

2, 0,0812624 / 40,22095

0, 0,1729951 / 40,39395

2, 0,0805162 / 40,46489

1, 0,09300861 / 40,53946

2, 0,0097154 / 40,56499

StartAnim : FaceSmile / 40,79567

0, 0,3716658 / 40,93666

2, 0,2952799 / 41,18915

1, 0,4224854 / 41,61967

2, 1,023689 / 42,63543

0, 0,3993372 / 43,03476

2, 0,0286925 / 43,03476

0, 0,063278 / 43,09804

1, 0,4032404 / 43,46608

2, 0,0280795 / 43,49209

0, 0,2704188 / 43,7625

4, 0,3330698 / 44,09383

0, 0,1440943 / 44,23793

4, 0,2897756 / 44,49323

0, 0,2462081 / 44,73943

5, 0,0301055 / 44,73943

0, 0,0751385 / 44,81457

5, 0,1996251 / 44,9635

2, 0,4495342 / 45,23447

0, 0,4463834 / 45,68085

2, 0,4824247 / 46,13549

0, 0,07006741 / 46,20556

5, 0,3146829 / 46,6642

1, 0,0436786 / 46,81805

2, 0,7684199 / 46,94002

1, 0,428498 / 47,37991

0, 0,255352 / 47,63527

1, 0,2831192 / 47,89283

0, 0,3988163 / 48,29165

2, 0,2374692 / 48,5071

1, 0,1834033 / 48,69093

2, 0,3116169 / 48,99436

1, 0,0187078 / 49,01899

2, 0,1575632 / 49,17971

0, 0,1732415 / 49,35295

2, 0,0462715 / 49,37814

1, 0,1177 / 49,48486

2, 0,3999742 / 49,86572

0, 0,6987047 / 50,56443

4, 0,5548912 / 51,0912

0, 0,08137091 / 51,17257

4, 0,1061832 / 51,23961

2, 0,1666253 / 51,40454

1, 0,5091843 / 51,92231

**********------------scene5------------**********

2, 0,4392147 / 0,0256011

0, 0,7436612 / 0,7692624

5, 0,1087407 / 0,8344361

2, 0,1605296 / 1,033575

4, 0,0620581 / 1,610541

5, 0,6619123 / 1,610541

2, 0,2090889 / 1,828281

1, 0,272364 / 1,9846

2, 0,3540188 / 2,337313

0, 1,289482 / 3,626794

2, 0,3002865 / 3,896507

4, 0,0529656 / 4,23928

5, 0,3417944 / 4,23928

0, 0,2361366 / 4,475416

5, 0,0133215 / 4,475416

0, 0,0535289 / 4,528944

5, 0,0324035 / 4,528944

0, 0,2276738 / 4,756618

4, 0,1165039 / 4,889226

4, 0,0514226 / 5,133475

5, 0,4231893 / 5,133475

1, 0,0302964 / 5,524132

2, 0,4043783 / 5,557074

1, 0,3719026 / 5,922547

0, 0,4866237 / 6,409171

1, 0,3579899 / 6,738786

2, 0,015526 / 6,765353

1, 0,0509509 / 6,834558

4, 0,0448223 / 6,85995

2, 0,3592677 / 7,24794

4, 0,3662016 / 7,462262

5, 0,3274509 / 7,462262

0, 0,0478319 / 7,510094

5, 0,1418351 / 7,626211

2, 0,0702612 / 7,689

4, 0,3219047 / 7,808713

5, 0,1098084 / 7,808713

2, 0,6101663 / 8,425484

1, 0,2496273 / 8,670742

2, 0,5096995 / 9,18656

StartAnim : ShortLook / 9,668857

1, 0,5442239 / 9,722963

2, 0,6397149 / 10,3534

StartAnim : FaceSmile / 10,6371

1, 0,841408 / 11,18293

2, 0,8143722 / 11,98348

1, 0,98691 / 12,96512

2, 0,0525939 / 13,00981

3, 0,0189864 / 13,03564

4, 0,384827 / 13,65184

3, 0,0258108 / 13,86688

5, 0,8760511 / 13,90199

0, 0,4048668 / 14,30685

1, 0,6006809 / 14,8965

4, 0,0220579 / 15,1515

2, 0,7609499 / 15,63533

2, 0,0301303 / 15,95194

1, 0,6196663 / 16,25139

2, 0,2420179 / 16,49365

5, 0,0223079 / 16,52192

4, 0,0505839 / 16,56095

2, 0,2563511 / 16,76257

4, 0,2266042 / 16,98789

4, 0,1073498 / 17,12425

5, 0,3452414 / 17,12425

2, 0,0290116 / 17,15617

1, 0,5836158 / 17,74182

2, 0,4742709 / 18,20742

4, 0,025282 / 18,23002

5, 0,025282 / 18,23002

2, 0,5743288 / 18,80868

1, 0,2846742 / 19,09455

2, 0,6250186 / 19,70784

1, 0,2849459 / 19,98147

StartAnim : OpenLegs / 20,15027

4, 0,0382557 / 20,29257

2, 0,5438864 / 20,50754

4, 0,0555952 / 20,5663

4, 0,229948 / 21,73186

StartAnim : TouchCouchInvite / 22,44911

5, 2,37035 / 22,87806

StartAnim : LongLook / 22,9603

2, 0,2301564 / 23,12156

0, 0,0545143 / 23,17607

1, 0,1055829 / 23,2498

StartAnim : FaceSmile / 23,37405

2, 0,8394512 / 24,09151

0, 0,1591728 / 24,25069

1, 0,2884398 / 24,52493

2, 0,7434829 / 25,26576

5, 0,0425459 / 25,31114

2, 0,1581465 / 25,50698

5, 0,0559347 / 25,52705

2, 0,2098274 / 25,73827

0, 0,3282793 / 26,06655

2, 0,0231487 / 26,06655

5, 0,6013029 / 26,67929

0, 0,15715 / 26,83644

5, 0,3941346 / 27,20995

0, 0,0400595 / 27,25001

5, 0,1033711 / 27,33818

0, 0,0527714 / 27,39095

5, 0,3753303 / 27,73765

5, 0,0205772 / 27,90904

2, 0,3152083 / 28,04354

0, 0,0367921 / 28,08033

2, 0,0207745 / 28,08033

0, 0,0594556 / 28,13979

1, 0,1963937 / 28,29171

2, 0,5044965 / 28,81034

5, 0,0291114 / 28,83522

2, 0,2397239 / 29,08111

5, 0,5570766 / 29,63615

0, 0,04108 / 29,67723

4, 0,0857838 / 29,75788

5, 0,0857838 / 29,75788

0, 0,0584234 / 29,8163

5, 0,2165358 / 29,98895

2, 0,7347045 / 30,74074

2, 0,054545 / 30,84511

5, 0,2313225 / 30,84511

0, 0,0459042 / 30,89101

2, 0,066867 / 30,93699

5, 0,066867 / 30,93699

0, 0,0701778 / 31,00717

4, 0,4043202 / 31,46577

5, 0,4830393 / 31,46577

StartAnim : PenisTouch / 31,76591

2, 0,7138711 / 32,18305

StartAnim : ShortLook / 32,3802

4, 0,2613172 / 32,44844

4, 0,08999661 / 32,56331

5, 0,3883657 / 32,56331

2, 0,753217 / 33,3094

StartAnim : CloseEyes / 35,06659

4, 1,900033 / 35,13507

5, 1,928204 / 35,13507

2, 0,2722669 / 35,40807

1, 0,1743877 / 35,58084

2, 0,2287795 / 35,80559

0, 0,043125 / 35,84871

1, 0,5881396 / 36,42481

5, 0,0252302 / 37,12139

2, 0,7767233 / 37,19181

4, 0,0601685 / 37,28182

5, 0,08153979 / 37,28182

2, 0,0844731 / 37,37532

5, 0,0388745 / 37,40015

2, 0,3745994 / 37,77901

StartAnim : OpenEyes / 37,88128

1, 0,3883746 / 38,16505

StartAnim : StartErect / 38,19315

5, 0,1128586 / 38,2816

2, 0,253634 / 38,42857

4, 3,662207 / 42,10895

5, 3,662207 / 42,10895

2, 0,0280477 / 42,14291

4, 0,0339582 / 42,16708

5, 0,0339582 / 42,16708

2, 0,3933738 / 42,56453

1, 0,028243 / 42,58638

2, 0,3447681 / 42,93855

StartAnim : CloseEyes / 43,00765

0, 0,1956432 / 43,1342

2, 0,2909429 / 43,40751

4, 0,0409297 / 43,43475

5, 0,0144699 / 43,43475

2, 0,057516 / 43,49252

0, 0,0718991 / 43,56442

4, 0,6643109 / 44,23402

5, 0,6798345 / 44,23402

2, 0,0245932 / 44,26601

4, 0,0879095 / 44,35408

5, 0,0879095 / 44,35408

2, 0,1872045 / 44,53792

StartAnim : OpenEyes / 44,56632

0, 0,07483839 / 44,61275

1, 0,1133325 / 44,70705

0, 0,0407588 / 44,74781

5, 0,0456554 / 45,29195

2, 1,357819 / 46,09195

4, 1,516843 / 47,60604

5, 1,557528 / 47,62714

0, 0,0390805 / 47,66622

4, 0,0685238 / 47,72448

5, 0,0685238 / 47,72448

2, 0,1199596 / 47,83951

0, 0,0538959 / 47,89341

StartAnim : CloseEyes / 47,92132

1, 0,6680216 / 48,5367

2, 0,2721078 / 48,80743

5, 0,0679651 / 48,83592

2, 0,0985862 / 48,91811

0, 0,0447754 / 48,96289

4, 0,8276125 / 49,87764

5, 0,9322922 / 49,87764

2, 0,1422006 / 50,02344

0, 0,1486736 / 50,17211

StartAnim : OpenEyes / 50,27869

StartAnim : StopTouchPenis / 50,74133

1, 0,634043 / 50,76456

4, 0,0825741 / 50,89256

2, 0,3330231 / 51,0944

5, 0,5297487 / 51,35758

StartAnim : TouchCouchInvite / 51,72173

0, 0,7373614 / 52,09493

6, 0,037733 / 52,09493

0, 0,2263563 / 52,32129

5, 0,2952237 / 52,60381

0, 0,2658156 / 52,86963

5, 0,2416464 / 53,07753

2, 0,3323064 / 53,40398

0, 0,2606166 / 53,6646

5, 0,263517 / 53,90833

0, 0,1992237 / 54,10755

2, 0,0291775 / 54,1635

5, 0,0704819 / 54,1635

0, 0,1140624 / 54,27756

**********------------scene6------------**********

2, 0,1594038 / 0,0287083

0, 0,3885427 / 0,417251

2, 0,2515881 / 0,6254561

StartAnim : OpenLegs / 0,714876

5, 0,5293687 / 1,092534

0, 1,153317 / 2,245851

2, 0,0539303 / 2,315844

2, 0,1461524 / 2,512768

5, 0,6844276 / 2,900906

2, 0,413811 / 3,313209

1, 0,0599769 / 3,395044

5, 0,0199679 / 3,674916

2, 0,3867927 / 3,759996

4, 0,2696955 / 4,684248

4, 0,07775719 / 4,798786

5, 1,050962 / 4,798786

2, 0,014358 / 4,836526

1, 0,4422666 / 5,256307

2, 0,8002509 / 6,056581

4, 0,2864569 / 6,398218

5, 0,539353 / 6,398218

StartAnim : LongLook / 6,865305

StartAnim : StartTouchPenis / 6,913099

1, 0,5928242 / 6,997787

2, 0,0216333 / 7,019141

4, 0,4906471 / 7,514257

5, 0,4906471 / 7,514257

0, 0,0591951 / 7,573452

4, 1,445018 / 8,986746

5, 1,445018 / 8,986746

0, 0,0557194 / 9,042465

4, 0,105777 / 9,104079

5, 0,105777 / 9,104079

2, 0,1370131 / 9,259491

1, 0,2107089 / 9,461946

2, 0,5242485 / 9,990771

StartAnim : CloseEyes / 10,04415

5, 0,1994384 / 10,09832

2, 0,2968179 / 10,31299

1, 0,7270204 / 11,04555

5, 0,3990927 / 11,44024

2, 0,4435778 / 11,88865

StartAnim : OpenEyes / 11,97265

0, 0,2107445 / 12,09939

4, 0,0223617 / 12,27959

5, 0,268283 / 12,32991

2, 0,2967411 / 12,6159

1, 0,7760061 / 13,39929

5, 0,0261001 / 13,42875

2, 0,3559412 / 13,75972

4, 1,015207 / 14,77247

5, 1,015207 / 14,77247

3, 0,0281328 / 14,80073

4, 0,0282605 / 14,85242

5, 0,0282605 / 14,85242

0, 0,7234728 / 15,5759

6, 0,2287423 / 15,7731

0, 0,0575004 / 15,8306

6, 0,2724296 / 16,06904

0, 0,3339108 / 16,40295

4, 0,1142865 / 16,48877

5, 0,1142865 / 16,48877

0, 0,0669325 / 16,55571

2, 0,4115668 / 16,93092

4, 0,1436305 / 17,07322

5, 0,1436305 / 17,07322

2, 0,086935 / 17,1817

0, 0,2123203 / 17,39402

4, 0,4541932 / 17,81264

4, 0,5980635 / 18,89793

5, 1,566118 / 18,89793

0, 0,1982888 / 19,09622

StartAnim : CloseEyes / 19,19936

5, 0,2936564 / 19,32942

1, 0,3736034 / 19,71598

2, 0,8891091 / 20,59959

4, 0,0261462 / 20,62918

5, 0,0557447 / 20,65716

2, 0,2011358 / 20,85485

StartAnim : OpenEyes / 21,83964

1, 1,303218 / 22,15536

0, 0,3578206 / 22,51318

2, 0,3165337 / 22,81452

0, 0,0793089 / 22,89383

2, 0,0383171 / 22,89383

0, 0,1040065 / 22,99783

2, 0,0304039 / 22,99783

0, 0,1333074 / 23,13114

2, 0,6377446 / 23,757

4, 0,4002977 / 24,15609

5, 0,4002977 / 24,15609

0, 0,0613349 / 24,21743

4, 0,0613349 / 24,24068

5, 0,0613349 / 24,24068

0, 0,1528087 / 24,39349

4, 0,0823108 / 24,44153

5, 0,0823108 / 24,44153

0, 0,1846271 / 24,62615

StartAnim : CloseEyes / 24,62615

4, 0,5510424 / 25,17089

5, 0,5783046 / 25,19806

0, 0,0882155 / 25,28627

4, 0,4601842 / 25,82541

5, 0,5506546 / 25,82541

0, 0,0642318 / 25,88964

4, 0,088897 / 25,94033

5, 0,088897 / 25,94033

0, 0,0604464 / 26,00077

4, 0,0309223 / 26,00077

5, 0,0309223 / 26,00077

0, 0,0647504 / 26,06553

4, 0,1332194 / 26,1982

5, 0,1974235 / 26,22047

2, 0,2684486 / 26,45624

4, 0,0106629 / 26,72885

StartAnim : FastPenisTouch / 26,83997

StartAnim : OpenEyes / 26,98479

4, 0,6433528 / 27,3959

5, 0,9558979 / 27,3959

0, 0,0452056 / 27,44111

4, 0,0269497 / 27,44111

5, 0,0269497 / 27,44111

0, 0,1203609 / 27,56147

4, 0,1062182 / 27,64071

5, 0,1062182 / 27,64071

0, 0,1231999 / 27,76391

4, 0,2877339 / 28,03991

5, 0,3136244 / 28,03991

2, 0,0856487 / 28,12685

1, 0,2821861 / 28,41557

StartAnim : CloseEyes / 28,60985

2, 0,6434267 / 29,05685

4, 0,063727 / 29,11218

5, 0,063727 / 29,11218

2, 0,3497912 / 29,4952

StartAnim : OpenEyes / 29,4952

5, 0,3149741 / 29,65634

2, 0,0576596 / 29,7105

1, 0,6005023 / 30,28511

2, 0,2288932 / 30,51154

0, 0,0738612 / 30,5854

StartAnim : CloseEyes / 31,02488

4, 0,9679562 / 31,57061

4, 0,1046878 / 31,78444

4, 0,54414 / 32,35421

5, 1,791087 / 32,35421

0, 0,0610731 / 32,41528

4, 0,0610731 / 32,44044

2, 0,0315988 / 32,57228

4, 0,0726714 / 32,68143

5, 0,2907442 / 32,68143

StartAnim : OpenEyes / 32,77089

2, 0,2214484 / 32,90862

1, 0,3734959 / 33,25671

0, 0,0677529 / 33,32446

StartAnim : PenisEjac / 33,37149

2, 0,5146483 / 33,79704

5, 0,0256864 / 33,82201

0, 0,0471298 / 33,86914

5, 0,1640492 / 34,01606

4, 0,1469181 / 34,04152

0, 0,1215988 / 34,16312

4, 0,46487 / 34,59656

5, 0,314361 / 34,59656

0, 0,0609556 / 34,65752

4, 0,0609556 / 34,68195

5, 0,0609556 / 34,68195

0, 0,43089 / 35,11283

4, 0,2419845 / 35,34233

5, 0,2724198 / 35,36947

2, 0,2969147 / 35,65491

1, 0,1996288 / 35,87922

2, 0,1046158 / 35,97103

4, 0,0158012 / 36,13305

5, 0,2319043 / 36,13305

0, 0,2195677 / 36,35261

StartAnim : StopTouchPenis / 36,39861

4, 0,0313366 / 37,03946

StartAnim : DeErect / 37,22766

5, 1,178225 / 37,49932

2, 0,0966846 / 37,59175

0, 0,1121089 / 37,70385

1, 0,0757018 / 37,77991

2, 0,049492 / 37,80104

0, 1,104318 / 38,90536

2, 0,144563 / 39,0166

1, 0,2288591 / 39,24008

2, 0,3385806 / 39,58378

0, 0,08697359 / 39,67076

2, 0,025122 / 39,67076

0, 0,1431647 / 39,81393

2, 0,0292504 / 39,81393

5, 0,5427748 / 40,35539

0, 0,1174505 / 40,47284

5, 0,0573963 / 40,49722

0, 0,0451282 / 40,54235

5, 0,0938648 / 40,60936

0, 0,2167768 / 40,82613

4, 0,0329703 / 40,85292

0, 0,4035354 / 41,25646

5, 0,0243548 / 41,25646

0, 0,0573434 / 41,3138

**********------------Fin_Relaxation------------**********

