**********------------scene1------------**********

0, 0,0744346 / 0,0744346

5, 0,0295266 / 0,0744346

2, 0,1861911 / 0,2407175

0, 0,1985873 / 0,4393048

1, 0,1144798 / 0,4393048

0, 0,0598362 / 0,499141

1, 0,7904041 / 1,267176

0, 0,3480722 / 1,615248

1, 0,1918296 / 1,77005

0, 0,1706333 / 1,940683

4, 0,0230025 / 1,940683

0, 0,0708885 / 2,011571

4, 0,0338989 / 2,011571

5, 0,0338989 / 2,011571

0, 0,0979073 / 2,109479

4, 0,0370085 / 2,109479

4, 0,0340836 / 2,169781

5, 0,1872003 / 2,227682

2, 0,1134514 / 2,343302

0, 0,0549004 / 2,398202

1, 0,0549004 / 2,438989

0, 0,0869462 / 2,525935

1, 0,4705707 / 2,941098

0, 0,7699395 / 3,711037

3, 0,0214542 / 3,711037

0, 0,0899899 / 3,801027

3, 0,5236307 / 4,303665

0, 0,1097632 / 4,413428

4, 0,0286991 / 4,413428

0, 0,1390305 / 4,552458

6, 0,0712473 / 4,586338

0, 1,095112 / 5,68145

1, 0,1416812 / 5,787941

0, 0,4532952 / 6,241236

3, 0,0391839 / 6,241236

0, 0,1874949 / 6,428731

2, 0,0327959 / 6,428731

0, 0,0764036 / 6,505135

1, 0,2397077 / 6,699802

3, 0,0313636 / 6,728534

1, 0,0547366 / 6,795594

0, 0,0929883 / 6,888582

1, 0,6146999 / 7,468877

2, 0,7469371 / 8,213331

1, 0,0262652 / 8,240841

0, 0,1019057 / 8,342747

2, 0,0756011 / 8,39652

0, 0,41589 / 8,81241

1, 0,1921512 / 8,986789

0, 0,165773 / 9,152561

4, 0,0823871 / 9,179126

0, 0,0912033 / 9,270329

2, 0,0274665 / 9,270329

4, 0,0389983 / 9,367679

5, 0,1276429 / 9,398506

0, 0,1011561 / 9,499662

5, 0,2539947 / 9,709667

2, 0,7808557 / 10,37284

1, 0,4463613 / 10,82519

0, 0,457994 / 11,28319

3, 0,0308062 / 11,28319

0, 0,2645812 / 11,54777

2, 0,1067955 / 11,61421

5, 0,0265459 / 11,6806

2, 0,0953157 / 11,74166

1, 0,2001369 / 11,93068

0, 0,2408496 / 12,17153

1, 0,3170964 / 12,46901

0, 0,3277319 / 12,79674

2, 0,6426824 / 13,3705

0, 0,267601 / 13,6381

1, 0,3353739 / 13,90213

0, 0,1131848 / 14,01532

4, 0,0384684 / 14,01532

5, 0,0384684 / 14,01532

0, 0,0937742 / 14,10909

5, 0,0420909 / 14,10909

0, 0,1178796 / 14,22697

1, 0,755986 / 14,98242

3, 0,1969775 / 15,0446

0, 0,295627 / 15,34023

2, 0,0328142 / 15,34023

0, 0,0973952 / 15,43762

2, 0,0973952 / 15,47199

0, 0,111128 / 15,58312

7, 0,135823 / 15,6593

0, 2,185183 / 17,84449

1, 0,1125779 / 17,95244

0, 0,1177924 / 18,07023

1, 0,3280528 / 18,36025

0, 0,1672065 / 18,52746

4, 0,044399 / 18,52746

5, 0,044399 / 18,52746

0, 0,5704955 / 19,09795

1, 0,068841 / 19,12938

0, 0,1975281 / 19,32691

1, 0,2794947 / 19,56777

0, 0,156704 / 19,72448

4, 0,0609796 / 19,7547

5, 0,0266053 / 19,7547

0, 0,1877991 / 19,9425

2, 0,1141812 / 20,02657

0, 0,06440639 / 20,09098

1, 0,8444744 / 20,91189

0, 0,0714945 / 20,98339

2, 0,0714945 / 21,01515

0, 0,0835642 / 21,09872

2, 0,2696913 / 21,34451

0, 0,4242562 / 21,76876

2, 0,189123 / 21,92338

0, 0,0599388 / 21,98332

1, 0,3172567 / 22,26638

0, 0,3739471 / 22,64033

2, 0,1621154 / 22,77201

0, 0,0869941 / 22,859

2, 0,0276324 / 22,859

0, 0,8228538 / 23,68185

5, 0,0322882 / 23,68185

0, 0,1430929 / 23,82494

3, 0,1307858 / 23,92876

1, 0,1973666 / 24,07943

3, 0,0230073 / 24,11288

0, 0,9129993 / 25,02588

1, 0,2731689 / 25,26671

3, 0,1564069 / 25,39744

1, 0,0645522 / 25,43522

0, 0,5790695 / 26,01429

1, 0,158184 / 26,18116

0, 0,055855 / 26,23702

3, 0,0280144 / 26,23702

0, 0,1058258 / 26,34284

1, 0,4699697 / 26,76804

0, 0,0900397 / 26,85808

1, 0,0619117 / 26,89734

0, 0,0581173 / 26,95546

1, 0,1200181 / 27,05337

0, 0,3611634 / 27,41453

1, 0,0266611 / 27,41453

0, 0,0726445 / 27,48717

1, 0,0726445 / 27,52914

0, 0,0980513 / 27,62719

1, 0,3592602 / 27,95234

0, 0,1490106 / 28,10135

2, 0,3982169 / 28,46789

1, 0,3757398 / 28,84143

0, 0,1306391 / 28,97206

1, 0,429046 / 29,36946

0, 0,0592873 / 29,42875

2, 0,062865 / 29,6809

5, 0,2878843 / 29,6809

0, 0,0876037 / 29,76851

5, 0,4135386 / 30,16906

0, 0,6270211 / 30,79608

1, 0,1938191 / 30,94436

0, 0,0663386 / 31,0107

4, 0,2242184 / 31,1958

0, 0,1283208 / 31,32412

5, 0,1471412 / 31,41181

0, 0,1186782 / 31,53049

1, 0,2142394 / 31,71441

0, 0,7833158 / 32,49773

4, 0,0281766 / 32,49773

1, 0,0324992 / 32,53385

0, 0,6912358 / 33,22508

1, 0,1130191 / 33,30204

2, 0,1446925 / 33,45486

0, 0,0735202 / 33,52838

2, 0,1124025 / 33,59881

0, 0,0564301 / 33,65524

2, 0,680653 / 34,31199

0, 0,1544453 / 34,46643

1, 0,2088468 / 34,62994

0, 0,2950094 / 34,92495

1, 0,4270686 / 35,32303

0, 0,3984508 / 35,72149

1, 0,0550832 / 35,75174

0, 1,190995 / 36,94273

2, 0,0303713 / 36,94273

0, 0,1043424 / 37,04708

2, 0,2172469 / 37,25229

0, 0,08751711 / 37,33981

4, 0,0300282 / 37,63749

5, 0,3358583 / 37,63749

0, 0,06566601 / 37,70316

2, 0,2652383 / 37,94324

0, 0,5411452 / 38,48439

2, 0,0273966 / 38,48439

0, 0,0738676 / 38,55825

2, 0,4675934 / 38,98448

1, 0,5889379 / 39,5682

0, 0,1566158 / 39,72482

1, 0,0289028 / 39,72482

0, 0,3304461 / 40,05527

1, 0,0462194 / 40,08015

0, 0,1993938 / 40,27954

1, 0,0926148 / 40,34093

0, 0,0576828 / 40,39861

1, 0,032627 / 40,39861

0, 0,0742406 / 40,47285

2, 0,2527135 / 40,66904

0, 0,056636 / 40,72568

1, 0,0305431 / 40,72568

2, 0,0260929 / 40,76001

0, 0,1679717 / 40,92798

2, 0,048748 / 40,97007

0, 0,0537045 / 41,02378

2, 0,029104 / 41,02378

1, 0,0246005 / 41,07933

0, 0,4877855 / 41,56712

1, 0,0567538 / 41,61257

0, 0,2470563 / 41,85962

2, 0,07844961 / 41,89633

0, 0,099678 / 41,99601

1, 0,3492518 / 42,33918

0, 0,2897167 / 42,62889

1, 0,1004008 / 42,69752

0, 1,340926 / 44,03845

1, 0,4166917 / 44,4254

0, 0,1251425 / 44,55054

2, 0,09752791 / 44,61239

0, 0,1100649 / 44,72245

1, 0,0306052 / 44,72245

0, 0,3176644 / 45,04011

4, 0,2756385 / 45,30104

1, 0,2382982 / 45,54008

2, 0,0323133 / 45,56902

5, 0,0323133 / 45,56902

1, 0,0626962 / 45,66507

0, 0,0857584 / 45,75082

2, 0,0902516 / 45,81171

1, 0,0269267 / 45,86526

2, 0,0535546 / 45,8935

0, 0,3424354 / 46,23594

1, 0,183083 / 46,41204

0, 0,1285353 / 46,54058

4, 0,0614926 / 46,58248

0, 0,0566177 / 46,6391

4, 0,1588252 / 46,77316

2, 0,0318578 / 46,81316

5, 0,190683 / 46,81316

1, 0,1386611 / 46,95544

0, 0,0725928 / 47,02803

1, 0,1528833 / 47,13107

0, 0,8368423 / 47,96791

1, 0,308202 / 48,22756

0, 0,0693931 / 48,29696

1, 0,0290529 / 48,29696

0, 0,154456 / 48,45142

2, 0,0266021 / 48,45142

2, 0,0413371 / 48,76543

5, 0,3466461 / 48,76543

0, 0,6275667 / 49,393

2, 0,0308779 / 49,393

0, 0,3150388 / 49,70804

1, 0,0263822 / 49,70804

0, 0,1296079 / 49,83765

1, 0,0278978 / 49,83765

0, 0,4581595 / 50,29581

1, 0,1962307 / 50,42834

0, 0,0664548 / 50,4948

1, 0,0937514 / 50,55683

0, 0,0684792 / 50,62531

1, 0,0684792 / 50,65614

0, 0,2240057 / 50,88015

1, 0,0439442 / 50,91246

3, 0,0323148 / 50,94338

0, 0,9425536 / 51,88594

2, 0,0284159 / 51,88594

0, 0,0684199 / 51,95436

2, 0,2358366 / 52,13984

0, 0,055716 / 52,19556

2, 0,1392434 / 52,3131

0, 0,05156 / 52,36466

2, 0,0291214 / 52,36466

0, 0,5044517 / 52,86911

5, 0,0282187 / 52,86911

0, 1,324282 / 54,19339

1, 0,1581837 / 54,29824

0, 0,5116696 / 54,80991

2, 0,151005 / 54,94988

0, 0,7165095 / 55,66639

1, 0,0552959 / 55,6957

0, 0,0554313 / 55,75113

2, 0,1126331 / 55,82819

0, 0,1811509 / 56,00934

2, 0,0838869 / 56,03175

0, 0,1370745 / 56,16883

2, 0,0387026 / 56,16883

0, 0,27258 / 56,44141

1, 0,0597104 / 56,47067

0, 0,2816248 / 56,75229

4, 0,0543577 / 56,78443

0, 0,336176 / 57,12061

4, 0,019857 / 57,12061

5, 0,019857 / 57,12061

0, 0,1044084 / 57,22501

2, 0,0359781 / 57,22501

1, 0,1158877 / 57,32898

0, 0,4807312 / 57,80971

5, 0,0281485 / 57,87216

4, 0,2214561 / 58,01181

0, 0,3987255 / 58,41053

1, 0,0304272 / 58,41053

0, 0,0676601 / 58,47819

1, 0,1306041 / 58,56476

0, 0,0645346 / 58,62929

1, 0,2003782 / 58,79927

StartAnim : touchMagazine / 58,91232

0, 3,099377 / 61,89863

1, 1,125576 / 62,98647

0, 0,2696109 / 63,25608

1, 0,0965359 / 63,32108

0, 0,4013658 / 63,72245

5, 0,0302721 / 63,72245

4, 0,0239403 / 63,76047

0, 0,0789311 / 63,8394

4, 0,0789311 / 63,88129

2, 0,0418874 / 63,91658

1, 0,3328208 / 64,23923

0, 0,1280594 / 64,36729

1, 0,0320495 / 64,36729

0, 0,1030742 / 64,47035

1, 0,0494799 / 64,47035

0, 0,2405269 / 64,71088

1, 0,3660746 / 65,05672

0, 0,0958039 / 65,15253

1, 0,0547964 / 65,21008

0, 0,9152039 / 66,12529

1, 0,1631994 / 66,24619

0, 0,578071 / 66,82426

3, 0,0282029 / 66,82426

0, 0,2768268 / 67,10109

2, 0,1772488 / 67,25363

0, 0,0900514 / 67,34368

1, 0,3026765 / 67,59532

0, 0,0630881 / 67,65842

1, 0,2184651 / 67,85377

**********------------scene2------------**********

0, 0,0620499 / 0,0307154

1, 0,0313345 / 0,0307154

0, 0,0745312 / 0,1052466

4, 0,0745312 / 0,1451144

0, 0,0559496 / 0,201064

4, 0,0861722 / 0,2860674

0, 0,144315 / 0,4303824

4, 0,0246834 / 0,4303824

0, 0,1430617 / 0,5734441

4, 0,0606778 / 0,6024497

3, 0,0290055 / 0,6311136

0, 0,1292026 / 0,7603163

4, 0,08921281 / 0,8329334

0, 0,1422999 / 0,9752333

4, 0,0341096 / 0,9752333

0, 0,2948595 / 1,270093

5, 0,0312784 / 1,270093

4, 0,1137832 / 1,348002

0, 0,2651702 / 1,613173

1, 0,8693784 / 2,445853

0, 0,2554202 / 2,701273

6, 0,0241735 / 2,701273

0, 0,1499795 / 2,851253

4, 0,0647069 / 2,888379

0, 0,2549949 / 3,143374

4, 0,1666502 / 3,28511

2, 0,1530202 / 3,416274

1, 0,3002074 / 3,714937

0, 0,0857592 / 3,800696

3, 0,0286979 / 3,800696

0, 0,2307771 / 4,031474

1, 0,1312728 / 4,141507

2, 0,1274806 / 4,260468

0, 0,0683778 / 4,328845

2, 0,0683778 / 4,384607

0, 0,5150075 / 4,899614

5, 0,1012204 / 5,02055

4, 0,4121268 / 5,260521

0, 0,0950529 / 5,355574

4, 0,054527 / 5,38554

2, 0,1383385 / 5,526711

1, 0,1471762 / 5,684668

0, 0,0576486 / 5,742316

1, 0,0576486 / 5,774037

0, 0,0676115 / 5,841649

1, 0,0676115 / 5,885711

0, 0,0585439 / 5,944255

3, 0,347403 / 6,27235

0, 0,2982903 / 6,57064

1, 0,3099992 / 6,79151

3, 0,3136619 / 7,113918

1, 0,8274519 / 7,942797

0, 0,2984579 / 8,241255

1, 1,500463 / 9,714667

0, 0,1789815 / 9,893648

1, 0,0732996 / 9,926784

0, 0,4924834 / 10,41927

5, 0,0304266 / 10,41927

0, 0,0684322 / 10,4877

2, 0,0389951 / 10,4877

1, 0,6997705 / 11,18859

2, 0,0305614 / 11,21947

5, 0,0308764 / 11,25795

4, 0,1666348 / 11,44219

0, 0,2600654 / 11,70226

4, 0,0232729 / 11,70226

4, 0,1045596 / 11,90785

5, 0,2435689 / 11,94522

0, 0,1478434 / 12,09307

2, 0,1094313 / 12,15733

0, 0,3303037 / 12,48763

2, 0,0386775 / 12,48763

1, 0,0293819 / 12,52442

0, 0,7122589 / 13,23668

2, 0,0757358 / 13,27244

0, 0,5293553 / 13,80179

2, 0,1015181 / 13,88597

5, 0,0432559 / 13,88597

0, 0,1554473 / 14,04142

2, 0,0564811 / 14,07295

1, 0,1565789 / 14,2183

2, 0,0203033 / 14,25884

1, 0,2647648 / 14,51354

0, 0,4706863 / 14,98422

1, 0,0247676 / 14,98422

0, 0,0860297 / 15,07025

1, 1,298847 / 16,31107

0, 0,1110835 / 16,42216

7, 0,0783413 / 16,46073

6, 0,0385697 / 16,49004

0, 0,0669888 / 16,55703

7, 0,0669888 / 16,61367

0, 0,1012482 / 16,71492

6, 0,0322724 / 16,71492

4, 0,0424861 / 16,75995

6, 0,1566852 / 16,90291

0, 0,0737451 / 16,97666

7, 0,1380417 / 17,06457

6, 0,259261 / 17,32902

0, 0,0565678 / 17,38559

1, 0,026255 / 17,38559

0, 0,0848265 / 17,47042

1, 0,0324233 / 17,47042

0, 0,8190615 / 18,28948

1, 0,0595703 / 18,34141

0, 1,03205 / 19,37346

1, 0,1191212 / 19,47164

0, 0,0568291 / 19,52847

1, 0,3150659 / 19,81725

0, 0,0532148 / 19,87046

3, 0,5816177 / 20,43034

0, 0,2407756 / 20,67111

1, 0,05578 / 20,72739

0, 0,0589196 / 20,78631

1, 0,0273852 / 20,78631

0, 0,08434559 / 20,87066

1, 0,1818151 / 21,02588

3, 0,0281796 / 21,05814

0, 0,1116389 / 21,16978

1, 0,1079237 / 21,22669

0, 1,274767 / 22,50146

1, 0,1487236 / 22,64115

0, 0,0595753 / 22,70072

1, 0,0258648 / 22,70072

0, 0,1552077 / 22,85593

2, 0,1423008 / 22,94028

7, 0,1916935 / 23,12944

0, 0,2884761 / 23,41792

7, 0,0606928 / 23,45673

0, 0,09892099 / 23,55564

6, 0,1275309 / 23,67133

4, 0,1768945 / 23,84019

0, 0,0888297 / 23,92902

1, 0,5328632 / 24,39801

0, 0,1473927 / 24,5454

4, 0,0288766 / 24,5454

0, 0,0724238 / 24,61782

6, 0,0724238 / 24,65864

0, 0,0566649 / 24,7153

6, 0,09633879 / 24,79738

0, 0,0637466 / 24,86113

6, 0,0928405 / 24,91252

0, 0,1143946 / 25,02691

6, 0,0830042 / 25,0513

0, 0,09252191 / 25,14382

7, 0,0309948 / 25,14382

5, 0,1278325 / 25,26042

4, 0,0830451 / 25,28627

5, 0,1131385 / 25,398

4, 0,1775322 / 25,49902

6, 0,06591719 / 25,55607

1, 0,0263475 / 25,5872

2, 0,0984504 / 25,6731

5, 0,167988 / 25,81612

3, 0,0300248 / 25,84461

0, 0,8581078 / 26,70271

1, 0,2613179 / 26,94297

0, 0,1683007 / 27,11127

3, 0,0282977 / 27,11127

0, 0,1461746 / 27,25745

3, 0,1718606 / 27,42678

0, 0,32837 / 27,75515

1, 0,0220221 / 27,75515

0, 0,0733422 / 27,8285

2, 0,0364773 / 27,8285

0, 0,0743758 / 27,90287

1, 0,6296076 / 28,48889

0, 0,0652944 / 28,55419

1, 0,0945538 / 28,61485

0, 0,2085889 / 28,82344

6, 0,0246852 / 28,82344

0, 0,8474528 / 29,67089

1, 0,4579983 / 30,10055

0, 0,3820117 / 30,48256

4, 0,0591311 / 30,51427

0, 0,0602841 / 30,57455

3, 0,1903515 / 30,74541

0, 0,1819383 / 30,92735

4, 0,175101 / 31,04144

0, 0,0584778 / 31,09991

6, 0,1568464 / 31,22548

0, 0,1642611 / 31,38974

2, 0,2186842 / 31,57047

1, 0,2833564 / 31,83256

0, 0,0684278 / 31,90098

3, 0,0299504 / 31,90098

0, 0,2245133 / 32,1255

5, 0,0644224 / 32,15733

4, 0,1248599 / 32,23986

0, 0,1183318 / 32,3582

4, 0,0254154 / 32,3582

5, 0,0254154 / 32,3582

0, 0,1416079 / 32,49981

5, 0,0313935 / 32,52659

4, 0,1755031 / 32,64649

5, 0,0289104 / 32,64649

2, 0,0706687 / 32,71066

1, 0,0585926 / 32,77002

2, 0,0265932 / 32,79625

1, 0,0599724 / 32,86882

0, 0,0605277 / 32,92935

2, 0,0315435 / 32,92935

0, 0,0668388 / 32,99619

2, 0,0343248 / 32,99619

1, 0,032514 / 33,03201

2, 0,1304009 / 33,15635

1, 0,501528 / 33,66053

0, 0,0927998 / 33,75333

1, 0,8683022 / 34,58395

0, 0,0564105 / 34,64036

1, 0,3023586 / 34,92443

0, 0,1359749 / 35,06041

1, 0,253348 / 35,29876

0, 0,2012603 / 35,50002

1, 0,5557652 / 36,02848

0, 0,0714697 / 36,09996

1, 0,0714697 / 36,12806

0, 0,1692795 / 36,29733

1, 0,2306678 / 36,49731

0, 0,0556411 / 36,55296

3, 0,1709492 / 36,71148

0, 0,3878011 / 37,09929

4, 0,0726029 / 37,12915

0, 0,0719889 / 37,20114

4, 0,1696969 / 37,32774

2, 0,0592856 / 37,41234

1, 0,0542162 / 37,44052

2, 0,1471038 / 37,61244

0, 1,201514 / 38,81395

StartAnim : shortLook / 38,84351

1, 0,088382 / 38,89726

2, 0,0537506 / 38,92206

**********------------scene3------------**********

1, 2,343926 / 0,031665

2, 0,1455023 / 0,1719373

0, 0,2607704 / 0,4327077

2, 0,1071841 / 0,4880506

0, 0,0855632 / 0,5736138

2, 0,0324153 / 0,5736138

0, 0,0580696 / 0,6316833

1, 0,1431589 / 0,7444716

0, 0,1728134 / 0,917285

1, 0,4272535 / 1,313913

0, 0,0577546 / 1,371667

4, 0,0577546 / 1,398434

1, 0,0267667 / 1,430449

4, 0,058844 / 1,485985

0, 0,062637 / 1,548622

4, 0,062637 / 1,570222

1, 0,0215994 / 1,599299

0, 0,1639493 / 1,763248

2, 0,3459162 / 2,057389

0, 0,1347175 / 2,192107

1, 0,0283233 / 2,192107

0, 0,0507091 / 2,242816

4, 0,0231729 / 2,242816

0, 0,1696824 / 2,412498

4, 0,0545966 / 2,441257

0, 0,185504 / 2,626761

4, 0,118216 / 2,699079

0, 0,1441604 / 2,84324

6, 0,0274385 / 2,84324

0, 0,2030909 / 3,04633

4, 0,0255752 / 3,04633

0, 0,0523149 / 3,098645

4, 0,0259391 / 3,098645

0, 0,1138617 / 3,212507

4, 0,08529299 / 3,292022

0, 0,0360017 / 3,328024

2, 0,0184235 / 3,328024

1, 0,3879334 / 3,728233

0, 0,084903 / 3,813136

1, 0,1988601 / 3,987794

0, 0,0559075 / 4,043701

1, 0,0559075 / 4,077346

0, 0,2824352 / 4,35978

1, 0,112363 / 4,445782

0, 1,081844 / 5,527626

1, 0,2007449 / 5,698516

0, 0,090114 / 5,78863

1, 0,1446783 / 5,898073

0, 0,0897499 / 5,987823

1, 0,1191593 / 6,072825

0, 0,056949 / 6,129774

1, 0,025199 / 6,129774

0, 0,0821731 / 6,211947

1, 0,1668411 / 6,358301

0, 0,2021335 / 6,560435

1, 0,024685 / 6,560435

0, 0,1121152 / 6,672551

1, 0,5730782 / 7,213512

0, 0,058917 / 7,272429

2, 0,0298747 / 7,272429

0, 0,0569868 / 7,329416

2, 0,0250441 / 7,329416

4, 0,3082147 / 7,618701

1, 0,0130126 / 7,647939

0, 0,0529869 / 7,700926

5, 0,0828494 / 7,762255

1, 0,0864315 / 7,850398

5, 0,0578544 / 7,901378

0, 0,0868851 / 7,988263

6, 0,1727733 / 8,130069

0, 0,1197909 / 8,24986

6, 0,1079414 / 8,328709

0, 0,2858779 / 8,614585

4, 0,0303744 / 8,614585

2, 0,1400325 / 8,756727

5, 0,1400325 / 8,756727

0, 0,0905312 / 8,847259

5, 0,034155 / 8,895071

2, 0,1564353 / 8,971542

0, 0,0866918 / 9,058235

2, 0,0339885 / 9,058235

0, 0,0608051 / 9,11904

2, 0,08677889 / 9,171535

0, 0,1156451 / 9,28718

2, 0,0253786 / 9,28718

0, 0,0591059 / 9,346286

2, 0,0591059 / 9,370506

0, 0,0626937 / 9,4332

1, 0,3267177 / 9,730582

0, 0,198365 / 9,928948

3, 0,0563866 / 9,957552

0, 0,0597321 / 10,01728

3, 0,0597321 / 10,04538

0, 0,08529121 / 10,13067

1, 0,3995808 / 10,49761

0, 0,1656706 / 10,66328

2, 0,07582811 / 10,6867

0, 0,3158234 / 11,00252

2, 0,1092784 / 11,10649

0, 0,0389279 / 11,14542

2, 0,0180182 / 11,14542

0, 0,0880317 / 11,23345

2, 0,08753531 / 11,28713

0, 0,5124254 / 11,79956

2, 0,0864592 / 11,85556

0, 0,1170894 / 11,97265

2, 0,0316589 / 11,97265

4, 0,0262845 / 12,00302

0, 0,1136924 / 12,11672

5, 0,0107378 / 12,23171

4, 0,4282208 / 12,51564

0, 0,2291251 / 12,74477

4, 0,0601776 / 12,76993

0, 0,062397 / 12,83232

4, 0,062397 / 12,87721

0, 0,0381311 / 12,91534

4, 0,1222067 / 13,03264

5, 0,1055821 / 13,03264

2, 0,0585794 / 13,10594

1, 0,3749689 / 13,45618

0, 0,0781206 / 13,5343

1, 0,0781206 / 13,55399

2, 0,3935357 / 13,95508

0, 0,2596173 / 14,2147

1, 0,0373634 / 14,24422

0, 0,0580439 / 14,30227

1, 0,1980499 / 14,47112

0, 0,0606124 / 14,53173

1, 0,0606124 / 14,55733

0, 0,1405558 / 14,69789

1, 0,1970394 / 14,87144

0, 0,3704119 / 15,24185

1, 0,1966328 / 15,41429

0, 0,0633705 / 15,47766

2, 0,0495813 / 15,47766

0, 0,0784151 / 15,55608

2, 0,0247126 / 15,55608

0, 0,7882878 / 16,34437

3, 0,0292833 / 16,34437

0, 0,0916463 / 16,43601

1, 0,0291981 / 16,43601

0, 0,1690759 / 16,60509

3, 0,0225227 / 16,60509

0, 0,6313908 / 17,23648

2, 0,0315244 / 17,23648

0, 0,4194318 / 17,65591

1, 0,657002 / 18,28553

0, 0,4292891 / 18,71482

1, 0,0871917 / 18,76857

0, 0,0859119 / 18,85448

3, 0,08686981 / 18,93353

0, 0,1682281 / 19,10176

3, 0,0912237 / 19,15586

0, 0,7158 / 19,87167

2, 0,0268146 / 19,87167

0, 1,603079 / 21,47475

2, 0,0632373 / 21,52001

0, 0,0940999 / 21,61411

2, 0,0592885 / 21,64157

1, 0,3131891 / 21,95681

0, 0,6277276 / 22,58454

3, 0,0275485 / 22,58454

0, 0,3157323 / 22,90026

2, 0,0251027 / 22,90026

0, 0,3409499 / 23,24121

1, 0,0301624 / 23,24121

0, 0,0601016 / 23,30132

1, 0,1147693 / 23,39015

0, 0,0537759 / 23,44393

1, 0,4507771 / 23,87062

0, 0,0878185 / 23,95844

1, 0,1100918 / 24,04114

0, 0,2612966 / 24,30243

1, 0,0614759 / 24,32588

0, 0,07881311 / 24,40469

4, 0,0217758 / 24,44347

5, 0,1005889 / 24,44347

0, 0,2056252 / 24,6491

2, 0,0490035 / 24,6491

1, 0,0430576 / 24,6988

0, 0,1467478 / 24,84554

1, 0,0309621 / 24,84554

0, 0,195486 / 25,04103

3, 0,1035184 / 25,10557

0, 0,0809217 / 25,18649

1, 0,1439269 / 25,31935

3, 0,0843169 / 25,38635

1, 0,4583594 / 25,84148

0, 0,0881459 / 25,92963

3, 0,0443689 / 25,92963

0, 0,2308568 / 26,16048

5, 0,0521649 / 26,16048

2, 0,4634993 / 26,64327

0, 0,1011543 / 26,74442

2, 0,0323858 / 26,74442

0, 0,1413918 / 26,88582

2, 0,0834601 / 26,94543

0, 0,0566801 / 27,00211

2, 0,0566801 / 27,03053

0, 0,0553303 / 27,08587

2, 0,139778 / 27,20434

0, 0,0808622 / 27,28521

2, 0,0254036 / 27,28521

0, 0,0588539 / 27,34406

2, 0,1150693 / 27,43703

0, 0,0768357 / 27,51386

2, 0,1996021 / 27,68832

0, 0,200014 / 27,88833

2, 0,0438433 / 27,88833

0, 0,1119364 / 28,00027

1, 0,3997829 / 28,37073

2, 0,0283215 / 28,40263

4, 0,0319003 / 28,43053

0, 0,1027869 / 28,53332

4, 0,0299989 / 28,53332

0, 0,2235377 / 28,75686

4, 0,095768 / 28,81321

0, 0,0593304 / 28,87254

4, 0,2603917 / 29,09719

2, 0,103995 / 29,19379

0, 0,1043831 / 29,29817

2, 0,1987266 / 29,47333

0, 0,0834793 / 29,55681

2, 0,0252933 / 29,55681

0, 0,3406056 / 29,89742

2, 0,0308071 / 29,89742

1, 0,0225887 / 29,92643

0, 0,0625621 / 29,98899

1, 0,0378261 / 29,98899

0, 0,0893602 / 30,07835

1, 0,0770244 / 30,07835

0, 0,0759574 / 30,15431

1, 0,1962231 / 30,32522

2, 0,027949 / 30,35584

0, 0,2308291 / 30,58667

2, 0,0313016 / 30,58667

0, 0,0761106 / 30,66278

2, 0,1394326 / 30,75719

1, 0,2444132 / 30,99807

0, 0,1727321 / 31,17081

1, 0,8558112 / 32,00341

2, 0,0320052 / 32,02928

0, 0,0561336 / 32,08541

1, 0,083667 / 32,14719

0, 0,2516557 / 32,39884

2, 0,1514224 / 32,54407

0, 0,1454483 / 32,68952

StartAnim : armStretch / 32,81977

1, 0,4974273 / 33,15821

0, 0,054116 / 33,21233

2, 0,5261928 / 33,71287

0, 1,284996 / 34,99786

2, 0,2568016 / 35,2322

1, 0,0566215 / 35,28593

2, 0,0310032 / 35,31461

0, 0,0554053 / 35,37001

2, 0,0554053 / 35,39711

0, 0,0573029 / 35,45441

2, 0,0316863 / 35,45441

0, 0,086742 / 35,54115

2, 0,0540299 / 35,57387

0, 0,0811832 / 35,65506

2, 0,0564932 / 35,68592

1, 0,4631364 / 36,1447

0, 0,0870566 / 36,23175

3, 0,084238 / 36,28408

0, 0,2021648 / 36,48625

3, 0,0553401 / 36,51622

0, 0,0556789 / 36,5719

2, 0,0259619 / 36,5719

0, 0,0595539 / 36,63146

2, 0,169061 / 36,77007

0, 0,0774178 / 36,84748

StartAnim : longLook / 37,09695

StartAnim : handSalute / 37,41092

1, 3,471274 / 40,27459

0, 0,0729844 / 40,34757

2, 0,0232637 / 40,34757

0, 0,0819954 / 40,42957

2, 0,0283237 / 40,42957

0, 0,053578 / 40,48315

2, 0,0259867 / 40,48315

0, 0,1140255 / 40,59717

StartAnim : faceSmile / 41,5984

1, 1,208122 / 41,7975

0, 0,07797 / 41,87547

1, 1,666492 / 43,48422

0, 0,0586364 / 43,54286

1, 2,857384 / 46,37624

0, 0,0528648 / 46,4291

2, 0,0210452 / 46,4291

0, 0,0850459 / 46,51415

4, 0,066 / 46,56926

5, 0,2290928 / 46,79818

2, 0,3129503 / 47,08287

5, 0,0286043 / 47,11576

2, 0,0328906 / 47,14086

0, 0,08893991 / 47,2298

2, 0,0957725 / 47,2839

0, 0,0636909 / 47,34759

2, 0,0636909 / 47,36789

0, 0,0636403 / 47,43153

2, 0,0865193 / 47,4828

0, 0,0928138 / 47,57561

2, 0,3398901 / 47,8848

0, 0,0837273 / 47,96853

2, 0,3392578 / 48,28354

1, 0,0279566 / 48,31505

0, 0,0552576 / 48,37031

1, 0,1325804 / 48,4585

0, 0,0570315 / 48,51553

1, 0,6855062 / 49,16903

0, 0,199199 / 49,36823

5, 0,0110783 / 49,36823

0, 0,0619291 / 49,43015

5, 0,1149628 / 49,51475

0, 0,4988386 / 50,01359

5, 0,0529475 / 50,0452

2, 0,398161 / 50,44548

1, 0,4865984 / 50,93051

0, 0,2817956 / 51,21231

1, 0,0582065 / 51,24142

0, 0,1138792 / 51,3553

1, 0,0247719 / 51,3553

0, 0,1343315 / 51,48963

1, 0,0319481 / 51,48963

0, 0,1644383 / 51,65407

1, 0,6322266 / 52,25441

0, 0,260606 / 52,51502

1, 0,2886061 / 52,76859

2, 0,0265209 / 52,79841

0, 0,117856 / 52,91626

4, 0,0326725 / 52,91626

0, 0,1154033 / 53,03167

4, 0,1434456 / 53,14239

0, 1,025379 / 54,16778

2, 0,2828441 / 54,43189

1, 0,0331262 / 54,45415

0, 0,0608736 / 54,51503

1, 0,2312909 / 54,7155

0, 0,0830146 / 54,79851

1, 0,0916859 / 54,85682

0, 0,1115273 / 54,96835

2, 0,1594071 / 55,08578

1, 0,0962964 / 55,20065

0, 0,0534065 / 55,25405

1, 1,539182 / 56,7673

0, 0,6462549 / 57,41356

1, 0,0314202 / 57,41356

0, 0,0569455 / 57,4705

1, 0,2292945 / 57,67114

0, 0,3679392 / 58,03907

2, 0,0282874 / 58,03907

0, 0,0595317 / 58,0986

2, 0,0314252 / 58,0986

0, 0,1136208 / 58,21222

StartAnim : LongLook / 58,41294

1, 1,372036 / 59,55478

0, 0,0841122 / 59,63889

1, 1,202164 / 60,81382

2, 0,6527984 / 61,47289

1, 0,9161993 / 62,38902

2, 0,0574391 / 62,43898

4, 0,0245824 / 62,47133

1, 0,0323449 / 62,50485

5, 0,0490098 / 62,59079

StartAnim : CaresseEntreCuisse / 62,8703

4, 0,3989676 / 62,90152

5, 0,3364705 / 62,98981

0, 0,2519266 / 63,24173

5, 0,0700135 / 63,30417

2, 0,1505974 / 63,39312

1, 0,2626467 / 63,66225

0, 0,1087974 / 63,77105

1, 0,0275261 / 63,77105

0, 0,1166052 / 63,88765

1, 0,6543463 / 64,5169

0, 0,311793 / 64,82869

2, 0,2850069 / 65,08434

0, 0,0559045 / 65,14024

2, 0,2017291 / 65,31866

1, 0,0540884 / 65,36702

0, 0,0895576 / 65,45658

1, 1,001203 / 66,43004

0, 0,1875643 / 66,61761

1, 0,0979162 / 66,67148

0, 0,083876 / 66,75536

2, 0,0293275 / 66,75536

1, 0,8285108 / 67,58661

0, 0,100608 / 67,68722

1, 0,0444145 / 67,68722

2, 0,4633481 / 68,16866

StartAnim : faceSmile / 68,4002

1, 0,8310852 / 68,99814

0, 0,0556301 / 69,05377

2, 0,0305615 / 69,05377

0, 0,0844497 / 69,13821

2, 0,2557778 / 69,36912

0, 0,0593815 / 69,4285

2, 0,1450299 / 69,53728

0, 0,1035787 / 69,64086

2, 0,0459755 / 69,64086

0, 0,0575197 / 69,69838

2, 0,2290571 / 69,89816

0, 0,0876411 / 69,9858

2, 0,5136335 / 70,47517

0, 0,229968 / 70,70512

1, 0,4546342 / 71,12502

0, 0,1515629 / 71,27659

1, 0,0288947 / 71,27659

0, 0,0512097 / 71,3278

1, 0,0512097 / 71,35332

2, 0,3992207 / 71,76568

1, 0,2475769 / 71,9912

**********------------scene4------------**********

0, 0,372044 / 0,323834

2, 0,057722 / 0,3516157

0, 0,1995875 / 0,5512032

2, 0,0853028 / 0,6110459

0, 0,0774355 / 0,6884814

2, 0,6689032 / 1,311622

0, 0,0541115 / 1,365734

2, 0,2033639 / 1,5423

0, 0,0531822 / 1,595482

2, 0,0829883 / 1,656222

0, 0,110479 / 1,766701

2, 0,1245462 / 1,880256

0, 0,2333036 / 2,113559

2, 0,0587656 / 2,158518

0, 0,0512913 / 2,209809

StartAnim : LongLook / 2,525321

1, 0,3668041 / 2,552239

0, 0,0584011 / 2,61064

StartAnim : HandSalute / 2,813687

1, 0,2614481 / 2,839935

0, 0,0884677 / 2,928403

2, 0,2291232 / 3,124111

0, 0,0922527 / 3,216364

2, 0,0637276 / 3,240582

0, 0,161406 / 3,401988

1, 0,0763271 / 3,422085

2, 0,03861 / 3,467274

1, 0,0986585 / 3,566204

0, 0,0700442 / 3,636248

1, 0,0126706 / 3,636248

2, 0,0825364 / 3,722353

0, 0,1075778 / 3,829931

1, 0,0647285 / 3,845049

4, 0,0151183 / 3,867211

5, 0,0151183 / 3,867211

1, 0,0221619 / 3,899245

0, 0,3794683 / 4,278713

1, 0,02462 / 4,278713

0, 0,0453344 / 4,324047

StartAnim : SitCrossLegs / 4,701426

1, 1,190585 / 5,497447

2, 0,028147 / 5,525371

0, 0,0459421 / 5,571313

5, 0,0226911 / 5,571313

2, 0,1078467 / 5,681149

5, 0,0851834 / 5,758568

5, 0,0125101 / 5,809668

2, 0,2096781 / 5,958456

1, 0,0368183 / 5,979878

0, 0,0746705 / 6,054549

2, 0,1269779 / 6,158143

1, 0,6173126 / 6,766594

2, 0,0459102 / 6,811404

5, 0,0953922 / 6,895879

2, 0,0680123 / 6,923122

0, 0,1069658 / 7,030088

5, 0,06455719 / 7,044813

0, 0,5063897 / 7,551204

7, 0,0186209 / 7,551204

1, 0,0689975 / 7,610857

0, 0,0629253 / 7,673782

1, 0,1998171 / 7,82642

5, 0,2028123 / 8,03776

2, 0,0242739 / 8,056241

1, 0,0921288 / 8,153177

2, 0,0376166 / 8,174657

1, 0,6138746 / 8,7978

0, 0,2567941 / 9,054593

4, 0,1631417 / 9,174158

4, 0,0510361 / 9,255271

2, 0,5444897 / 9,567754

1, 0,4833161 / 10,05414

2, 0,0297666 / 10,08227

0, 0,0597841 / 10,14206

3, 0,1159801 / 10,24395

5, 0,218005 / 10,41284

2, 0,139885 / 10,5533

4, 0,2937429 / 10,78098

5, 0,2559541 / 10,8089

0, 0,290207 / 11,09911

4, 0,0127755 / 11,12157

2, 0,355873 / 11,40847

1, 0,5865304 / 12,01277

0, 0,6255472 / 12,63832

1, 0,4584326 / 13,09793

0, 0,1598418 / 13,25777

1, 0,0422974 / 13,66465

2, 0,6849627 / 13,90819

StartAnim : LongLook / 14,29913

1, 1,441411 / 15,35106

0, 1,345128 / 16,69618

1, 3,284554 / 19,96599

2, 0,3150148 / 20,27972

0, 0,079618 / 20,35934

2, 0,0429037 / 20,35934

0, 0,0504147 / 20,40975

2, 0,1371254 / 20,52155

StartAnim : EyeBlink / 21,90043

1, 1,469857 / 21,9817

0, 0,0404588 / 22,02215

1, 6,025631 / 28,02191

0, 0,0451137 / 28,06702

1, 1,559748 / 29,61026

0, 0,0408549 / 29,65111

StartAnim : OpenLegs / 29,9876

2, 0,0280912 / 30,23885

1, 0,6585686 / 30,29735

2, 0,4545544 / 30,75196

1, 0,7454821 / 31,49717

0, 0,0565485 / 31,55372

2, 0,2599574 / 31,76667

4, 0,08899809 / 31,87904

5, 0,09853999 / 31,87904

2, 0,34435 / 32,21131

5, 0,2269169 / 32,27008

2, 0,1828063 / 32,45268

1, 0,308591 / 32,76562

0, 0,0737731 / 32,83939

1, 0,0392657 / 32,83939

0, 0,1142342 / 32,95363

1, 0,0170785 / 32,95363

0, 0,143687 / 33,09732

1, 0,1514668 / 33,22284

0, 0,0760738 / 33,29891

1, 0,1155663 / 33,3644

0, 0,1071548 / 33,47156

1, 0,0195628 / 33,47156

0, 0,0841852 / 33,55574

1, 1,178036 / 34,69664

2, 0,0177061 / 34,72037

1, 0,0430315 / 34,76534

2, 0,0256695 / 34,78787

1, 0,0605566 / 34,85598

2, 0,839733 / 35,68127

4, 0,1321589 / 35,76602

5, 0,1783683 / 35,82794

0, 0,0511383 / 35,87907

5, 0,0511383 / 35,89841

0, 0,0839937 / 35,98241

4, 0,02591 / 35,98241

5, 0,02591 / 35,98241

0, 0,082527 / 36,06493

4, 0,0119588 / 36,06493

4, 0,4834944 / 36,66584

5, 0,6106685 / 36,66584

1, 0,0264904 / 36,6917

0, 0,519677 / 37,21137

2, 0,0181376 / 37,21137

1, 0,0295171 / 37,24081

5, 0,0891996 / 37,31247

2, 0,0118985 / 37,33974

1, 0,2260115 / 37,56401

0, 0,6027079 / 38,16671

2, 0,1317161 / 38,28078

2, 0,0408289 / 38,33842

4, 0,083176 / 38,38601

2, 0,1144294 / 38,46741

0, 0,0747498 / 38,54216

2, 0,0970781 / 38,62522

5, 0,083057 / 38,65739

0, 0,06472979 / 38,72212

2, 0,1337823 / 38,84206

5, 0,0298445 / 38,86564

2, 0,0235804 / 38,8968

StartAnim : touchCouchInvite / 39,00185

0, 0,6852698 / 39,58208

2, 0,0280252 / 39,58208

0, 0,2112127 / 39,79329

1, 0,0158729 / 39,79329

StartAnim : FaceSmile / 40,80927

0, 1,287786 / 41,08108

4, 0,0282695 / 41,08108

0, 1,58452 / 42,66558

5, 0,0620615 / 42,70719

2, 0,041604 / 42,72407

0, 0,0574878 / 42,78156

1, 0,0297725 / 42,78156

0, 0,5567651 / 43,33832

1, 0,0584368 / 43,35651

0, 0,037521 / 43,39403

1, 1,479153 / 44,84892

0, 0,0581071 / 44,90703

1, 0,6120408 / 45,49174

0, 0,058764 / 45,5505

1, 0,2410871 / 45,76344

0, 0,1021045 / 45,86554

1, 0,2787155 / 46,122

0, 0,0431353 / 46,16513

1, 0,1026755 / 46,25099

0, 0,0405464 / 46,29153

1, 0,1338741 / 46,40659

0, 0,0428454 / 46,44944

1, 0,0586023 / 46,4924

0, 0,0708692 / 46,56327

1, 0,0282775 / 46,57804

0, 0,0781896 / 46,65623

1, 0,2387419 / 46,87091

0, 0,0506489 / 46,92156

1, 0,4903126 / 47,39175

0, 0,0572644 / 47,44901

1, 0,0266242 / 47,44901

0, 0,0741991 / 47,52321

1, 1,137173 / 48,62093

0, 0,0435198 / 48,66445

1, 0,8994025 / 49,53537

0, 0,0570873 / 49,59245

1, 1,552953 / 51,12047

2, 0,0152864 / 51,13588

0, 0,1561381 / 51,29202

5, 0,1073242 / 51,37723

0, 0,0617226 / 51,43895

2, 0,742045 / 52,14875

1, 0,0136903 / 52,16483

0, 0,0853909 / 52,25021

1, 0,0759161 / 52,29474

**********------------scene5------------**********

0, 0,3828689 / 0,3427404

2, 0,0545378 / 0,3713456

0, 0,2873823 / 0,6587279

2, 0,0155881 / 0,6587279

0, 0,201706 / 0,8604339

1, 0,5971478 / 1,432971

2, 0,0538864 / 1,488494

0, 0,0604673 / 1,548962

2, 0,1430769 / 1,656896

4, 0,0504228 / 1,707261

5, 0,0253251 / 1,707261

0, 0,8945354 / 2,601796

3, 0,0553885 / 2,763409

5, 0,3029008 / 2,870703

2, 0,1716678 / 3,047227

1, 0,6954357 / 3,728413

0, 0,8846945 / 4,613109

5, 0,0194144 / 5,030592

2, 0,4548862 / 5,056522

5, 0,0259297 / 5,086954

2, 0,1485904 / 5,248141

1, 0,0430296 / 5,267477

0, 0,0658066 / 5,333283

4, 0,0664425 / 5,416678

5, 0,1127208 / 5,416678

0, 0,1390445 / 5,555723

5, 0,0439477 / 5,575324

0, 0,0542557 / 5,62958

5, 0,0542557 / 5,66402

4, 0,09828349 / 5,731733

2, 0,1425711 / 5,799486

1, 0,2434052 / 6,051416

0, 0,1224803 / 6,173897

1, 0,2956881 / 6,45911

0, 0,0745839 / 6,533694

2, 0,0325843 / 6,533694

4, 0,0419996 / 6,568054

5, 0,0419996 / 6,568054

0, 0,210442 / 6,778496

5, 0,049385 / 6,778496

4, 0,2618908 / 6,987764

0, 0,2843853 / 7,272149

4, 0,0845344 / 7,334298

4, 0,0117995 / 7,651638

5, 0,6272757 / 7,870162

2, 0,1753018 / 8,034087

5, 0,0954553 / 8,14277

1, 0,1016278 / 8,246386

0, 1,1982 / 9,444587

5, 0,0156433 / 9,444587

2, 0,0292338 / 9,470799

0, 0,0637455 / 9,534545

StartAnim : ShortLook / 9,658817

1, 0,7990034 / 10,28582

0, 0,0695568 / 10,35537

StartAnim : FaceSmile / 10,62707

1, 0,3436818 / 10,67046

0, 0,0437231 / 10,71418

1, 0,1013997 / 10,80781

0, 0,0361444 / 10,84395

1, 1,06163 / 11,88486

0, 0,0459846 / 11,93085

1, 0,470878 / 12,37106

2, 0,0340757 / 12,41297

0, 0,2341386 / 12,6471

2, 0,5571164 / 13,18328

1, 0,5985047 / 13,77113

0, 0,042145 / 13,81328

1, 0,1012046 / 13,9003

0, 0,0415975 / 13,9419

1, 0,1046892 / 14,01782

0, 0,0515197 / 14,06934

2, 0,340832 / 14,38767

1, 1,569996 / 15,95735

2, 0,0286983 / 15,98631

0, 0,1866302 / 16,17294

2, 0,2715289 / 16,44481

1, 1,955352 / 18,3553

2, 0,0456573 / 18,39946

0, 0,0699674 / 18,46943

1, 1,233185 / 19,66997

0, 0,0428277 / 19,7128

2, 0,3738357 / 20,05573

0, 0,0747793 / 20,13051

StartAnim : OpenLegs / 20,13051

2, 0,0561765 / 20,15668

0, 0,1013663 / 20,25804

2, 0,0173269 / 20,25804

0, 0,0540901 / 20,31213

1, 0,097254 / 20,37176

0, 0,0406329 / 20,41239

1, 0,1434059 / 20,54283

0, 0,0407132 / 20,58354

1, 0,0863445 / 20,65775

0, 0,0759342 / 20,73368

1, 0,0928308 / 20,77478

2, 0,0927625 / 20,86833

0, 0,0757055 / 20,94404

2, 0,0416329 / 20,94404

3, 0,0481335 / 21,1841

5, 0,2927035 / 21,24167

0, 0,3714706 / 21,61314

2, 0,0128126 / 21,61314

0, 0,0872261 / 21,70036

1, 0,0170945 / 21,70036

StartAnim : TouchCouchInvite / 22,42718

0, 1,011799 / 22,71216

1, 0,0208575 / 22,71216

0, 0,2004091 / 22,91257

1, 0,0391104 / 22,91257

StartAnim : LongLook / 22,9552

0, 0,2461582 / 23,15872

2, 0,0457479 / 23,18698

StartAnim : FaceSmile / 23,35606

1, 0,8542541 / 24,02576

0, 0,0942246 / 24,11999

1, 0,3655099 / 24,44278

0, 0,0446599 / 24,48744

1, 0,2002871 / 24,65731

0, 0,0398858 / 24,69719

1, 0,2829219 / 24,95563

0, 0,115706 / 25,07133

2, 0,1175475 / 25,15838

0, 0,0836527 / 25,24203

2, 0,2237522 / 25,44154

1, 1,17208 / 26,62679

2, 0,0483491 / 26,66923

0, 0,0422611 / 26,71149

5, 0,0422611 / 26,73079

3, 0,1043777 / 26,79975

1, 0,0528958 / 26,84315

5, 0,0492196 / 26,89215

1, 0,0164216 / 26,92258

3, 0,198246 / 27,10154

5, 0,2662968 / 27,18458

1, 0,0261411 / 27,20567

5, 0,0906565 / 27,30108

0, 0,3274623 / 27,62854

5, 0,0514139 / 27,65751

0, 0,304993 / 27,9625

1, 0,7295699 / 28,645

0, 0,0523313 / 28,69733

2, 0,483496 / 29,15472

1, 0,3285128 / 29,46834

0, 0,0432356 / 29,51157

1, 0,2611648 / 29,75414

0, 0,0642786 / 29,81842

1, 0,219077 / 29,9994

0, 0,06707031 / 30,06647

1, 0,2880135 / 30,31156

0, 0,0445239 / 30,35608

1, 0,1040967 / 30,44354

2, 0,0510397 / 30,48845

0, 0,2662835 / 30,75473

1, 0,8571904 / 31,60008

0, 0,0452476 / 31,64532

1, 0,0970736 / 31,71365

StartAnim : PenisTouch / 31,7346

0, 0,0415127 / 31,75516

2, 0,3728029 / 32,11245

5, 0,0450635 / 32,15484

0, 0,1156983 / 32,27054

1, 0,0280972 / 32,27054

StartAnim : ShortLook / 32,36995

5, 0,2136626 / 32,48845

0, 0,1603479 / 32,6488

1, 0,0703644 / 32,68589

0, 0,0457649 / 32,73165

1, 1,013027 / 33,7318

0, 0,1551767 / 33,88697

1, 0,1433367 / 33,99858

2, 0,0725976 / 34,0707

1, 0,0268063 / 34,09781

0, 0,1019645 / 34,19977

2, 0,116711 / 34,28728

1, 0,1409336 / 34,41265

0, 0,0437362 / 34,45639

1, 0,3149815 / 34,75422

0, 0,041949 / 34,79617

StartAnim : CloseEyes / 35,04317

1, 1,242597 / 36,01146

0, 0,0448613 / 36,05632

1, 0,4008275 / 36,42789

0, 0,059459 / 36,48735

1, 0,4590484 / 36,91192

0, 0,133485 / 37,0454

1, 0,0725832 / 37,09984

0, 0,0550694 / 37,15491

1, 0,2294858 / 37,35451

0, 0,1608661 / 37,51538

1, 0,300286 / 37,79953

0, 0,0549816 / 37,85451

StartAnim : OpenEyes / 37,8719

1, 0,097125 / 37,91596

0, 0,0554042 / 37,97137

1, 0,0285594 / 37,99906

0, 0,0449316 / 38,04399

StartAnim : StartErect / 38,17225

1, 0,2867152 / 38,31114

2, 0,0253592 / 38,34033

0, 0,1304596 / 38,47079

1, 0,0335226 / 38,47079

3, 0,1760714 / 38,64829

1, 0,0228888 / 38,67041

5, 0,0221224 / 38,69456

0, 0,0388454 / 38,73341

1, 0,0169124 / 38,73341

0, 0,0834975 / 38,8169

3, 0,043817 / 38,8169

5, 0,0126013 / 38,8475

0, 0,0810734 / 38,92857

5, 0,0222486 / 38,92857

0, 0,9423709 / 39,87094

5, 0,0686324 / 39,91251

0, 0,0998415 / 40,01234

2, 0,0265498 / 40,01234

1, 0,0155773 / 40,04108

5, 0,0287359 / 40,07569

0, 0,1226632 / 40,19835

5, 0,0637557 / 40,24835

0, 0,0850216 / 40,33337

5, 0,1247419 / 40,44551

0, 1,68706 / 42,13258

1, 0,1582187 / 42,25506

0, 0,3597147 / 42,61477

5, 0,0235686 / 42,61477

0, 0,0557773 / 42,67055

5, 0,0414945 / 42,67055

0, 0,1256982 / 42,79625

5, 0,1163891 / 42,89947

1, 0,0619438 / 42,95441

StartAnim : CloseEyes / 43,01264

0, 0,07753859 / 43,03195

1, 0,4903492 / 43,5114

2, 0,0249362 / 43,53408

0, 0,1091738 / 43,64326

1, 0,017141 / 43,64326

0, 0,0731872 / 43,71645

5, 0,0367971 / 43,71645

0, 0,0825908 / 43,79904

1, 0,0249711 / 43,79904

5, 0,2544889 / 44,04392

1, 0,0185358 / 44,06895

0, 0,0774806 / 44,14643

5, 0,2441447 / 44,34366

StartAnim : OpenEyes / 44,54633

0, 0,6261804 / 44,96984

2, 0,0877139 / 45,05042

1, 0,4682973 / 45,51342

0, 0,1026693 / 45,61609

1, 0,2146997 / 45,81894

0, 0,0937725 / 45,91271

2, 0,0322255 / 45,91271

0, 0,3331193 / 46,24583

1, 0,0233981 / 46,24583

0, 0,0849689 / 46,3308

1, 0,0288982 / 46,3308

0, 0,0811224 / 46,41192

1, 0,0260003 / 46,41192

0, 1,431348 / 47,84327

StartAnim : CloseEyes / 47,93212

1, 0,8022868 / 48,62607

0, 0,2193398 / 48,84541

3, 0,0586465 / 48,87203

0, 0,0386011 / 48,91063

3, 0,0386011 / 48,93372

5, 0,07601011 / 49,01463

0, 0,1905059 / 49,20514

2, 0,034945 / 49,20514

0, 0,2802 / 49,48534

4, 0,0186495 / 49,55356

5, 0,1002258 / 49,57246

0, 0,054933 / 49,62739

4, 0,0230371 / 49,76923

5, 0,0395946 / 49,79763

2, 0,283689 / 49,88613

0, 0,0683137 / 49,95444

2, 0,0890166 / 50,03219

4, 0,032792 / 50,05457

5, 0,032792 / 50,05457

2, 0,1224873 / 50,16946

1, 0,0147913 / 50,19921

2, 0,0621045 / 50,24588

StartAnim : OpenEyes / 50,26804

0, 0,0420017 / 50,28788

2, 0,1092479 / 50,38448

1, 0,029357 / 50,41119

2, 0,0498127 / 50,45344

0, 0,0472461 / 50,50069

1, 0,0472461 / 50,52845

2, 0,0277616 / 50,55306

0, 0,1059623 / 50,65902

2, 0,0459935 / 50,6882

1, 0,0291768 / 50,71955

StartAnim : StopTouchPenis / 50,74484

0, 0,0507667 / 50,77031

2, 0,0832022 / 50,82542

0, 0,400628 / 51,22605

2, 0,077751 / 51,26832

1, 0,0205608 / 51,30418

0, 0,0360945 / 51,34028

2, 0,0360945 / 51,36977

0, 0,0976058 / 51,46737

2, 0,0410313 / 51,48749

0, 0,052603 / 51,54009

1, 0,052603 / 51,57177

0, 0,1257402 / 51,69751

1, 0,029857 / 51,73184

StartAnim : TouchCouchInvite / 51,73184

2, 0,0343322 / 51,7599

1, 0,0280568 / 51,78667

0, 0,0847305 / 51,8714

1, 0,0548641 / 51,89907

0, 0,0434748 / 51,94255

1, 0,0247867 / 51,94255

0, 0,1497475 / 52,0923

2, 0,0119839 / 52,0923

0, 0,0688842 / 52,16119

2, 0,0311647 / 52,16119

0, 0,0508264 / 52,21202

2, 0,0508264 / 52,2322

0, 0,066745 / 52,29895

2, 0,0751209 / 52,37523

0, 0,3659313 / 52,74117

2, 0,0202585 / 52,74117

5, 0,0284678 / 52,7723

0, 0,0835399 / 52,85584

5, 0,0382174 / 52,88843

0, 0,08139691 / 52,96983

1, 0,0232107 / 52,96983

0, 0,484754 / 53,45458

1, 0,0558331 / 53,499

0, 0,0715149 / 53,57051

5, 0,023829 / 53,57051

0, 0,0417992 / 53,61231

2, 0,1382836 / 53,85365

5, 0,2565099 / 53,85365

0, 0,0481642 / 53,90181

2, 0,099347 / 53,9706

5, 0,0232971 / 53,9706

0, 0,0467329 / 54,01734

2, 0,0467329 / 54,04322

5, 0,1417857 / 54,14036

2, 0,1130854 / 54,18279

0, 0,08636 / 54,26915

**********------------scene6------------**********

2, 0,1868818 / 0,030013

0, 0,4026045 / 0,4326175

2, 0,0264233 / 0,4326175

StartAnim : OpenLegs / 0,7145892

5, 0,5708415 / 0,9994097

1, 0,0252387 / 1,03016

5, 0,0307507 / 1,063418

2, 0,191214 / 1,233323

0, 0,0518214 / 1,285144

2, 0,0831849 / 1,346566

0, 0,0525157 / 1,399082

2, 0,0274615 / 1,399082

0, 0,0678423 / 1,466925

2, 0,0878552 / 1,514676

0, 0,6046107 / 2,119287

5, 0,0212824 / 2,119287

0, 0,7123641 / 2,831651

5, 0,0277513 / 2,831651

0, 0,1167156 / 2,948367

5, 0,0103206 / 2,948367

2, 0,0551876 / 2,999532

1, 0,0857566 / 3,071905

0, 0,0483798 / 3,120285

1, 0,0483798 / 3,147232

2, 0,0269469 / 3,171502

0, 0,0456831 / 3,217185

2, 0,0456831 / 3,24341

1, 0,1831208 / 3,416215

2, 0,1201291 / 3,529634

0, 0,0431142 / 3,572748

2, 0,0274786 / 3,572748

5, 0,345499 / 3,92776

3, 0,0251474 / 3,951048

0, 0,2638097 / 4,214857

1, 0,07998919 / 4,285843

5, 0,2414563 / 4,527679

2, 0,0911098 / 4,604034

5, 0,0763551 / 4,63019

0, 0,0554488 / 4,685639

2, 0,0368274 / 4,685639

5, 0,1906902 / 4,833254

1, 0,1853821 / 5,019148

0, 0,0664658 / 5,085614

1, 0,0199721 / 5,085614

0, 0,3604321 / 5,446046

1, 0,1447368 / 5,558042

5, 0,0148266 / 5,580472

0, 0,0818076 / 5,662279

3, 0,0407879 / 5,684871

0, 0,4486723 / 6,133543

2, 0,0342223 / 6,133543

4, 0,2948143 / 6,429841

5, 0,3290366 / 6,429841

1, 0,0280166 / 6,458377

7, 0,0285364 / 6,486523

0, 0,0425646 / 6,529088

7, 0,0896191 / 6,599128

1, 0,1017053 / 6,687547

7, 0,0096995 / 6,713613

1, 0,0260659 / 6,730204

7, 0,0165907 / 6,75665

StartAnim : LongLook / 6,861252

StartAnim : StartTouchPenis / 6,915521

1, 0,2401728 / 6,998745

4, 0,0283699 / 7,017815

5, 0,0283699 / 7,017815

2, 0,1217018 / 7,13243

0, 0,8547151 / 7,987144

2, 0,1158066 / 8,087821

0, 0,2605859 / 8,348406

2, 0,08770581 / 8,402135

3, 0,0708011 / 8,487084

0, 0,2179336 / 8,705018

4, 0,0307655 / 8,705018

3, 0,0692904 / 8,774296

5, 0,1000559 / 8,774296

0, 0,08641841 / 8,860715

3, 0,0400308 / 8,884576

0, 0,0594538 / 8,94403

1, 0,536963 / 9,461653

0, 0,0453503 / 9,507004

1, 0,0666557 / 9,544432

0, 0,4705288 / 10,01496

StartAnim : CloseEyes / 10,03463

4, 0,0608791 / 10,06058

5, 0,0608791 / 10,06058

2, 0,0259497 / 10,10664

0, 0,9551535 / 11,06179

1, 0,0877313 / 11,1381

0, 0,08341379 / 11,22152

1, 0,1130833 / 11,30994

0, 0,0502995 / 11,36024

2, 0,0502995 / 11,38787

0, 0,0432187 / 11,43108

2, 0,0288426 / 11,43108

0, 0,0968147 / 11,5279

2, 0,0416701 / 11,56349

0, 0,0801892 / 11,64368

2, 0,0807803 / 11,68561

0, 0,2162405 / 11,90185

3, 0,0403701 / 11,92779

StartAnim : OpenEyes / 11,99166

0, 0,0805956 / 12,00839

5, 0,0558594 / 12,20625

3, 0,3357987 / 12,31607

0, 0,0731874 / 12,38925

3, 0,045124 / 12,41948

5, 0,1408203 / 12,50131

3, 0,0896412 / 12,58559

4, 0,0386267 / 12,7179

5, 0,2760392 / 12,8285

0, 2,632806 / 15,46131

2, 0,0249128 / 15,46131

0, 0,0401751 / 15,50149

1, 0,0401751 / 15,51983

0, 0,0520215 / 15,57185

1, 0,0246234 / 15,57185

0, 0,6282696 / 16,20012

1, 0,0301584 / 16,20012

0, 0,4162134 / 16,61634

4, 0,0246242 / 16,61634

5, 0,0671608 / 16,67706

0, 1,451315 / 18,12838

1, 0,0233093 / 18,12838

0, 0,0647084 / 18,19309

2, 0,1169017 / 18,2712

0, 0,8004436 / 19,07164

2, 0,0166756 / 19,07164

StartAnim : CloseEyes / 19,2013

0, 0,2125953 / 19,28424

1, 0,0487816 / 19,30932

0, 1,691188 / 21,0005

1, 0,0752116 / 21,04576

2, 0,0823364 / 21,12785

StartAnim : OpenEyes / 21,82913

0, 0,7587701 / 21,88662

3, 0,023335 / 21,88662

0, 1,479403 / 23,36601

5, 0,0237146 / 23,36601

5, 0,0477516 / 23,52669

2, 0,193845 / 23,54811

2, 0,0438268 / 23,60434

5, 0,0652523 / 23,60434

1, 0,0124007 / 23,63104

5, 0,0553625 / 23,68578

2, 0,1398623 / 23,7693

0, 0,0467975 / 23,8161

1, 0,0235359 / 23,8161

0, 0,09317321 / 23,90927

1, 0,0656094 / 23,92817

0, 0,0613859 / 23,98956

2, 0,029128 / 23,98956

1, 0,0322579 / 24,03434

0, 0,0724925 / 24,10684

1, 0,0193961 / 24,10684

0, 0,3533299 / 24,46017

1, 0,0247247 / 24,46017

0, 0,1573985 / 24,61757

5, 0,0295132 / 24,61757

3, 0,0300986 / 24,66376

StartAnim : CloseEyes / 24,66376

0, 0,1085956 / 24,77236

1, 0,0272439 / 24,77236

3, 0,117327 / 24,87301

1, 0,0105365 / 24,90702

4, 0,0340148 / 24,92865

5, 0,0340148 / 24,92865

1, 0,0216276 / 24,95856

4, 0,0593653 / 25,01592

5, 0,0593653 / 25,01592

0, 0,3408865 / 25,3568

1, 0,0187232 / 25,3568

0, 0,5700752 / 25,92689

1, 0,0898135 / 25,98028

0, 0,0487224 / 26,029

1, 0,0487224 / 26,04586

0, 0,0873424 / 26,13321

1, 0,4150714 / 26,52822

0, 0,0419412 / 26,57017

1, 0,0753725 / 26,62724

StartAnim : FastPenisTouch / 26,8345

StartAnim : OpenEyes / 26,96883

0, 1,501335 / 28,12857

7, 0,0345537 / 28,12857

StartAnim : CloseEyes / 28,61649

StartAnim : OpenEyes / 29,50355

0, 2,690016 / 30,81859

2, 0,029777 / 30,81859

0, 0,1091956 / 30,92778

2, 0,0292961 / 30,92778

1, 0,0259072 / 30,95656

StartAnim : CloseEyes / 31,04121

0, 0,1053823 / 31,06194

1, 0,0810185 / 31,12722

4, 0,173638 / 31,3029

5, 0,173638 / 31,3029

0, 0,1899318 / 31,49283

1, 0,0627717 / 31,51315

0, 0,3592133 / 31,87237

4, 0,358319 / 32,19773

5, 0,358319 / 32,19773

0, 0,121564 / 32,31929

5, 0,0259172 / 32,31929

0, 0,1835943 / 32,50288

StartAnim : OpenEyes / 32,76026

4, 0,7123483 / 33,21807

5, 0,7438084 / 33,21807

1, 0,0324468 / 33,24297

0, 0,0410921 / 33,28406

1, 0,069272 / 33,32806

StartAnim : PenisEjac / 33,39153

2, 0,041625 / 33,40994

5, 0,0976995 / 33,43219

2, 0,0222446 / 33,45984

1, 0,0276576 / 33,48668

2, 0,0667353 / 33,55545

1, 0,0288647 / 33,59071

5, 0,0352653 / 33,61383

1, 0,4502396 / 34,05816

0, 0,0851379 / 34,1433

1, 0,0245474 / 34,1433

0, 0,4301545 / 34,57345

2, 0,0311164 / 34,57345

0, 0,1362318 / 34,70968

6, 0,0236534 / 34,70968

0, 0,0744867 / 34,78416

6, 0,0180754 / 34,78416

0, 0,1851645 / 34,96933

2, 0,0421088 / 34,99171

0, 0,3713381 / 35,36305

1, 0,0322413 / 35,36305

StartAnim : StopTouchPenis / 36,40237

0, 1,483646 / 36,8467

3, 0,021347 / 36,8467

StartAnim : DeErect / 37,24232

**********------------Fin_Relaxation------------**********

