**********------------scene1------------**********

0, 0,3047968 / 0,3047968

3, 0,1258568 / 0,3840935

0, 0,2285258 / 0,6126193

3, 0,2373835 / 0,8097612

0, 0,0963802 / 0,9061413

1, 3,503309 / 4,397178

0, 0,0990182 / 4,496196

1, 0,0433251 / 4,496196

0, 2,725324 / 7,221519

1, 0,6361966 / 7,810838

2, 0,0335003 / 7,855844

0, 1,043124 / 8,898968

1, 0,8246671 / 9,683276

0, 0,4872733 / 10,17055

2, 0,3289141 / 10,45616

1, 1,295817 / 11,73457

0, 0,5233678 / 12,25794

3, 0,0602595 / 12,30231

0, 0,0872297 / 12,38954

5, 0,719291 / 13,0545

2, 0,7521905 / 13,09692

0, 0,2003298 / 13,29725

1, 1,861802 / 15,14055

0, 1,52137 / 16,66192

2, 0,0277814 / 16,66192

0, 0,2375208 / 16,89944

1, 0,2902207 / 17,13687

0, 1,012185 / 18,14905

1, 1,353606 / 19,48422

0, 5,210942 / 24,69517

4, 0,0819311 / 24,73532

5, 0,1580146 / 24,81731

0, 0,2429904 / 25,0603

5, 0,0410795 / 25,0603

2, 0,0491539 / 25,10477

1, 0,8640902 / 25,96287

0, 0,5692595 / 26,53213

2, 0,1160099 / 26,59053

0, 0,44637 / 27,0369

5, 0,3580663 / 27,36606

2, 0,1915386 / 27,56565

5, 0,0745817 / 27,63672

2, 0,2052623 / 27,81236

5, 0,0356876 / 27,81236

0, 0,881176 / 28,69353

1, 0,6160698 / 29,27687

0, 0,1000909 / 29,37696

3, 0,1558503 / 29,49904

0, 0,209543 / 29,70858

2, 0,162559 / 29,85887

1, 0,8636866 / 30,70914

5, 0,3167089 / 31,29392

2, 0,7010255 / 31,41344

1, 0,961346 / 32,36649

5, 0,0691473 / 32,45159

2, 1,172292 / 33,57868

0, 5,385705 / 38,96441

5, 0,1532199 / 39,08173

2, 0,0665181 / 39,15226

1, 1,136104 / 40,28014

0, 0,5675734 / 40,84771

1, 0,8707286 / 41,68299

0, 0,0967092 / 41,7797

1, 0,1767265 / 41,93407

0, 2,59884 / 44,53293

2, 0,1285864 / 44,66701

5, 0,3071324 / 44,82027

2, 0,298264 / 44,99322

1, 0,9558757 / 45,96452

2, 1,159743 / 47,11916

5, 1,101438 / 47,40932

0, 0,2707227 / 47,68005

3, 0,1771791 / 47,80816

0, 0,0719524 / 47,88012

2, 0,0420033 / 47,88012

5, 0,0420033 / 47,88012

3, 0,1849851 / 48,07861

0, 2,156382 / 50,23497

5, 0,3201951 / 50,53365

2, 0,0703169 / 50,59226

1, 3,440074 / 54,03415

0, 3,857638 / 57,89177

5, 0,1564837 / 58,02133

2, 0,1615644 / 58,09353

StartAnim : touchMagazine / 58,92536

1, 0,9092945 / 58,99323

2, 0,0609519 / 59,05341

5, 0,4314869 / 59,49889

0, 0,5082216 / 60,00711

4, 0,0894707 / 60,07753

0, 0,4996553 / 60,57719

4, 0,1129859 / 60,6604

0, 0,0751156 / 60,73551

5, 0,1506998 / 60,8459

0, 0,4911511 / 61,33705

4, 0,6138268 / 61,92063

5, 0,1707667 / 62,09653

2, 0,0345514 / 62,13636

1, 2,714067 / 64,84915

0, 0,3178445 / 65,167

4, 0,1392171 / 65,27493

2, 0,4246279 / 65,77757

5, 0,5029229 / 65,77757

0, 0,0713904 / 65,84896

2, 0,1443807 / 65,95648

5, 0,1443807 / 65,95648

0, 0,3780563 / 66,33453

4, 0,0408203 / 66,36748

5, 0,6088501 / 66,89497

2, 0,5238067 / 67,17763

0, 0,2395934 / 67,41722

**********------------scene2------------**********

2, 0,5540034 / 0,0371194

0, 0,1205206 / 0,15764

1, 0,1737505 / 0,2860928

0, 0,5442575 / 0,8303503

3, 0,1496888 / 0,9391909

0, 1,177157 / 2,116349

1, 0,6412876 / 2,730227

2, 0,3245225 / 3,045914

0, 0,5522701 / 3,598185

5, 0,5863461 / 4,158479

2, 0,3170249 / 4,228865

1, 0,6556216 / 4,871166

2, 0,2748979 / 5,156096

0, 0,4019766 / 5,558073

1, 1,016431 / 6,541437

0, 0,5034983 / 7,044935

1, 2,353477 / 9,369528

0, 0,0780021 / 9,44753

1, 0,0322635 / 9,44753

2, 0,0457386 / 9,487133

4, 0,0712743 / 9,558875

5, 0,0316708 / 9,558875

0, 0,2896234 / 9,848498

2, 0,2171749 / 10,01493

0, 0,283992 / 10,29892

3, 0,126391 / 10,40218

0, 0,0541372 / 10,45632

1, 0,9164665 / 11,36005

2, 0,0414034 / 11,3917

0, 0,2692121 / 11,66091

3, 0,2198244 / 11,84629

0, 0,07949241 / 11,92578

3, 0,1882279 / 12,07777

2, 0,0784881 / 12,43072

5, 0,3644624 / 12,43072

0, 0,4271426 / 12,85786

2, 0,3363953 / 13,16145

5, 0,3710231 / 13,20007

0, 0,3277568 / 13,52782

5, 0,0613268 / 13,59925

2, 0,8054662 / 14,3269

5, 0,5342424 / 14,3269

0, 0,8154001 / 15,1423

2, 0,2827826 / 15,39112

1, 1,809049 / 17,20249

2, 0,6689757 / 17,85896

1, 3,708744 / 21,56764

0, 0,6038367 / 22,17147

3, 0,1219331 / 22,27067

0, 0,052501 / 22,32317

5, 0,8232763 / 23,12608

2, 0,7151241 / 23,15801

0, 0,0715979 / 23,22961

1, 0,4835147 / 23,67509

0, 0,3234009 / 23,99849

2, 0,432299 / 24,3811

4, 0,024829 / 24,41177

0, 0,1797389 / 24,59151

4, 0,0309673 / 24,59151

0, 0,1682316 / 24,75974

4, 0,0308088 / 24,75974

0, 0,1579678 / 24,91771

7, 0,0288095 / 24,91771

0, 0,1957502 / 25,11346

5, 0,6885395 / 25,77132

4, 0,0304193 / 25,80226

6, 0,139985 / 25,93959

0, 0,115088 / 26,05468

4, 0,2910982 / 26,32674

0, 0,0695276 / 26,39627

4, 0,3425537 / 26,69489

0, 0,1485232 / 26,84341

6, 0,1528968 / 26,94454

0, 0,0667501 / 27,01129

6, 0,0667501 / 27,04748

0, 0,0653115 / 27,11279

4, 0,3608147 / 27,44477

0, 0,1845311 / 27,6293

5, 0,0302694 / 27,6293

0, 0,3543464 / 27,98364

2, 0,030745 / 28,14127

5, 0,3438285 / 28,29782

0, 0,2273758 / 28,5252

3, 0,0363499 / 28,5252

0, 0,0745586 / 28,59976

1, 1,703686 / 30,25739

0, 0,3409972 / 30,59839

3, 0,2288324 / 30,81234

0, 0,0669414 / 30,87928

2, 0,2176079 / 31,05584

0, 1,28438 / 32,34022

1, 5,071639 / 37,3833

2, 0,2957401 / 37,68369

2, 0,1003438 / 37,80859

5, 1,099881 / 38,72672

StartAnim : shortLook / 38,83224

2, 1,119836 / 38,95945

**********------------scene3------------**********

1, 2,316071 / 0,0260942

2, 0,1705514 / 0,209478

0, 0,1434803 / 0,3529583

3, 0,318217 / 0,6477172

0, 0,062041 / 0,7097582

2, 0,2383083 / 0,9109954

5, 0,2632782 / 0,9441206

0, 0,0497879 / 0,9939086

3, 0,3842935 / 1,350807

0, 0,0600029 / 1,41081

2, 0,0309741 / 1,41081

1, 0,5456011 / 1,95382

0, 0,0594028 / 2,013223

1, 0,0262971 / 2,013223

5, 0,058456 / 2,065752

2, 0,4881105 / 2,551061

0, 0,2890271 / 2,840088

2, 0,0608227 / 2,865174

0, 0,0630685 / 2,928242

3, 0,2641442 / 3,151267

0, 0,8891596 / 4,040427

1, 0,9483356 / 4,951889

2, 2,022486 / 6,97914

5, 0,3424838 / 7,330717

4, 0,2855287 / 7,610501

0, 0,3392827 / 7,949784

1, 0,9099974 / 8,84045

0, 0,0881844 / 8,928635

1, 0,0865543 / 8,983327

0, 0,5962376 / 9,579564

2, 0,0206961 / 9,579564

1, 2,090607 / 11,66685

2, 0,4537873 / 12,12962

0, 0,6522742 / 12,78189

5, 0,0196249 / 12,78189

0, 0,2825439 / 13,06443

4, 0,2626112 / 13,46458

5, 1,027677 / 14,0655

2, 0,0579177 / 14,12965

1, 0,9974669 / 15,12886

0, 0,1119973 / 15,24085

2, 0,1222932 / 15,32983

1, 2,310226 / 17,63952

0, 0,0869608 / 17,72648

2, 0,6591194 / 18,35005

4, 0,0259311 / 18,38161

0, 0,2845077 / 18,66612

3, 0,5161215 / 19,14993

0, 0,0898214 / 19,23975

1, 0,4830279 / 19,69692

0, 0,0826872 / 19,77961

1, 0,0237885 / 19,77961

0, 0,3507744 / 20,13038

1, 0,7455377 / 20,83938

2, 0,0274672 / 20,86361

5, 0,0242337 / 20,89726

2, 0,5153939 / 21,40812

4, 0,2621461 / 21,66421

0, 0,5740634 / 22,23828

3, 0,4308149 / 22,64036

0, 0,2584425 / 22,8988

5, 0,2245469 / 23,10186

2, 0,7398186 / 23,61492

1, 2,260139 / 25,86629

0, 0,5158186 / 26,38211

2, 0,1992107 / 26,55079

1, 0,7135565 / 27,26466

0, 0,4422653 / 27,70692

3, 0,1177447 / 27,79229

0, 0,6943735 / 28,48667

1, 0,3491303 / 28,79265

0, 0,3159211 / 29,10857

3, 0,0861126 / 29,16964

0, 0,2035716 / 29,37321

3, 0,686823 / 30,022

0, 0,5490957 / 30,57109

4, 0,4302265 / 30,97063

2, 0,2577754 / 31,22158

1, 0,5737316 / 31,79212

StartAnim : armStretch / 32,82337

2, 1,055241 / 32,85237

0, 0,084006 / 32,93637

2, 0,0535652 / 32,97055

1, 0,415751 / 33,38591

4, 0,033795 / 33,40749

0, 0,9434302 / 34,35092

2, 0,0294571 / 34,35092

1, 0,7428004 / 35,09361

2, 0,0580461 / 35,1517

5, 0,5416035 / 35,69387

0, 0,3168012 / 36,01067

2, 0,0303145 / 36,01067

StartAnim : longLook / 37,09399

StartAnim : handSalute / 37,40974

1, 2,344259 / 38,35159

0, 0,1185925 / 38,47018

4, 0,1153988 / 38,55244

0, 0,3726097 / 38,92506

2, 0,0275634 / 38,92506

StartAnim : faceSmile / 41,60905

1, 5,930522 / 44,8516

2, 0,0852606 / 44,93661

2, 0,0263443 / 45,33833

5, 0,3977752 / 45,33833

0, 0,9685165 / 46,30685

4, 0,0318827 / 46,30685

0, 0,2626994 / 46,56955

5, 0,1771033 / 47,10675

2, 1,373816 / 47,90663

1, 2,283106 / 50,19117

0, 0,318707 / 50,50987

2, 0,0608702 / 50,53666

0, 0,2883196 / 50,82498

3, 0,0584014 / 50,85734

0, 0,992841 / 51,85017

3, 0,0314886 / 51,85017

0, 0,7187582 / 52,56892

5, 0,0600373 / 52,60218

2, 0,3058452 / 52,86377

5, 0,0224647 / 52,89218

7, 0,0284031 / 52,9254

2, 0,2551824 / 53,17869

4, 0,3482289 / 53,52922

3, 0,2326325 / 53,74944

0, 0,0631504 / 53,8126

2, 0,0297042 / 53,8126

1, 1,055042 / 54,86164

0, 0,0637803 / 54,92542

2, 0,0323359 / 54,92542

1, 0,0314444 / 54,96071

0, 0,0524337 / 55,01314

2, 0,0308679 / 55,03371

2, 0,0857493 / 55,23663

5, 0,2535179 / 55,23663

0, 0,4567799 / 55,6934

5, 0,2905651 / 55,95004

0, 0,4607877 / 56,41082

5, 0,7799615 / 57,14857

0, 0,0873969 / 57,23597

5, 0,1712554 / 57,38016

7, 0,0617266 / 57,43521

0, 0,3149642 / 57,75018

4, 0,0838286 / 57,80945

0, 0,1393862 / 57,94884

2, 0,0307513 / 57,94884

0, 0,0624635 / 58,0113

StartAnim : LongLook / 58,41085

1, 4,54588 / 62,5249

2, 0,0301953 / 62,54897

StartAnim : CaresseEntreCuisse / 62,86115

0, 0,4615078 / 63,01048

4, 0,2850593 / 63,26267

5, 0,578013 / 63,83839

4, 0,3961259 / 64,23563

2, 0,4013673 / 64,63822

5, 0,4306524 / 64,66523

4, 0,0562932 / 64,69835

5, 0,0331165 / 64,72305

2, 0,0839869 / 64,77888

5, 0,1415852 / 64,92774

2, 0,0369381 / 64,9506

1, 1,880371 / 66,8332

0, 0,0710631 / 66,90427

2, 1,061733 / 67,92324

StartAnim : faceSmile / 68,37959

1, 2,799222 / 70,72451

5, 0,0303686 / 70,74945

**********------------scene4------------**********

2, 1,339682 / 0,0412881

5, 0,0412881 / 0,0676914

4, 0,0264033 / 0,1014414

0, 0,3655531 / 0,4669945

4, 0,0670812 / 0,5575828

5, 0,1189792 / 0,5575828

2, 0,2262114 / 0,7817955

1, 0,1929237 / 0,9884107

0, 0,0506357 / 1,039046

5, 0,2021864 / 1,811632

2, 1,167776 / 2,1824

StartAnim : LongLook / 2,528545

StartAnim : HandSalute / 2,813817

1, 0,9953751 / 3,167078

0, 0,0432425 / 3,21032

2, 0,2657833 / 3,457905

4, 0,1790675 / 3,638417

5, 0,4280965 / 3,661313

2, 0,0695762 / 3,710839

1, 1,430767 / 5,138741

2, 0,6589758 / 5,794623

1, 0,686303 / 6,48102

4, 0,4406403 / 7,838223

2, 1,958207 / 8,426966

1, 1,059429 / 9,481273

0, 0,3426804 / 9,823953

1, 0,8852612 / 10,68142

2, 0,3995102 / 11,08141

4, 0,0271069 / 11,11291

5, 0,0271069 / 11,11291

2, 0,5319774 / 11,63799

4, 0,0324705 / 11,63799

4, 0,325916 / 12,31197

5, 0,6676549 / 12,31197

2, 0,2080865 / 12,47992

0, 0,4463823 / 12,9263

2, 0,5402617 / 13,43689

StartAnim : LongLook / 14,29695

1, 2,442899 / 15,88251

0, 0,0559983 / 15,93851

2, 0,2902538 / 16,19695

0, 0,2202227 / 16,41717

4, 0,0291907 / 17,524

2, 1,599164 / 18,00008

0, 0,5692824 / 18,56936

4, 0,1989775 / 18,74209

2, 0,2167183 / 18,76888

0, 0,8266764 / 19,59555

2, 0,0301598 / 19,59555

StartAnim : EyeBlink / 21,89956

1, 3,39863 / 22,99398

0, 0,0482306 / 23,04221

2, 0,0270698 / 23,04221

0, 1,109071 / 24,15128

4, 0,0160843 / 24,15128

2, 0,2145896 / 24,35664

1, 0,6299822 / 24,98404

2, 0,3435603 / 25,32528

1, 3,404019 / 28,72619

2, 0,8533853 / 29,58128

4, 0,2414835 / 29,82285

5, 0,2414835 / 29,82285

StartAnim : OpenLegs / 29,96618

2, 0,9459525 / 30,76618

1, 0,3143096 / 31,08047

2, 0,0664882 / 31,1465

4, 0,7738299 / 31,92287

3, 0,0575861 / 33,41169

4, 0,1209337 / 33,67933

5, 2,663352 / 33,7947

2, 0,0259674 / 33,82365

1, 2,074509 / 35,89694

0, 0,6115312 / 36,50848

2, 0,368276 / 36,85912

4, 1,838366 / 38,38332

5, 1,814005 / 38,63741

4, 0,0293857 / 38,66005

StartAnim : touchCouchInvite / 38,99417

0, 1,133459 / 39,79351

1, 0,6857295 / 40,45538

StartAnim : FaceSmile / 40,81192

0, 0,7132779 / 41,16867

4, 1,588583 / 42,72052

0, 0,1044497 / 42,82497

2, 0,212255 / 43,01072

0, 0,6685804 / 43,67929

1, 1,89524 / 45,54047

0, 0,2958017 / 45,83627

2, 0,530789 / 46,35085

5, 0,5882327 / 46,69866

0, 0,0473036 / 46,74596

5, 0,1111225 / 46,83625

0, 0,2596414 / 47,0959

4, 0,4422005 / 47,52436

0, 1,371017 / 48,89539

2, 0,5274999 / 49,4114

0, 0,3558504 / 49,76725

1, 0,7527415 / 50,4962

2, 0,0444305 / 50,54065

1, 0,0184021 / 50,57561

0, 0,0506359 / 50,62625

5, 0,0781015 / 50,68202

**********------------scene5------------**********

5, 0,3583291 / 0,0299252

2, 1,825282 / 0,1147066

0, 0,1463976 / 0,2611042

5, 0,062219 / 0,2865631

2, 0,3169139 / 0,5730293

1, 0,398798 / 0,9736494

2, 0,0844039 / 1,069196

4, 0,08162449 / 1,460219

5, 0,7040374 / 1,730807

2, 0,0536735 / 1,786062

5, 0,0873294 / 1,873348

2, 0,9725781 / 2,847289

1, 0,285214 / 3,126986

0, 0,2894912 / 3,416477

2, 0,0426586 / 3,441831

1, 0,9321681 / 4,376019

0, 0,0425166 / 4,418535

1, 0,0425166 / 4,441926

0, 0,4184578 / 4,860383

2, 0,2584515 / 5,087281

0, 0,4849329 / 5,572214

1, 0,6183134 / 6,1711

2, 0,6861386 / 6,863936

0, 0,2427499 / 7,106687

2, 0,0340892 / 7,127071

1, 0,0203838 / 7,151073

0, 0,0910803 / 7,242154

1, 0,9742419 / 8,198656

2, 0,9701256 / 9,169669

5, 0,2713273 / 9,44203

0, 0,0419236 / 9,483953

5, 0,0419236 / 9,508353

StartAnim : ShortLook / 9,670223

0, 0,3509303 / 9,859285

7, 0,2452513 / 10,08409

StartAnim : FaceSmile / 10,63135

0, 0,7612091 / 10,8453

5, 0,0276884 / 10,8453

4, 0,0791137 / 10,90447

2, 0,2014405 / 11,06345

1, 1,212603 / 12,26281

0, 0,3824822 / 12,64529

2, 0,3427977 / 12,97224

1, 0,4992973 / 13,46143

0, 1,4276 / 14,88903

2, 0,024561 / 14,88903

4, 0,0185817 / 14,92898

4, 0,0639004 / 15,02369

5, 0,1469905 / 15,02369

2, 0,0657937 / 15,08535

5, 0,4435477 / 15,52727

0, 0,6861291 / 16,2134

7, 0,4580135 / 16,66108

2, 0,2314864 / 16,88436

1, 1,684965 / 18,57112

2, 0,0500961 / 18,6171

1, 0,2473617 / 18,85929

2, 0,220607 / 19,08453

StartAnim : OpenLegs / 20,12834

1, 1,090317 / 20,17006

0, 0,3998411 / 20,5699

2, 0,2156634 / 20,77151

3, 0,6006762 / 21,90505

StartAnim : TouchCouchInvite / 22,44051

StartAnim : LongLook / 22,96983

3, 0,2912922 / 23,04187

3, 0,0639401 / 23,14336

5, 2,382392 / 23,14336

0, 0,08643001 / 23,22979

StartAnim : FaceSmile / 23,37281

1, 1,500541 / 24,70642

2, 0,5856813 / 25,2859

0, 0,1133366 / 25,39923

2, 0,09665579 / 25,48438

0, 0,8437472 / 26,32812

2, 0,0588454 / 26,42711

5, 1,264985 / 27,56813

2, 0,7136059 / 28,08285

0, 0,3752138 / 28,45807

4, 0,0139769 / 28,45807

5, 0,0305756 / 28,48478

2, 1,044561 / 29,52591

0, 0,4040731 / 29,92998

2, 0,4317054 / 30,32593

0, 0,9332325 / 31,25916

1, 0,3268241 / 31,57259

2, 0,1858094 / 31,75779

StartAnim : PenisTouch / 31,75779

4, 0,5842829 / 32,35913

5, 0,7467971 / 32,35913

StartAnim : ShortLook / 32,38588

0, 0,0621892 / 32,42131

4, 0,0843982 / 32,4702

5, 0,1550094 / 32,54329

2, 0,0875276 / 32,63236

StartAnim : CloseEyes / 35,04314

1, 3,98407 / 36,61642

2, 0,0306954 / 36,64238

1, 0,0542631 / 36,68903

0, 0,098859 / 36,78788

4, 0,1552505 / 36,90878

4, 0,0184409 / 37,17061

5, 0,4149437 / 37,17061

2, 0,4115799 / 37,57489

StartAnim : OpenEyes / 37,87045

StartAnim : StartErect / 38,16994

4, 0,2972381 / 38,21301

5, 0,6430584 / 38,21301

2, 0,415836 / 38,6307

1, 4,332872 / 42,96919

2, 0,0222833 / 42,99515

StartAnim : CloseEyes / 43,01363

2, 0,313311 / 43,34821

2, 0,0856344 / 43,52526

4, 0,26108 / 43,82918

StartAnim : OpenEyes / 44,54692

4, 0,7726299 / 44,85738

2, 0,4876284 / 45,28203

4, 0,1431038 / 45,49893

5, 2,501401 / 45,49893

2, 0,8296012 / 46,32541

0, 0,802433 / 47,12783

4, 0,151818 / 47,33618

5, 0,2288071 / 47,33618

2, 0,0631489 / 47,38799

StartAnim : CloseEyes / 47,91211

StartAnim : OpenEyes / 50,28397

1, 3,295211 / 50,68261

StartAnim : StopTouchPenis / 50,75135

2, 0,9413755 / 51,62668

StartAnim : TouchCouchInvite / 51,71554

1, 1,617794 / 53,24044

0, 0,1044698 / 53,34491

2, 0,2955993 / 53,62584

1, 0,7535599 / 54,38385

**********------------scene6------------**********

0, 0,0501053 / 0,0311758

1, 0,0189295 / 0,0311758

0, 0,1659803 / 0,1971561

2, 0,1778079 / 0,341441

StartAnim : OpenLegs / 0,6815459

5, 0,47869 / 0,8286343

2, 0,5304022 / 1,329021

1, 0,3400586 / 1,669787

0, 0,2845607 / 1,954347

2, 0,0279482 / 1,954347

5, 0,0271786 / 1,986199

3, 0,316677 / 2,296876

5, 0,5409333 / 2,838758

2, 0,6831065 / 3,514596

2, 0,0162888 / 3,809637

5, 0,4247342 / 3,870961

4, 0,0186047 / 3,894218

5, 0,0232567 / 3,92102

0, 0,0471322 / 3,968153

5, 0,3483211 / 4,293993

2, 0,0499108 / 4,342929

1, 0,6233934 / 4,966191

0, 0,2861543 / 5,252346

2, 0,357543 / 5,597918

5, 0,313464 / 5,910217

2, 0,0483328 / 5,952672

StartAnim : LongLook / 6,852273

1, 0,9423383 / 6,899032

StartAnim : StartTouchPenis / 6,899032

2, 0,0254627 / 6,928094

0, 0,4409011 / 7,368995

2, 0,0574562 / 7,397513

4, 0,8347458 / 8,226573

5, 0,8606443 / 8,226573

2, 0,0507985 / 8,287822

4, 0,0332833 / 8,310418

5, 0,0332833 / 8,310418

2, 0,0225963 / 8,342669

1, 0,8724817 / 9,2107

StartAnim : CloseEyes / 10,01001

2, 0,8271073 / 10,03374

1, 1,501438 / 11,542

0, 0,0550999 / 11,5971

2, 0,0275064 / 11,5971

StartAnim : OpenEyes / 11,95227

4, 0,5399522 / 12,18272

5, 0,5974757 / 12,18272

3, 0,0157396 / 12,2106

0, 0,5007485 / 12,71135

5, 0,0261082 / 12,71135

2, 0,2734119 / 12,98467

4, 0,5160237 / 13,51016

5, 0,5160237 / 13,51016

2, 0,0579668 / 13,5683

1, 1,014839 / 14,58902

2, 0,4555084 / 15,03863

4, 0,026282 / 15,06883

5, 0,026282 / 15,06883

2, 0,0301974 / 15,10335

0, 0,1074074 / 15,21075

4, 0,9544787 / 16,14058

5, 0,9544787 / 16,14058

2, 0,1293571 / 16,27131

4, 0,116429 / 16,39024

5, 0,116429 / 16,39024

2, 0,639257 / 17,01149

4, 1,013957 / 18,02626

5, 1,039866 / 18,02626

2, 0,016997 / 18,05347

4, 0,0841983 / 18,1246

5, 0,0841983 / 18,1246

2, 0,0575209 / 18,18379

StartAnim : CloseEyes / 19,1869

1, 1,927446 / 20,11141

2, 0,3312044 / 20,45143

1, 0,5138708 / 20,9663

0, 0,3872565 / 21,35356

2, 0,2746426 / 21,59591

StartAnim : OpenEyes / 21,80844

1, 0,6149236 / 22,20809

2, 0,8001875 / 23,0099

1, 0,710003 / 23,71084

0, 0,0872577 / 23,79809

StartAnim : CloseEyes / 24,62659

4, 1,48661 / 25,25121

5, 1,48661 / 25,25121

2, 0,053556 / 25,29549

4, 0,0762074 / 25,38428

5, 0,0762074 / 25,38428

2, 0,2273383 / 25,60924

1, 0,7583507 / 26,36769

0, 0,4411347 / 26,80882

StartAnim : FastPenisTouch / 26,80882

StartAnim : OpenEyes / 26,95557

StartAnim : CloseEyes / 28,58347

StartAnim : OpenEyes / 29,49426

1, 3,138504 / 29,90959

0, 0,2738069 / 30,18339

2, 0,6868056 / 30,84084

StartAnim : CloseEyes / 31,00984

StartAnim : OpenEyes / 32,7519

StartAnim : PenisEjac / 33,35643

StartAnim : StopTouchPenis / 36,38483

1, 5,858212 / 36,69467

2, 0,0245132 / 36,72327

1, 0,0286029 / 36,75303

2, 0,1717337 / 36,91085

5, 0,041455 / 36,93964

0, 0,1960384 / 37,13568

StartAnim : DeErect / 37,20992

5, 0,6695509 / 37,7671

2, 0,3896866 / 38,09399

1, 0,7397531 / 38,83001

0, 0,535383 / 39,3654

2, 0,2732701 / 39,6109

1, 0,6946571 / 40,31587

2, 0,2226314 / 40,5241

5, 0,3905377 / 40,91179

2, 0,4707645 / 41,3641

**********------------Fin_Relaxation------------**********

