**********------------scene1------------**********

0, 0,1282522 / 0,1282522

2, 0,0320456 / 0,1282522

1, 0,037903 / 0,1604215

0, 0,1663839 / 0,3268054

1, 0,6742866 / 0,9705903

0, 0,5283677 / 1,498958

2, 0,0254387 / 1,498958

0, 0,1072769 / 1,606235

2, 0,0309776 / 1,606235

0, 0,2688792 / 1,875114

6, 0,2812294 / 2,127314

0, 0,0938093 / 2,221123

3, 0,2246531 / 2,4156

0, 0,1341835 / 2,549783

3, 0,2608337 / 2,770814

0, 0,0537786 / 2,824593

1, 0,9882979 / 3,799619

0, 0,9573901 / 4,75701

1, 1,369579 / 6,085974

0, 0,2624481 / 6,348423

1, 0,0295067 / 6,348423

0, 0,097295 / 6,445718

1, 1,673311 / 8,085638

2, 0,0297889 / 8,114885

0, 0,2867735 / 8,40166

3, 0,2525385 / 8,61251

2, 0,0601687 / 8,669291

5, 0,4583451 / 9,07286

2, 0,0586254 / 9,132887

1, 0,3139718 / 9,441023

0, 0,0578211 / 9,498844

2, 0,0276802 / 9,498844

5, 0,0301409 / 9,531286

0, 0,2975267 / 9,828812

5, 0,0298869 / 9,828812

0, 0,4138404 / 10,24265

1, 1,285501 / 11,50288

2, 0,0343612 / 11,54188

0, 0,2570015 / 11,79888

3, 0,0602729 / 11,82628

0, 0,3410464 / 12,16733

3, 0,3679976 / 12,51465

0, 0,0892324 / 12,60388

6, 0,531607 / 13,10486

0, 0,2649944 / 13,36985

6, 0,0892096 / 13,42403

0, 0,0669779 / 13,49101

1, 0,1029261 / 13,55648

0, 0,05415 / 13,61063

1, 0,0260713 / 13,61063

0, 0,718629 / 14,32926

1, 0,4883456 / 14,78322

0, 0,059307 / 14,84253

2, 0,0273194 / 14,84253

4, 0,0319876 / 14,87533

5, 0,0319876 / 14,87533

0, 0,5263008 / 15,40163

2, 0,0619402 / 15,42713

1, 0,5828059 / 16,01249

0, 3,056417 / 19,06889

1, 0,7154878 / 19,75487

2, 0,0261341 / 19,78424

0, 0,8194039 / 20,60364

1, 1,043316 / 21,61021

2, 0,0282283 / 21,64039

0, 0,0869444 / 21,72733

4, 0,0280552 / 21,72733

0, 0,2108502 / 21,93818

4, 0,0247366 / 21,93818

0, 0,4637271 / 22,40191

2, 0,1486309 / 22,51149

0, 0,0649415 / 22,57644

2, 0,1839795 / 22,72706

1, 1,316784 / 24,0404

2, 0,0281483 / 24,07032

0, 0,0831981 / 24,15352

2, 0,5099218 / 24,64858

0, 8,073087 / 32,72168

1, 0,2466927 / 32,92985

0, 0,1317821 / 33,06163

3, 0,200693 / 33,21692

0, 0,0828985 / 33,29982

3, 0,0475562 / 33,29982

0, 2,62796 / 35,92777

7, 0,0421772 / 35,92777

6, 0,1161967 / 36,04681

0, 1,923399 / 37,97021

1, 0,3534201 / 38,27109

0, 0,0947407 / 38,36583

3, 0,0543448 / 38,36583

0, 0,4328916 / 38,79872

1, 0,2766085 / 39,04424

2, 0,0346341 / 39,08682

0, 0,1725471 / 39,25937

5, 0,0388562 / 39,25937

0, 0,2438735 / 39,50324

1, 0,08530059 / 39,55783

0, 0,093072 / 39,6509

2, 0,0457162 / 39,6509

0, 0,1264401 / 39,77734

5, 0,0780098 / 39,81845

0, 0,4961361 / 40,31458

2, 0,0449754 / 40,31458

5, 0,0449754 / 40,31458

0, 0,1066493 / 40,42123

2, 0,0581172 / 40,42123

0, 0,5099673 / 40,93119

4, 0,0797963 / 40,98316

0, 0,4301869 / 41,41335

4, 0,5269138 / 41,88474

0, 0,8206599 / 42,70541

3, 0,2054951 / 42,87461

4, 0,2261909 / 43,09791

0, 0,1805899 / 43,2785

3, 0,513117 / 43,76131

2, 0,0447031 / 43,8032

0, 0,1269429 / 43,93014

1, 0,1571924 / 44,04841

2, 0,197845 / 44,24564

1, 0,0433017 / 44,29107

2, 0,1103899 / 44,38798

1, 0,0319473 / 44,43074

2, 0,0427592 / 44,47366

1, 0,1301052 / 44,60682

2, 0,0847612 / 44,67345

1, 0,0278447 / 44,70257

2, 0,4559952 / 45,16274

1, 0,0332966 / 45,20396

2, 0,0843375 / 45,29375

1, 0,3117247 / 45,5995

0, 0,0663583 / 45,66586

1, 0,0663583 / 45,69823

0, 0,0615308 / 45,75976

1, 0,0283552 / 45,75976

0, 0,1247435 / 45,8845

1, 0,0393379 / 45,8845

0, 0,0721218 / 45,95662

1, 0,0986574 / 46,01596

0, 0,0696352 / 46,0856

1, 0,3411456 / 46,3878

0, 0,3893412 / 46,77715

3, 0,0801221 / 46,8208

0, 2,707099 / 49,52788

1, 0,041311 / 49,52788

0, 0,0760431 / 49,60392

1, 0,1520173 / 49,71066

0, 0,0718255 / 49,78249

1, 0,2618194 / 50,004

0, 0,1299566 / 50,13395

1, 0,5089337 / 50,58123

0, 0,3710116 / 50,95224

1, 0,2398523 / 51,15508

0, 0,3106584 / 51,46573

1, 0,4316004 / 51,8653

0, 0,5599629 / 52,42526

3, 0,105617 / 52,49854

0, 0,2393271 / 52,73787

4, 0,1242489 / 52,84421

0, 0,2547856 / 53,099

2, 0,02734 / 53,099

1, 0,6688715 / 53,76689

0, 0,0569894 / 53,82388

2, 0,0326054 / 53,82388

0, 0,09184261 / 53,91572

4, 0,2565055 / 54,14183

0, 0,1043918 / 54,24622

1, 0,3293352 / 54,54147

StartAnim : touchMagazine / 58,92414

0, 5,881527 / 60,423

4, 0,079806 / 60,48508

5, 0,0634123 / 60,5606

0, 0,06298999 / 60,62359

4, 0,0365363 / 60,62359

2, 0,0264537 / 60,65774

5, 0,0264537 / 60,65774

0, 0,0674689 / 60,72521

1, 2,364067 / 63,05371

2, 0,0653058 / 63,11363

4, 0,2069656 / 63,32608

5, 0,0269045 / 63,32608

0, 0,0960142 / 63,4221

5, 0,0317059 / 63,4221

0, 0,131936 / 63,55404

4, 0,3681493 / 64,21133

5, 0,6890965 / 64,21133

0, 0,3270812 / 64,53841

2, 0,0229346 / 64,53841

1, 0,689339 / 65,22214

0, 1,459812 / 66,68195

1, 0,5988066 / 67,24099

0, 0,1996415 / 67,44063

1, 0,261081 / 67,66976

**********------------scene2------------**********

0, 1,657025 / 1,442005

1, 0,274575 / 1,688019

0, 0,0513905 / 1,739409

3, 0,083121 / 1,800452

0, 0,3846733 / 2,185125

3, 0,0589121 / 2,213756

0, 0,0999704 / 2,313726

1, 0,3004561 / 2,57308

0, 0,4267381 / 2,999818

5, 0,0845498 / 3,055275

4, 0,1138681 / 3,086554

0, 0,3244166 / 3,41097

5, 0,0829347 / 3,47517

2, 0,0612454 / 3,526108

0, 0,2311631 / 3,757271

1, 0,2317872 / 3,962828

0, 1,52744 / 5,490269

1, 0,2282032 / 5,685693

0, 1,738764 / 7,424456

1, 0,4092344 / 7,808999

0, 1,088721 / 8,89772

1, 0,5783204 / 9,456681

0, 3,083015 / 12,5397

5, 0,0845111 / 12,59921

0, 0,566543 / 13,16576

5, 0,2010633 / 13,34869

0, 0,4216696 / 13,77036

3, 0,0244686 / 13,77036

0, 0,214002 / 13,98437

5, 0,2505736 / 14,21715

0, 0,8291047 / 15,04625

1, 0,4870726 / 15,49572

0, 1,244365 / 16,74009

6, 0,053907 / 16,77607

0, 0,2915841 / 17,06765

3, 0,0378495 / 17,06765

0, 0,2939966 / 17,36165

3, 0,1374345 / 17,46903

0, 0,0672643 / 17,53629

3, 0,028496 / 17,53629

0, 0,0636178 / 17,59991

1, 0,1406778 / 17,71405

0, 0,529873 / 18,24392

3, 0,0619558 / 18,27558

0, 1,323378 / 19,59896

1, 0,5075931 / 20,06546

0, 2,365731 / 22,4312

3, 0,1885329 / 22,58237

0, 0,4347912 / 23,01716

3, 0,1140802 / 23,10184

0, 2,783522 / 25,88536

1, 0,0872751 / 25,9388

0, 4,020756 / 29,95956

1, 0,129927 / 30,04574

0, 0,4111898 / 30,45693

2, 0,3635769 / 30,78381

0, 0,1151269 / 30,89894

5, 0,1261619 / 31,00024

0, 0,9300699 / 31,93031

5, 0,0274289 / 31,93031

0, 0,1622604 / 32,09256

1, 0,1107311 / 32,15773

0, 0,080728 / 32,23846

1, 0,2458604 / 32,44971

0, 0,0705575 / 32,52027

3, 0,1838972 / 32,67942

0, 2,036248 / 34,71566

1, 0,3302943 / 35,01038

0, 0,7277854 / 35,73817

1, 0,2936727 / 36,01181

0, 1,389326 / 37,40113

3, 0,1510177 / 37,50974

StartAnim : shortLook / 38,82278

0, 2,091262 / 39,601

1, 1,466027 / 41,02889

**********------------scene3------------**********

0, 0,3970696 / 0,1997697

2, 0,0245491 / 0,1997697

1, 0,1187824 / 0,3155866

0, 0,0901008 / 0,4056875

1, 0,1731168 / 0,5431482

2, 0,2516207 / 0,799817

0, 0,5989957 / 1,398813

3, 0,0287091 / 1,398813

0, 0,6530942 / 2,051907

1, 0,3136566 / 2,343079

0, 0,2811312 / 2,62421

1, 0,7483054 / 3,340906

0, 0,1433474 / 3,484254

1, 0,0341776 / 3,484254

0, 0,2549432 / 3,739197

3, 0,163795 / 3,887186

0, 1,051467 / 4,938652

1, 0,0307165 / 4,938652

0, 0,171694 / 5,110346

1, 0,0325425 / 5,110346

0, 1,015632 / 6,125979

1, 0,0302982 / 6,125979

0, 0,0543642 / 6,180343

1, 0,1154408 / 6,274998

0, 0,0808966 / 6,355895

1, 0,0324283 / 6,355895

0, 0,0562187 / 6,412113

1, 0,0260603 / 6,412113

0, 0,2560139 / 6,668127

1, 0,3460885 / 6,980195

0, 0,6005805 / 7,580775

3, 0,0834015 / 7,646914

0, 0,1524759 / 7,79939

1, 0,0397638 / 7,79939

0, 0,2530982 / 8,052487

1, 0,0242923 / 8,052487

0, 0,0880517 / 8,140539

1, 0,3384544 / 8,452373

0, 1,704413 / 10,15678

3, 0,0287167 / 10,15678

0, 0,0548946 / 10,21168

3, 0,0548946 / 10,24014

0, 0,2618361 / 10,50198

3, 0,0283369 / 10,50198

0, 1,854032 / 12,35601

1, 2,111966 / 14,43844

0, 0,0592448 / 14,49769

1, 0,2853066 / 14,75512

0, 0,3147398 / 15,06986

1, 0,0595691 / 15,11108

0, 0,163752 / 15,27484

1, 0,0293429 / 15,27484

0, 0,2220683 / 15,4969

1, 0,2278405 / 15,7006

0, 0,0569549 / 15,75756

2, 0,3085567 / 16,03911

4, 0,0299467 / 16,06918

5, 0,0299467 / 16,06918

2, 0,0300731 / 16,10242

0, 0,08037449 / 16,1828

2, 0,0377189 / 16,1828

0, 0,5136666 / 16,69647

1, 0,5184221 / 17,18618

3, 0,0279059 / 17,21336

0, 1,875154 / 19,08851

1, 0,2589461 / 19,31847

0, 0,1963875 / 19,51486

3, 0,2288494 / 19,7138

0, 0,1720099 / 19,88581

1, 0,6001835 / 20,45548

0, 3,858145 / 24,31361

1, 0,0353137 / 24,31361

0, 1,683755 / 25,99737

2, 0,0307127 / 25,99737

0, 0,5998034 / 26,59717

3, 0,2021892 / 26,77503

0, 0,9376115 / 27,71264

3, 0,3175634 / 27,99719

0, 0,3137623 / 28,31095

3, 0,0572288 / 28,33802

0, 0,3724807 / 28,71049

1, 0,023105 / 28,71049

0, 0,2507936 / 28,96128

4, 0,0848098 / 29,00941

3, 0,400409 / 29,32773

0, 0,0817707 / 29,4095

3, 0,051641 / 29,44304

0, 1,156796 / 30,59984

3, 0,3136053 / 30,89026

StartAnim : armStretch / 32,82147

0, 4,389756 / 35,28

3, 0,0279739 / 35,28

0, 0,7284017 / 36,0084

1, 0,1169414 / 36,09491

0, 0,7133986 / 36,80831

1, 0,0833981 / 36,86499

0, 0,0636014 / 36,92859

1, 0,2281487 / 37,12449

StartAnim : longLook / 37,12449

0, 0,0560361 / 37,18053

StartAnim : handSalute / 37,40831

1, 0,3180126 / 37,46586

0, 0,0616938 / 37,52755

1, 0,6163405 / 38,11401

0, 0,0515884 / 38,1656

1, 0,0515884 / 38,19625

0, 0,0613477 / 38,2576

1, 0,6544155 / 38,8802

0, 0,0586244 / 38,93882

1, 0,1172398 / 39,02311

0, 0,0633237 / 39,08643

1, 0,1159274 / 39,16582

0, 0,2314768 / 39,3973

1, 0,6843897 / 40,05268

0, 0,5122499 / 40,56493

1, 0,9518551 / 41,49363

0, 0,0658799 / 41,55951

StartAnim : faceSmile / 41,60892

1, 0,1767069 / 41,69391

0, 0,1985978 / 41,89251

1, 0,1364478 / 42,00943

0, 0,3456898 / 42,35511

1, 0,1150846 / 42,44806

0, 0,0476875 / 42,49575

1, 0,1072588 / 42,57861

0, 0,181876 / 42,76049

1, 0,1728436 / 42,89525

0, 0,1704276 / 43,06567

1, 0,0327761 / 43,06567

0, 0,0906143 / 43,15629

1, 0,0295409 / 43,15629

0, 1,598382 / 44,75467

1, 0,0300221 / 44,75467

0, 0,1400755 / 44,89474

1, 0,026053 / 44,89474

0, 0,2895025 / 45,18424

1, 0,0335685 / 45,18424

0, 1,858454 / 47,04268

1, 0,2640684 / 47,26604

0, 0,0923308 / 47,35837

3, 0,0852086 / 47,41021

0, 6,82913 / 54,23931

1, 0,0853872 / 54,29458

0, 0,94314 / 55,23772

1, 0,0263662 / 55,23772

0, 0,0620097 / 55,29973

1, 0,027491 / 55,29973

0, 0,8997176 / 56,19946

1, 0,0292019 / 56,19946

0, 0,0516725 / 56,25113

1, 0,0255512 / 56,25113

0, 0,0571754 / 56,3083

1, 0,0326469 / 56,3083

0, 0,5747797 / 56,88309

3, 0,3500216 / 57,19655

0, 0,0543412 / 57,25089

2, 0,08830009 / 57,31048

0, 0,5575323 / 57,86801

6, 0,0316759 / 57,86801

StartAnim : LongLook / 58,40742

0, 0,7980209 / 58,66603

1, 0,6679305 / 59,29652

0, 0,0628506 / 59,35937

1, 0,1422517 / 59,46585

0, 1,061682 / 60,52755

1, 0,0588749 / 60,55675

0, 0,0517801 / 60,60852

1, 0,027044 / 60,60852

0, 0,0567884 / 60,66531

1, 2,098711 / 62,73634

StartAnim : CaresseEntreCuisse / 62,8495

0, 0,3495094 / 63,08585

3, 0,5381885 / 63,59832

0, 0,1111465 / 63,70946

1, 1,029688 / 64,70834

0, 0,0639025 / 64,77225

1, 0,2876173 / 65,02033

0, 1,400306 / 66,42065

3, 0,2411277 / 66,64594

0, 0,0782796 / 66,72422

1, 0,5750479 / 67,26367

0, 0,0612641 / 67,32494

1, 0,7051051 / 67,99857

StartAnim : faceSmile / 68,39643

0, 3,711383 / 71,70995

3, 0,0251366 / 71,70995

**********------------scene4------------**********

0, 0,354307 / 0,0419808

1, 0,0252775 / 0,0419808

0, 0,6320056 / 0,6739864

1, 0,0595376 / 0,7036153

0, 0,2547242 / 0,9583395

2, 0,0236948 / 0,9583395

0, 0,0848156 / 1,043155

2, 0,08325659 / 1,098115

0, 0,2868979 / 1,385013

2, 0,1075466 / 1,473828

0, 0,1388599 / 1,612688

2, 0,3338835 / 1,926412

0, 0,0639093 / 1,990322

1, 0,2006563 / 2,157505

0, 0,0602866 / 2,217791

1, 0,1684363 / 2,354953

StartAnim : LongLook / 2,526697

0, 0,2014506 / 2,556404

StartAnim : HandSalute / 2,813759

2, 0,4859239 / 3,015821

1, 0,0291463 / 3,041709

0, 0,0837053 / 3,125414

1, 0,4234816 / 3,519909

0, 0,0498835 / 3,569793

1, 0,2006272 / 3,74366

2, 0,0625024 / 3,80154

0, 0,1118584 / 3,913398

2, 0,0233968 / 3,913398

0, 0,0563728 / 3,969771

2, 0,1569486 / 4,097743

0, 0,0694951 / 4,167238

3, 0,080973 / 4,229447

0, 1,138204 / 5,36765

2, 0,0317684 / 5,36765

0, 0,0462126 / 5,413862

1, 0,0278077 / 5,413862

0, 2,141718 / 7,55558

7, 0,0267823 / 7,55558

0, 0,3159512 / 7,871531

7, 0,0236132 / 7,871531

0, 0,0509192 / 7,922451

7, 0,1823071 / 8,069556

0, 1,584732 / 9,65429

1, 0,0535696 / 9,671266

0, 2,484876 / 12,15614

1, 0,0996145 / 12,24463

0, 0,1288657 / 12,3735

4, 0,0272988 / 12,3735

2, 0,6235468 / 12,95382

1, 0,5888456 / 13,55711

StartAnim : LongLook / 14,29659

2, 0,7851545 / 14,33883

0, 0,0448552 / 14,38368

1, 0,3739169 / 14,73968

2, 0,02694 / 14,77094

0, 0,5282146 / 15,29915

7, 0,215343 / 15,48773

0, 0,1706989 / 15,65843

7, 0,0284115 / 15,65843

0, 1,341748 / 17,00017

6, 0,038597 / 17,03023

0, 0,598716 / 17,62894

7, 0,2295954 / 17,8315

0, 0,2007767 / 18,03228

3, 0,1173381 / 18,13939

5, 0,1459786 / 18,13939

0, 0,09314491 / 18,23254

6, 0,0192231 / 18,23254

0, 0,3794188 / 18,61196

6, 1,431562 / 20,02867

0, 0,3838242 / 20,41249

3, 0,3407314 / 20,71501

5, 0,4766549 / 20,8605

0, 0,07975 / 20,94025

3, 0,1559571 / 21,07416

5, 0,1559571 / 21,07416

1, 0,5414023 / 21,60231

2, 0,0172148 / 21,62948

0, 0,0448907 / 21,67437

2, 0,1317251 / 21,78345

1, 0,0222394 / 21,80626

StartAnim : EyeBlink / 21,89698

2, 0,113533 / 21,92955

0, 0,7826846 / 22,71224

1, 0,2855359 / 22,98402

2, 0,8000712 / 23,78186

1, 0,644012 / 24,42765

0, 0,6257089 / 25,05336

1, 0,6443825 / 25,67128

0, 0,4875544 / 26,15884

1, 1,184273 / 27,31317

2, 0,8681342 / 28,15382

0, 0,4415793 / 28,5954

3, 0,0265581 / 28,5954

2, 0,0466571 / 28,65812

7, 0,2541022 / 28,91471

StartAnim : OpenLegs / 29,98366

0, 1,680504 / 30,59522

1, 0,0414463 / 30,61768

0, 0,0533091 / 30,67099

1, 0,0258698 / 30,67099

0, 0,0833792 / 30,75437

1, 0,07768179 / 30,81134

0, 0,2320702 / 31,04341

1, 0,0162814 / 31,04341

0, 0,0514845 / 31,0949

2, 0,0275957 / 31,0949

0, 0,0446552 / 31,13955

5, 0,4997765 / 31,6143

0, 0,0576124 / 31,67191

3, 0,0290663 / 31,67191

0, 4,943483 / 36,61541

1, 0,0295871 / 36,61541

0, 0,0558699 / 36,67128

1, 0,0305374 / 36,67128

0, 0,0565084 / 36,72779

1, 0,0279044 / 36,72779

0, 0,0862873 / 36,81408

1, 1,954035 / 38,72941

2, 0,044874 / 38,78312

StartAnim : touchCouchInvite / 38,99553

5, 0,3015514 / 39,08066

0, 1,690095 / 40,77076

2, 0,0549159 / 40,79965

StartAnim : FaceSmile / 40,79965

0, 0,1692315 / 40,96888

1, 2,369055 / 43,31972

0, 4,020712 / 47,34046

2, 0,2842674 / 47,60884

1, 0,412249 / 48,02645

2, 0,9555608 / 48,98088

1, 0,129806 / 49,09563

0, 0,0411982 / 49,13683

1, 0,08558111 / 49,20522

0, 0,0385034 / 49,24372

1, 0,0385034 / 49,2694

0, 0,0439902 / 49,31339

1, 0,2138408 / 49,49424

0, 0,0432037 / 49,53745

1, 0,1166095 / 49,6433

2, 0,0603364 / 49,69694

0, 0,299126 / 49,99607

2, 0,0262689 / 49,99607

0, 0,6298984 / 50,62595

2, 0,8003802 / 51,39882

0, 0,0523172 / 51,45113

1, 0,7978611 / 52,22864

2, 0,0319644 / 52,25323

1, 0,0245906 / 52,27264

**********------------scene5------------**********

2, 0,0843196 / 0,0270992

0, 1,202243 / 1,229343

2, 0,0564287 / 1,255003

0, 0,08510551 / 1,340109

2, 0,1435736 / 1,456123

0, 0,117219 / 1,573342

5, 0,0204917 / 1,573342

0, 0,1749764 / 1,748318

2, 0,0332109 / 1,770893

5, 0,0625982 / 1,770893

0, 0,08400241 / 1,854896

1, 0,6002857 / 2,426152

4, 0,0608767 / 2,539933

2, 0,3416765 / 2,771484

0, 0,2836649 / 3,05515

2, 0,3723153 / 3,398235

0, 0,6142738 / 4,01251

1, 0,2534261 / 4,240329

2, 0,3886414 / 4,642546

0, 1,067767 / 5,710311

7, 0,1731874 / 5,856767

0, 2,644324 / 8,501088

1, 0,5584519 / 9,026841

0, 0,5749509 / 9,601792

StartAnim : ShortLook / 9,675235

1, 0,2991559 / 9,860843

StartAnim : FaceSmile / 10,64105

0, 2,408004 / 12,26885

1, 0,2099574 / 12,45645

2, 0,1801566 / 12,63849

0, 0,2595005 / 12,89799

2, 0,3155476 / 13,19536

0, 1,944299 / 15,13966

2, 0,412572 / 15,52836

0, 1,483719 / 17,01208

1, 0,629387 / 17,62395

0, 0,0463599 / 17,67031

1, 2,246627 / 19,89771

StartAnim : OpenLegs / 20,12823

0, 0,8974267 / 20,79513

3, 0,1186852 / 20,8835

0, 0,0703513 / 20,95385

3, 0,0500499 / 20,97803

0, 0,0489887 / 21,02702

5, 0,3606407 / 21,35255

3, 0,4018387 / 21,39692

0, 0,2567862 / 21,65371

3, 0,2976656 / 21,94183

0, 0,1739855 / 22,11581

5, 0,0986502 / 22,196

5, 0,0745391 / 22,29549

3, 0,2398331 / 22,36289

0, 0,0341628 / 22,39705

StartAnim : TouchCouchInvite / 22,41685

3, 0,2339637 / 22,62538

5, 0,2148175 / 22,62538

StartAnim : LongLook / 22,97865

2, 0,7013526 / 23,31646

StartAnim : FaceSmile / 23,35587

0, 0,2111374 / 23,5276

2, 0,1293298 / 23,64671

0, 0,2370972 / 23,88381

1, 3,126448 / 26,98484

0, 4,229428 / 31,21427

2, 0,0236319 / 31,21427

4, 0,1019552 / 31,31522

2, 0,0376511 / 31,46791

5, 0,2724442 / 31,4905

3, 0,0225965 / 31,51814

StartAnim : PenisTouch / 31,73989

0, 0,6775278 / 32,19567

3, 0,0202959 / 32,19567

5, 0,0524905 / 32,23902

StartAnim : ShortLook / 32,36951

3, 0,1452078 / 32,39465

0, 0,0585214 / 32,45317

3, 0,0578281 / 32,5001

0, 0,1157195 / 32,61582

3, 0,2233981 / 32,81097

0, 0,0731577 / 32,88412

2, 0,5576743 / 33,41102

StartAnim : CloseEyes / 35,05274

1, 1,933591 / 35,3535

0, 0,0416128 / 35,39511

2, 0,024901 / 35,39511

5, 0,0441599 / 35,44393

2, 0,063752 / 35,50879

0, 0,0446235 / 35,55341

2, 0,3452 / 35,86835

3, 0,0143645 / 35,89054

2, 0,1274325 / 36,01024

1, 1,499825 / 37,51132

2, 0,0350793 / 37,5528

0, 0,0616837 / 37,61448

StartAnim : OpenEyes / 37,88349

3, 0,3767978 / 37,9823

0, 0,1278735 / 38,11018

StartAnim : StartErect / 38,18106

3, 0,126303 / 38,2243

0, 0,128829 / 38,35313

3, 0,3527732 / 38,67009

0, 0,0997797 / 38,76987

3, 0,3991573 / 39,15145

0, 0,1010629 / 39,25251

3, 0,1589377 / 39,39584

0, 0,2324279 / 39,62826

3, 0,1589367 / 39,76923

0, 0,1005225 / 39,86976

1, 0,5726606 / 40,41428

2, 0,0406256 / 40,45371

0, 0,0838642 / 40,53758

3, 1,442202 / 41,95236

0, 0,644671 / 42,59703

1, 0,0251445 / 42,59703

0, 0,0439641 / 42,641

1, 0,3546304 / 42,96856

StartAnim : CloseEyes / 43,01578

4, 0,0645746 / 43,64692

5, 0,1767091 / 43,64692

2, 0,7760832 / 43,75173

5, 0,2801527 / 43,96938

0, 0,343058 / 44,31245

5, 0,1469856 / 44,42298

StartAnim : OpenEyes / 44,5304

5, 0,0805047 / 44,63737

3, 0,4173573 / 44,69806

0, 0,2183935 / 44,91645

1, 0,0174396 / 44,91645

0, 0,0529669 / 44,96942

StartAnim : CloseEyes / 47,90906

1, 4,653331 / 49,59338

0, 0,1053192 / 49,6987

StartAnim : OpenEyes / 50,26683

3, 0,8098385 / 50,48227

0, 0,2465655 / 50,72884

StartAnim : StopTouchPenis / 50,75241

3, 0,1293789 / 50,85218

0, 0,3589025 / 51,21107

3, 0,1978641 / 51,3947

0, 0,287412 / 51,68211

StartAnim : TouchCouchInvite / 51,70898

1, 0,416903 / 52,08171

2, 0,7130242 / 52,79392

1, 0,4774165 / 53,27

**********------------scene6------------**********

StartAnim : OpenLegs / 0,711459

0, 2,680818 / 1,54057

5, 0,0281333 / 1,54057

0, 0,0731563 / 1,613727

2, 0,0426817 / 1,613727

0, 0,08810391 / 1,701831

2, 0,3407733 / 2,014091

1, 0,1975733 / 2,221628

2, 0,770407 / 2,982695

1, 0,0290421 / 3,01423

2, 0,1139553 / 3,109725

1, 0,0130758 / 3,133796

2, 0,4193327 / 3,559334

0, 0,4099484 / 3,969282

2, 0,3285328 / 4,287436

5, 0,8289336 / 5,08425

StartAnim : LongLook / 6,885392

StartAnim : StartTouchPenis / 6,913535

2, 2,059789 / 7,111835

3, 0,3122772 / 7,419371

0, 0,6205291 / 8,039901

3, 0,02485 / 8,039901

0, 0,3796383 / 8,419538

3, 0,0710072 / 8,470602

StartAnim : CloseEyes / 10,03941

0, 2,627468 / 11,09807

1, 0,2831175 / 11,36735

0, 0,1303332 / 11,49768

StartAnim : OpenEyes / 11,96816

2, 0,5183845 / 12,0108

0, 0,8037949 / 12,8146

4, 0,1439372 / 12,92729

5, 0,170852 / 12,95225

3, 0,3127548 / 13,2589

5, 0,0188587 / 13,28504

2, 0,4868962 / 13,75183

3, 0,2877222 / 14,04099

0, 0,2869276 / 14,32791

3, 0,0282877 / 14,32791

0, 0,0568334 / 14,38475

3, 0,68706 / 15,05789

2, 1,73238 / 16,79744

0, 1,987562 / 18,78501

1, 0,2969003 / 19,04197

2, 0,0401368 / 19,08401

0, 0,07448541 / 19,1585

StartAnim : CloseEyes / 19,20986

3, 0,124678 / 19,2548

0, 0,1313859 / 19,38618

3, 0,1554654 / 19,49587

0, 0,2024188 / 19,69829

1, 0,6262848 / 20,28353

2, 0,7307195 / 21,02723

0, 0,4678543 / 21,49508

2, 0,1131795 / 21,59558

StartAnim : OpenEyes / 21,82591

0, 0,3567125 / 21,9523

5, 0,0647073 / 21,99534

3, 0,2824384 / 22,28501

0, 0,1678807 / 22,45289

1, 0,7003118 / 23,1519

StartAnim : CloseEyes / 24,64023

0, 1,557501 / 24,7094

1, 1,735874 / 26,41026

2, 0,0345774 / 26,45582

StartAnim : FastPenisTouch / 26,82719

StartAnim : OpenEyes / 26,9695

0, 0,6701249 / 27,12594

3, 0,3589112 / 27,46988

0, 0,3250309 / 27,79491

2, 0,333996 / 28,11005

StartAnim : CloseEyes / 28,59519

1, 0,740414 / 28,8389

StartAnim : OpenEyes / 29,50858

2, 0,7449691 / 29,59577

1, 1,139899 / 30,72539

2, 0,0336701 / 30,76982

0, 0,054691 / 30,8245

StartAnim : CloseEyes / 31,03889

3, 0,375888 / 31,19542

0, 0,08877949 / 31,2842

3, 0,0139163 / 31,2842

0, 0,119344 / 31,40355

3, 0,2521725 / 31,63155

0, 0,6076054 / 32,23916

StartAnim : OpenEyes / 32,76927

3, 0,7117844 / 32,9263

0, 0,0683587 / 32,99466

StartAnim : PenisEjac / 33,36988

1, 0,41899 / 33,39515

2, 0,2436992 / 33,64022

0, 0,4692303 / 34,10945

3, 0,0943395 / 34,1683

0, 0,2856982 / 34,454

3, 0,3469304 / 34,79417

0, 0,0443543 / 34,83852

3, 0,1138326 / 34,92612

0, 0,0417307 / 34,96785

3, 0,199723 / 35,15208

0, 0,0423515 / 35,19443

2, 0,0218772 / 35,19443

0, 0,0535913 / 35,24802

StartAnim : StopTouchPenis / 36,40454

1, 1,26013 / 36,48536

2, 0,1558126 / 36,62596

2, 0,0446064 / 36,75381

StartAnim : DeErect / 37,23797

5, 1,239756 / 37,76785

0, 0,6839254 / 38,45177

3, 0,1536874 / 38,58062

0, 0,0445369 / 38,62515

3, 0,1472447 / 38,75193

0, 0,1782582 / 38,93019

3, 0,1116662 / 39,0153

0, 0,2364882 / 39,25179

1, 0,5574245 / 39,77991

2, 0,0357925 / 39,82634

0, 0,0829797 / 39,90931

5, 0,023525 / 39,90931

3, 0,1363642 / 40,00912

0, 0,0465639 / 40,05569

3, 0,1705172 / 40,1936

0, 0,0470376 / 40,24063

3, 0,2187595 / 40,43881

0, 0,0476259 / 40,48643

3, 0,4001735 / 40,85427

0, 0,2143105 / 41,06858

5, 0,0266749 / 41,06858

**********------------Fin_Relaxation------------**********

