**********------------scene1------------**********

0, 1,144745 / 1,144745

1, 0,0418848 / 1,144745

0, 0,2183515 / 1,363096

1, 0,06311209 / 1,407539

0, 0,1064521 / 1,513991

1, 0,0405865 / 1,513991

0, 0,2570123 / 1,771004

1, 0,0953816 / 1,809856

0, 1,064959 / 2,874815

3, 0,2958541 / 3,130295

0, 0,1616071 / 3,291902

2, 0,026149 / 3,291902

0, 0,3091123 / 3,601014

3, 0,1597824 / 3,718627

0, 0,137761 / 3,856389

3, 0,3285322 / 4,128991

0, 0,6360446 / 4,765037

1, 0,2014744 / 4,945154

2, 0,0665295 / 4,974531

0, 1,271087 / 6,245618

2, 0,1278061 / 6,332652

0, 0,1153479 / 6,448

2, 0,0326255 / 6,448

1, 0,1223385 / 6,556911

0, 0,4074896 / 6,964401

1, 0,07863051 / 7,004446

0, 0,0805867 / 7,085032

1, 0,0382817 / 7,085032

0, 1,23283 / 8,317863

5, 0,0428783 / 9,273825

2, 1,178313 / 9,437183

0, 0,4811416 / 9,918325

2, 0,9569532 / 10,83218

0, 0,777041 / 11,60922

2, 0,7489771 / 12,32486

0, 1,207229 / 13,53209

4, 0,5592101 / 14,04498

5, 0,5592101 / 14,04498

0, 0,3884956 / 14,43348

3, 0,0497766 / 14,43348

0, 0,3668087 / 14,80029

3, 0,088762 / 14,97329

1, 0,3105544 / 15,07175

0, 0,9125411 / 15,98429

3, 0,0703926 / 16,01605

0, 0,4580177 / 16,47406

1, 0,1495081 / 16,58452

0, 0,1765076 / 16,76103

1, 0,2703916 / 16,98379

0, 1,705742 / 18,68953

1, 0,1522878 / 18,78779

0, 0,8158884 / 19,60368

1, 0,1505582 / 19,71557

0, 0,6846885 / 20,40025

1, 0,2015245 / 20,55977

0, 0,0952412 / 20,65501

1, 0,0952412 / 20,68879

0, 0,0809947 / 20,76978

1, 0,0809947 / 20,80554

0, 0,1881957 / 20,99373

1, 0,0477085 / 20,99373

0, 0,3939497 / 21,38768

1, 0,0239987 / 21,38768

0, 0,3728657 / 21,76055

1, 0,179437 / 21,87983

0, 0,1266689 / 22,0065

1, 0,0672887 / 22,0065

0, 0,7542121 / 22,76071

1, 0,1742929 / 22,8858

0, 0,1522822 / 23,03808

2, 0,2489952 / 23,2328

0, 0,2480721 / 23,48087

1, 1,279978 / 24,71376

3, 0,0358252 / 24,74638

1, 0,1816705 / 24,94328

3, 0,0478519 / 24,9701

1, 0,0964344 / 25,07319

3, 0,0334774 / 25,11445

1, 0,3176168 / 25,42929

2, 0,4498493 / 25,87166

0, 0,07324649 / 25,94491

2, 0,0393385 / 25,94491

0, 0,3087303 / 26,25364

4, 0,1101248 / 26,28329

0, 0,2337395 / 26,51703

1, 0,3782425 / 26,87857

0, 0,3348968 / 27,21346

5, 0,1573893 / 27,36945

0, 0,4850684 / 27,85453

2, 0,3880096 / 28,20698

0, 0,7986826 / 29,00566

3, 0,348997 / 29,31454

4, 0,0402085 / 29,35906

0, 0,1660128 / 29,52507

4, 0,1243943 / 29,58488

0, 0,3273173 / 29,91219

2, 0,07401121 / 29,96823

0, 0,9516346 / 30,91986

2, 0,0299024 / 30,91986

1, 0,2075806 / 31,11628

0, 2,288521 / 33,4048

1, 0,0410139 / 33,4048

0, 1,111947 / 34,51674

1, 0,0440382 / 34,51674

0, 0,4958755 / 35,01261

2, 0,4475705 / 35,42986

5, 0,8152058 / 36,2168

4, 0,0448079 / 36,25992

0, 0,8834032 / 37,14332

7, 0,0391183 / 37,14332

0, 0,1342556 / 37,27758

4, 0,2063487 / 37,44814

2, 0,6692208 / 38,12166

0, 0,1056073 / 38,22727

4, 0,3988217 / 38,55922

5, 0,8793232 / 39,4331

2, 0,0787088 / 39,54368

1, 0,0651637 / 39,57269

0, 0,0739349 / 39,64663

1, 0,6583226 / 40,27338

0, 0,6484049 / 40,92179

1, 0,5563329 / 41,45233

2, 0,0248554 / 41,49194

0, 0,3075725 / 41,79951

1, 0,196493 / 41,96669

0, 0,3132308 / 42,27993

1, 1,327395 / 43,60023

0, 1,372108 / 44,97235

1, 0,0424498 / 44,97235

0, 0,1150684 / 45,08742

1, 0,3880599 / 45,44055

0, 1,244777 / 46,68532

1, 0,2439897 / 46,92553

0, 1,318107 / 48,24363

1, 3,057105 / 51,27

0, 0,411104 / 51,68111

2, 0,0243877 / 51,68111

0, 0,0816003 / 51,76271

4, 0,0816003 / 51,79758

5, 0,7329215 / 52,45036

4, 0,7997944 / 53,04038

0, 0,2550184 / 53,29539

4, 0,3215335 / 53,55488

2, 0,6661229 / 54,21326

StartAnim : touchMagazine / 58,9037

0, 5,973114 / 60,18639

4, 1,978027 / 62,12864

0, 1,555795 / 63,68443

2, 0,3513976 / 63,98396

4, 0,4630722 / 64,56791

5, 0,843431 / 64,60347

0, 0,8348551 / 65,43833

5, 0,0430789 / 65,43833

0, 1,859147 / 67,29745

1, 0,0681218 / 67,33958

0, 0,1850548 / 67,52464

1, 0,3785577 / 67,84305

**********------------scene2------------**********

0, 1,889921 / 1,851932

1, 4,272724 / 6,074724

0, 0,1244335 / 6,199157

1, 0,9165591 / 7,07258

0, 0,0699853 / 7,142565

1, 0,0699853 / 7,174039

0, 0,09857289 / 7,272612

1, 0,5486661 / 7,793776

0, 0,0595477 / 7,853323

3, 0,0336887 / 7,853323

0, 0,0877972 / 7,941121

3, 0,0353606 / 7,941121

0, 0,0663605 / 8,007482

3, 0,0283206 / 8,007482

0, 0,0670453 / 8,074527

3, 0,2665325 / 8,314368

0, 0,1824035 / 8,496772

3, 0,0326957 / 8,496772

0, 0,1295913 / 8,626363

1, 0,1690778 / 8,74717

0, 0,1323037 / 8,879474

1, 0,6620982 / 9,519028

0, 1,671802 / 11,19083

1, 0,1594392 / 11,30621

0, 0,0829197 / 11,38913

1, 0,0829197 / 11,45832

0, 0,1365966 / 11,59491

1, 0,2570078 / 11,81243

0, 0,3830312 / 12,19546

2, 0,2140687 / 12,38559

0, 0,1152753 / 12,50086

2, 0,0362792 / 12,50086

0, 0,0654595 / 12,56632

2, 0,0654595 / 12,60103

0, 0,1417227 / 12,74275

2, 0,1023905 / 12,78598

0, 1,35775 / 14,14373

2, 0,0403981 / 14,14373

0, 0,5992078 / 14,74294

2, 0,3600017 / 15,07081

0, 0,3719167 / 15,44273

1, 1,769201 / 17,1916

0, 0,8053289 / 17,99693

7, 0,4747585 / 18,43634

0, 0,0827816 / 18,51912

7, 0,0827816 / 18,59793

0, 0,08269601 / 18,68063

4, 0,0362696 / 18,68063

1, 0,0464264 / 18,72692

0, 0,1002661 / 18,82719

1, 0,8215156 / 19,58486

0, 0,6681154 / 20,25298

1, 1,372512 / 21,61127

0, 0,3782714 / 21,98954

3, 0,0367683 / 21,98954

0, 0,4428145 / 22,43236

1, 1,263818 / 23,63993

0, 0,4772177 / 24,11715

2, 0,1480377 / 24,25578

0, 0,2626317 / 24,51841

2, 0,0478828 / 24,55264

0, 0,0585819 / 24,61122

2, 0,08878259 / 24,68314

0, 0,8747727 / 25,55791

3, 0,0422186 / 25,55791

0, 0,2286791 / 25,78659

6, 0,0415106 / 25,78659

0, 0,5360041 / 26,3226

6, 0,2839818 / 26,56481

0, 0,08350129 / 26,64831

4, 0,1495071 / 26,74145

0, 0,2096979 / 26,95114

2, 0,0673745 / 26,95114

1, 2,349855 / 29,31659

0, 0,083634 / 29,40023

1, 0,0438742 / 29,40023

0, 1,99918 / 31,3994

2, 0,0343173 / 31,3994

0, 0,1014066 / 31,50081

2, 0,0438862 / 31,50081

0, 1,568075 / 33,06888

1, 0,1700732 / 33,21021

0, 0,5308541 / 33,74107

1, 0,4020314 / 34,1166

0, 0,2513378 / 34,36794

1, 0,3988479 / 34,71511

0, 0,1591602 / 34,87427

1, 0,3053797 / 35,15619

0, 0,242975 / 35,39915

1, 1,538699 / 36,88182

0, 0,07446501 / 36,95628

1, 0,9067762 / 37,82705

0, 0,3264316 / 38,15348

1, 0,2886384 / 38,43074

StartAnim : shortLook / 38,82897

0, 0,681565 / 39,11231

1, 1,704046 / 40,78673

0, 0,1536854 / 40,94042

1, 0,0443903 / 40,94042

0, 0,0764402 / 41,01686

1, 0,2285956 / 41,19352

**********------------scene3------------**********

0, 0,0625713 / 0,0234

1, 0,0391713 / 0,0234

0, 0,6561836 / 0,6795836

1, 0,2824686 / 0,9216124

0, 0,0872763 / 1,008889

1, 0,1816244 / 1,154786

0, 0,0548801 / 1,209666

1, 0,2014352 / 1,377829

0, 0,0623628 / 1,440192

1, 0,115714 / 1,52241

0, 0,0639751 / 1,586385

1, 0,0639751 / 1,60579

0, 0,0895471 / 1,695337

1, 0,0843385 / 1,754179

0, 0,0850052 / 1,839184

1, 0,7177792 / 2,551795

0, 0,053549 / 2,605345

1, 0,625256 / 3,20448

0, 0,0608659 / 3,265346

1, 0,5732591 / 3,807444

0, 0,0598287 / 3,867273

1, 0,0252769 / 3,867273

0, 0,0792895 / 3,946562

1, 0,0792895 / 3,965131

0, 0,0532048 / 4,018336

1, 0,3106201 / 4,31108

3, 0,0592684 / 4,388617

1, 0,0784117 / 4,438886

0, 0,0516311 / 4,490517

1, 0,1150319 / 4,600107

0, 0,0787587 / 4,678866

1, 0,0270957 / 4,678866

0, 0,0553228 / 4,734189

3, 0,0305986 / 4,734189

1, 0,0566457 / 4,813706

0, 0,1074911 / 4,921197

2, 0,0515622 / 4,95538

0, 0,0750907 / 5,030471

2, 0,0750907 / 5,054218

0, 0,0803344 / 5,134553

2, 0,1598463 / 5,25575

0, 0,0566746 / 5,312424

2, 1,065731 / 6,353993

0, 0,0844021 / 6,438395

1, 0,154926 / 6,56407

3, 0,1170539 / 6,701678

0, 0,0746952 / 6,776372

3, 0,0232302 / 6,776372

0, 0,1389416 / 6,915314

1, 1,987191 / 8,853359

0, 0,0804166 / 8,933776

1, 0,0285853 / 8,933776

0, 0,0700119 / 9,003787

1, 0,0389142 / 9,003787

0, 0,4035326 / 9,407318

2, 0,6209637 / 9,99933

0, 0,0487096 / 10,04804

2, 0,0193597 / 10,04804

0, 0,517926 / 10,56597

2, 0,2251801 / 10,76449

0, 0,0947613 / 10,85926

1, 1,726613 / 12,55629

0, 0,0487676 / 12,60505

1, 0,0185537 / 12,60505

0, 0,056755 / 12,66181

1, 0,056755 / 12,69021

0, 0,0668576 / 12,75706

2, 0,232732 / 12,95877

1, 0,035833 / 12,98277

2, 0,0239938 / 13,01414

0, 0,3970548 / 13,41119

2, 0,0204518 / 13,41119

0, 0,0652106 / 13,47641

2, 0,4983052 / 13,93279

0, 0,0601898 / 13,99298

2, 0,1991245 / 14,16637

0, 0,0522369 / 14,21861

1, 0,7432325 / 14,9333

0, 0,0598361 / 14,99314

1, 0,0598361 / 15,02205

0, 0,13426 / 15,15631

1, 0,0327319 / 15,15631

0, 0,3814474 / 15,53776

1, 2,717537 / 18,22152

0, 0,054462 / 18,27599

1, 0,2345014 / 18,47773

0, 0,0580502 / 18,53578

1, 0,0320383 / 18,53578

0, 0,5008718 / 19,03665

1, 1,885615 / 20,89124

0, 0,0603172 / 20,95155

1, 0,2676001 / 21,17617

0, 0,1161777 / 21,29235

1, 0,0255672 / 21,29235

0, 1,217666 / 22,51001

2, 0,0597524 / 22,55596

0, 0,0505272 / 22,60649

2, 0,0505272 / 22,64068

0, 0,050816 / 22,69149

2, 0,2013509 / 22,87008

0, 0,266724 / 23,13681

1, 0,3705533 / 23,47919

0, 0,0585009 / 23,53769

1, 0,8687398 / 24,37618

0, 0,133638 / 24,50982

3, 0,0209632 / 24,50982

1, 0,7981043 / 25,30728

2, 0,0860616 / 25,39409

0, 0,3706584 / 25,76475

4, 0,2447421 / 25,96753

0, 0,2800794 / 26,2476

6, 0,1631187 / 26,41439

7, 0,1572774 / 26,55224

6, 0,0311183 / 26,57961

0, 0,06670339 / 26,64632

7, 0,06670339 / 26,68032

0, 0,1627967 / 26,84312

1, 0,214467 / 27,00891

0, 0,0678014 / 27,07671

2, 0,0678014 / 27,11229

0, 0,1761761 / 27,28847

2, 0,1738467 / 27,42281

0, 0,0844911 / 27,5073

2, 0,1780339 / 27,69942

0, 1,363114 / 29,06254

2, 0,3920314 / 29,42202

0, 0,4917619 / 29,91378

2, 0,0304468 / 29,91378

1, 0,068859 / 29,97549

0, 0,06825259 / 30,04374

1, 0,0322078 / 30,04374

0, 0,0997941 / 30,14354

1, 0,0623009 / 30,16914

0, 0,2270552 / 30,3962

1, 0,0194883 / 30,3962

0, 0,0516072 / 30,4478

1, 0,1612133 / 30,56721

0, 0,1441011 / 30,71132

1, 0,2446795 / 30,92351

0, 0,0760503 / 30,99956

1, 0,0760503 / 31,02315

0, 0,088097 / 31,11125

1, 0,0600881 / 31,13313

0, 0,0978449 / 31,23097

1, 0,0478698 / 31,23097

0, 0,09240741 / 31,32338

1, 0,1734056 / 31,46281

0, 0,058707 / 31,52151

1, 0,2880969 / 31,77541

0, 0,0798759 / 31,85529

1, 0,7559257 / 32,56224

StartAnim : armStretch / 32,81855

0, 0,6575598 / 33,21981

1, 0,0325469 / 33,21981

0, 0,0911358 / 33,31094

1, 0,0246843 / 33,31094

0, 0,055597 / 33,36654

1, 0,0895807 / 33,42179

2, 0,021271 / 33,4486

1, 0,0268072 / 33,48056

2, 0,0660179 / 33,55669

0, 0,045455 / 33,60215

1, 0,045455 / 33,63394

0, 0,0585267 / 33,69247

1, 0,0851034 / 33,77229

0, 0,0753796 / 33,84768

1, 0,0275534 / 33,84768

0, 0,2155603 / 34,06324

1, 0,2585822 / 34,29033

0, 0,286206 / 34,57653

1, 0,1750344 / 34,71828

0, 0,0804782 / 34,79876

1, 0,7925249 / 35,53363

0, 0,0649919 / 35,59862

1, 0,1389029 / 35,68457

0, 0,0800611 / 35,76463

1, 0,1730591 / 35,92035

0, 0,3975135 / 36,31786

1, 0,054794 / 36,3512

0, 0,0823558 / 36,43356

1, 0,0575016 / 36,46202

0, 0,5847215 / 37,04674

StartAnim : longLook / 37,11492

StartAnim : handSalute / 37,40088

1, 0,7101687 / 37,7323

0, 0,2328212 / 37,96512

1, 0,0564965 / 38,01329

0, 0,0786001 / 38,0919

1, 0,0232202 / 38,0919

0, 0,7444611 / 38,83635

1, 0,0292071 / 38,83635

0, 0,1173773 / 38,95372

1, 0,6862795 / 39,60428

0, 0,0594126 / 39,66369

1, 0,259146 / 39,89201

0, 0,0617534 / 39,95377

StartAnim : faceSmile / 41,60218

1, 3,714209 / 43,63593

0, 0,1068543 / 43,74278

2, 0,0989243 / 43,79595

0, 0,0507571 / 43,84671

2, 0,5116537 / 44,3354

1, 0,8020108 / 45,13533

0, 0,0838209 / 45,21915

1, 3,202085 / 48,39606

0, 0,0538706 / 48,44994

2, 0,1020334 / 48,51584

0, 0,0524611 / 48,5683

2, 0,7946369 / 49,33457

1, 0,7057173 / 50,04727

0, 0,6124483 / 50,65971

1, 0,0553136 / 50,68853

0, 0,2687568 / 50,95729

1, 0,8049226 / 51,75622

0, 0,0497288 / 51,80595

2, 0,306474 / 52,09048

0, 0,09487949 / 52,18536

2, 0,0654216 / 52,21056

0, 0,1943149 / 52,40487

2, 0,0143982 / 52,40487

0, 0,0577285 / 52,4626

2, 0,1931026 / 52,60959

0, 0,0812704 / 52,69086

1, 0,5637807 / 53,23665

0, 0,6525131 / 53,88916

1, 0,3375954 / 54,20442

0, 0,056173 / 54,26059

1, 0,0334634 / 54,26059

0, 0,1127538 / 54,37334

1, 1,513792 / 55,85975

0, 1,933722 / 57,79346

1, 0,0275546 / 57,79346

0, 0,2259663 / 58,01943

StartAnim : LongLook / 58,3927

1, 1,515945 / 59,509

0, 0,3114383 / 59,82044

1, 0,7144344 / 60,5091

0, 0,0517563 / 60,56085

1, 2,296727 / 62,84111

StartAnim : CaresseEntreCuisse / 62,86348

2, 0,1671452 / 63,00498

0, 0,1092756 / 63,11426

2, 0,0207374 / 63,11426

0, 0,367257 / 63,48152

2, 0,2263147 / 63,67831

0, 0,9959576 / 64,67426

2, 0,0255595 / 64,67426

1, 3,516426 / 68,19941

StartAnim : faceSmile / 68,40408

0, 0,5742775 / 68,77368

2, 0,4016715 / 69,15292

**********------------scene4------------**********

1, 3,288791 / 0,4293689

2, 0,6800543 / 1,093731

0, 0,4491028 / 1,542833

StartAnim : LongLook / 2,480799

StartAnim : HandSalute / 2,793806

StartAnim : SitCrossLegs / 4,671212

1, 3,930855 / 5,440394

2, 0,0312757 / 5,473175

1, 0,1133822 / 5,58082

0, 0,1157992 / 5,696619

2, 0,5790239 / 6,26895

1, 0,2832635 / 6,555844

1, 0,0122594 / 6,784281

1, 0,0234374 / 6,837128

2, 0,6593503 / 7,207321

1, 1,396993 / 8,606459

2, 0,7811339 / 9,381758

1, 2,663874 / 12,05226

2, 0,6119627 / 12,66918

0, 0,0535964 / 12,72277

2, 0,1353467 / 12,81702

3, 0,0124995 / 12,84623

0, 0,045617 / 12,89184

7, 0,4463501 / 13,32278

0, 0,3585826 / 13,68136

6, 0,6193778 / 14,27999

StartAnim : LongLook / 14,27999

0, 0,0861439 / 14,36614

7, 0,2179195 / 14,56699

0, 0,460664 / 15,02766

1, 0,0319894 / 15,02766

2, 0,2052468 / 15,20008

1, 5,724433 / 20,92713

0, 0,0563733 / 20,9835

1, 0,0235723 / 20,9835

0, 0,8530301 / 21,83653

2, 0,0268292 / 21,83653

StartAnim : EyeBlink / 21,87164

1, 2,257155 / 24,08993

0, 0,1936841 / 24,28361

1, 5,52403 / 29,78038

0, 0,045552 / 29,82593

1, 0,0854834 / 29,89268

StartAnim : OpenLegs / 29,9481

0, 0,1025059 / 29,99519

1, 0,1656762 / 30,15826

0, 0,0782049 / 30,23646

1, 0,0293953 / 30,23646

0, 0,0566599 / 30,29312

1, 0,0356338 / 30,29312

0, 0,2032441 / 30,49637

1, 0,5902131 / 31,04804

2, 0,2864646 / 31,33312

5, 0,3179471 / 31,62681

0, 0,6451442 / 32,27197

7, 0,3070743 / 32,5286

0, 0,2540054 / 32,78261

7, 0,2359003 / 32,98268

0, 0,0537445 / 33,03642

6, 0,2853121 / 33,29379

0, 0,101174 / 33,39497

2, 0,3160257 / 33,67134

1, 0,028744 / 33,76401

2, 0,092671 / 33,81594

1, 0,6651796 / 34,45048

5, 0,0170902 / 34,71489

2, 0,3762816 / 34,82854

5, 0,0706674 / 34,82854

1, 1,473171 / 36,31143

2, 0,6151042 / 36,92103

4, 0,1124849 / 37,96554

5, 1,252596 / 38,16638

0, 0,4258102 / 38,59219

5, 0,315068 / 38,88504

StartAnim : touchCouchInvite / 38,97301

0, 0,3643991 / 39,24943

4, 0,1377133 / 39,38863

0, 0,2279606 / 39,61659

4, 0,0476006 / 39,61659

0, 0,3088203 / 39,9254

2, 0,071055 / 39,96214

StartAnim : FaceSmile / 40,78047

1, 3,078243 / 43,04847

2, 0,0212394 / 43,08134

1, 0,0651506 / 43,14258

2, 0,0289564 / 43,18672

1, 0,09285261 / 43,27273

2, 0,2251431 / 43,47297

0, 0,0797777 / 43,55274

2, 0,0299656 / 43,55274

0, 0,1212076 / 43,67395

2, 0,0439568 / 43,69687

0, 0,7822908 / 44,47916

1, 0,0246821 / 44,47916

2, 0,1136706 / 44,59699

0, 0,0531251 / 44,65012

1, 0,9256329 / 45,55496

2, 0,1455316 / 45,67258

1, 1,272473 / 46,93321

2, 0,045746 / 46,97913

1, 0,118901 / 47,08963

2, 0,0369757 / 47,13245

1, 0,0439825 / 47,17655

2, 0,0493791 / 47,23825

1, 0,374075 / 47,60435

2, 0,0239573 / 47,62851

1, 0,1615471 / 47,79646

2, 0,0305579 / 47,8225

1, 0,0260407 / 47,85075

2, 0,0554343 / 47,92931

4, 0,078837 / 47,98496

0, 0,1628226 / 48,14779

2, 0,0384714 / 48,14779

0, 0,0617196 / 48,2095

2, 0,0335403 / 48,2095

0, 0,2833214 / 48,49282

4, 0,1180872 / 48,60033

0, 0,9936072 / 49,59395

2, 0,0245939 / 49,59395

0, 0,0553752 / 49,64932

2, 0,1343539 / 49,74378

1, 0,0154767 / 49,77419

2, 0,0551451 / 49,82557

1, 0,0795524 / 49,91047

0, 0,0613568 / 49,97182

1, 0,1673037 / 50,11153

2, 0,0337581 / 50,15867

1, 0,0471444 / 50,18326

0, 0,2948591 / 50,47812

2, 0,3285683 / 50,778

0, 0,572678 / 51,35068

2, 0,1195227 / 51,44001

0, 0,2683512 / 51,70836

2, 0,0189613 / 51,70836

0, 0,2959412 / 52,00431

**********------------scene5------------**********

2, 0,3561181 / 0,0250049

0, 0,4003086 / 0,4253135

1, 0,3738341 / 0,7670892

2, 0,3400147 / 1,117242

0, 0,0506663 / 1,167909

2, 0,238179 / 1,380703

0, 0,0572386 / 1,437941

2, 0,0906639 / 1,516682

0, 0,0535097 / 1,570192

2, 0,3367021 / 1,884193

1, 0,8612663 / 2,736995

2, 0,6380464 / 3,376822

1, 0,2692724 / 3,638787

2, 0,6957392 / 4,335486

1, 5,034449 / 9,376605

2, 0,0244486 / 9,40097

StartAnim : ShortLook / 9,666889

1, 0,9043695 / 10,31309

0, 0,0857658 / 10,39885

1, 0,0305864 / 10,39885

StartAnim : FaceSmile / 10,6231

0, 1,04307 / 11,44192

1, 0,1480141 / 11,55846

0, 1,375534 / 12,93399

2, 0,5918267 / 13,49017

4, 0,4655059 / 13,7002

5, 0,2560134 / 13,75509

2, 0,1214043 / 13,90453

StartAnim : OpenLegs / 20,13564

1, 6,886882 / 20,76587

0, 0,0587882 / 20,82466

2, 0,0891473 / 20,88573

3, 0,0307074 / 20,93113

2, 0,1348367 / 21,03816

5, 0,4606294 / 21,51575

3, 0,789939 / 21,85189

2, 0,0237897 / 21,88193

0, 0,2433097 / 22,12524

StartAnim : TouchCouchInvite / 22,41981

StartAnim : LongLook / 22,95556

StartAnim : FaceSmile / 23,35447

1, 2,168692 / 24,26496

2, 0,0549947 / 24,34932

0, 0,0994988 / 24,44881

1, 0,4266971 / 24,83812

0, 0,0552523 / 24,89337

1, 0,1723471 / 25,04099

4, 0,03053 / 25,06846

0, 0,1331452 / 25,20161

2, 0,0989758 / 25,25123

0, 0,4571273 / 25,70836

2, 0,1117132 / 25,78159

0, 0,3295149 / 26,11111

1, 0,2126007 / 26,31032

0, 0,0476692 / 26,35798

1, 0,783276 / 27,12424

0, 0,6299061 / 27,75415

3, 0,0285284 / 27,75415

0, 0,2955081 / 28,04965

2, 1,092244 / 29,13717

1, 1,447175 / 30,57713

5, 0,0704705 / 30,81815

2, 0,4838161 / 31,06448

4, 0,0497847 / 31,66788

5, 0,6288372 / 31,69184

2, 0,0239668 / 31,71436

StartAnim : PenisTouch / 31,73498

StartAnim : ShortLook / 32,37611

0, 0,9913092 / 32,70566

2, 0,0171291 / 32,70566

0, 0,2155472 / 32,92121

5, 0,0105427 / 32,92121

2, 0,2590624 / 33,1785

0, 0,3612154 / 33,53972

2, 0,2022404 / 33,73013

StartAnim : CloseEyes / 35,03718

1, 1,8401 / 35,55667

0, 0,418968 / 35,97565

5, 0,0198158 / 35,97565

2, 0,2013222 / 36,1782

0, 0,5757227 / 36,75393

2, 0,0306583 / 36,75393

0, 0,2823172 / 37,03625

2, 0,0379161 / 37,06591

0, 0,2867493 / 37,35266

2, 0,0236577 / 37,35266

5, 0,0236577 / 37,35266

0, 0,0827343 / 37,4354

5, 0,018122 / 37,4354

0, 0,4122066 / 37,8476

2, 0,0229787 / 37,8476

StartAnim : OpenEyes / 37,87879

0, 0,0607238 / 37,90833

StartAnim : StartErect / 38,16687

2, 0,3192658 / 38,20304

0, 0,1137693 / 38,31681

2, 0,1508903 / 38,41899

0, 0,2976522 / 38,71664

1, 0,0119416 / 38,71664

2, 0,0300017 / 38,75151

StartAnim : CloseEyes / 43,00756

1, 4,290924 / 43,041

0, 0,0805016 / 43,1215

1, 0,0523406 / 43,1215

0, 0,0710895 / 43,19259

2, 0,1150248 / 43,26892

5, 0,1642785 / 43,41979

0, 0,4007706 / 43,82056

2, 0,2972172 / 44,0948

0, 0,1341176 / 44,22892

2, 0,212227 / 44,37602

StartAnim : OpenEyes / 44,53458

1, 1,329268 / 45,719

2, 0,0259398 / 45,73819

1, 1,144465 / 46,87852

2, 0,0150543 / 46,9082

StartAnim : CloseEyes / 47,91009

StartAnim : OpenEyes / 50,26603

1, 3,483259 / 50,38055

2, 0,0187842 / 50,40916

0, 0,2662471 / 50,67541

2, 0,0452411 / 50,75403

StartAnim : StopTouchPenis / 50,75403

5, 0,390948 / 51,01992

2, 0,1810494 / 51,20482

0, 0,1507996 / 51,35562

2, 0,0513805 / 51,4353

2, 0,0652184 / 51,56406

5, 0,2754593 / 51,60708

2, 0,0473433 / 51,66663

StartAnim : TouchCouchInvite / 51,74799

5, 0,2267856 / 51,89024

1, 2,200279 / 54,09024

2, 0,1368738 / 54,22126

1, 0,1288292 / 54,33962

0, 0,0600003 / 54,39962

**********------------scene6------------**********

1, 0,0600003 / 0,0242081

0, 0,2027805 / 0,2269886

1, 0,280067 / 0,4789731

2, 0,0309881 / 0,5169853

0, 0,0740577 / 0,591043

StartAnim : OpenLegs / 0,6917155

2, 0,3788632 / 0,9257847

0, 0,1045835 / 1,030368

2, 0,0976418 / 1,083856

5, 0,107231 / 1,165208

0, 0,0950873 / 1,260295

3, 0,0469235 / 1,260295

0, 0,3892543 / 1,649549

3, 0,0514143 / 1,680859

2, 0,4208901 / 2,097174

1, 0,7270777 / 2,826344

0, 0,0892089 / 2,915553

1, 0,5268197 / 3,394851

0, 0,0562473 / 3,451099

1, 0,0562473 / 3,478904

2, 0,0707677 / 3,536836

1, 0,0149698 / 3,567204

2, 0,575083 / 4,137044

0, 0,0601734 / 4,197217

3, 0,0284903 / 4,197217

2, 0,2017094 / 4,397772

5, 0,0556429 / 4,397772

3, 0,0305286 / 4,4449

0, 0,0771807 / 4,522081

5, 0,0532727 / 4,554051

0, 0,0573506 / 4,611402

5, 0,0334464 / 4,611402

0, 0,0631841 / 4,674586

5, 0,0465407 / 4,674586

2, 0,2100349 / 4,872857

5, 0,0770683 / 4,923601

2, 0,0250957 / 4,952632

5, 0,2548143 / 5,208127

0, 0,0659578 / 5,274085

2, 0,0387601 / 5,295317

5, 0,0659578 / 5,295317

0, 0,3683946 / 5,663711

3, 0,0311061 / 5,663711

5, 0,0255287 / 5,715624

2, 0,0519132 / 5,742641

5, 0,0837451 / 5,828488

0, 0,1179896 / 5,946478

5, 0,1716956 / 6,082108

5, 0,0255159 / 6,280706

5, 0,0318856 / 6,517406

2, 0,5875895 / 6,571967

0, 0,0534089 / 6,625376

2, 0,0310988 / 6,625376

0, 0,0698946 / 6,695271

2, 0,0698946 / 6,723846

0, 0,0668479 / 6,790694

2, 0,0490652 / 6,790694

0, 0,0614454 / 6,852139

2, 0,0345794 / 6,852139

StartAnim : LongLook / 6,852139

StartAnim : StartTouchPenis / 6,893521

0, 0,7035901 / 7,555728

2, 0,0216596 / 7,555728

0, 0,1394001 / 7,695128

2, 0,055074 / 7,722328

1, 0,2596512 / 7,980996

0, 1,699659 / 9,680655

StartAnim : CloseEyes / 10,02356

1, 1,35543 / 11,00914

0, 0,0833535 / 11,0925

2, 0,0289598 / 11,0925

2, 0,1543253 / 11,33461

4, 0,0243619 / 11,3555

2, 0,2277981 / 11,57833

5, 0,4939758 / 11,57833

1, 0,1944796 / 11,77772

2, 0,1391725 / 11,91988

0, 0,0438594 / 11,96373

StartAnim : OpenEyes / 11,96373

2, 0,1824634 / 12,12137

0, 0,0569571 / 12,17832

2, 0,2097701 / 12,35883

4, 0,0316457 / 12,46955

4, 0,3387523 / 12,83591

5, 0,5620547 / 12,92338

0, 0,3437065 / 13,26709

5, 0,2705188 / 13,50954

0, 0,743041 / 14,25258

2, 0,0526747 / 14,28421

1, 0,0824428 / 14,36583

0, 0,0553288 / 14,42116

2, 0,0311876 / 14,42116

1, 3,183251 / 17,60834

2, 0,6157987 / 18,22401

0, 0,0550269 / 18,27904

4, 0,7155601 / 18,96562

5, 0,7155601 / 18,96562

0, 0,106612 / 19,07224

7, 0,0316974 / 19,07224

StartAnim : CloseEyes / 19,20045

0, 0,2645456 / 19,33678

7, 0,0849676 / 19,41457

0, 0,0580175 / 19,47259

7, 0,1626319 / 19,61463

0, 0,2184301 / 19,83307

6, 0,0985686 / 19,88229

0, 0,1819046 / 20,0642

5, 0,0648398 / 20,29196

2, 0,3836207 / 20,40692

StartAnim : OpenEyes / 21,82427

1, 3,513686 / 23,9192

0, 0,1336049 / 24,0528

2, 0,0584603 / 24,07898

4, 0,0681155 / 24,16402

5, 0,1527567 / 24,16402

0, 0,0580757 / 24,2221

4, 0,0889514 / 24,27818

4, 0,0357799 / 24,35662

5, 0,1499352 / 24,35662

StartAnim : CloseEyes / 24,62094

0, 1,752563 / 26,10919

2, 0,0871335 / 26,16237

StartAnim : FastPenisTouch / 26,82417

1, 0,8011169 / 26,96163

StartAnim : OpenEyes / 26,96163

0, 0,0873653 / 27,049

4, 0,2767292 / 27,31286

5, 0,2767292 / 27,31286

StartAnim : CloseEyes / 28,59433

0, 1,864393 / 29,17726

2, 0,0431944 / 29,19774

1, 0,020476 / 29,22734

0, 0,2401353 / 29,46748

StartAnim : OpenEyes / 29,48919

1, 0,0675834 / 29,51137

0, 0,2215275 / 29,7329

1, 0,06615891 / 29,80129

StartAnim : CloseEyes / 31,01965

0, 2,264592 / 32,06588

1, 0,0465179 / 32,09007

0, 0,1774363 / 32,26751

StartAnim : OpenEyes / 32,75521

StartAnim : PenisEjac / 33,35883

1, 1,518481 / 33,75062

0, 0,2668653 / 34,01748

3, 0,0577441 / 34,04499

5, 0,0275067 / 34,07786

3, 0,0328657 / 34,11346

4, 0,0620488 / 34,19712

5, 0,0976475 / 34,19712

0, 0,0581164 / 34,25524

4, 0,2821247 / 34,62128

4, 0,4464952 / 35,17649

5, 0,9565853 / 35,17649

0, 0,2935012 / 35,46999

StartAnim : StopTouchPenis / 36,37646

1, 1,244597 / 36,68018

5, 0,0225663 / 36,78902

StartAnim : DeErect / 37,22071

2, 0,5688514 / 37,24951

5, 1,500158 / 38,42181

0, 0,1124782 / 38,53429

2, 0,0569953 / 38,58099

0, 0,1349649 / 38,71595

5, 0,0361757 / 38,71595

0, 0,0644837 / 38,78043

**********------------Fin_Relaxation------------**********

