**********------------scene1------------**********

0, 0,610014 / 0,610014

1, 0,4715217 / 1,047507

0, 0,3432578 / 1,390765

3, 0,1566025 / 1,512829

0, 0,0903793 / 1,603208

1, 1,31334 / 2,889335

0, 0,7043089 / 3,593644

2, 0,0890211 / 3,637683

1, 0,1555579 / 3,778171

2, 0,0289689 / 3,809256

0, 1,071428 / 4,880684

1, 0,0428474 / 4,880684

0, 0,4313135 / 5,311997

1, 0,2006842 / 5,484122

0, 0,1031787 / 5,587301

1, 0,2535351 / 5,804129

0, 0,7894705 / 6,593599

2, 0,2625907 / 6,819476

1, 0,7296364 / 7,562069

2, 0,0366879 / 7,603223

5, 0,3900404 / 7,98321

2, 0,331672 / 8,26618

0, 0,1724168 / 8,438598

3, 0,1479908 / 8,549282

0, 0,07162 / 8,620902

1, 0,4581532 / 9,050544

0, 0,3990073 / 9,449551

2, 0,0533545 / 9,482096

0, 0,2852251 / 9,76732

1, 0,4699507 / 10,20395

0, 0,0667988 / 10,27075

3, 0,1029031 / 10,33695

0, 0,0714449 / 10,40839

3, 0,0380541 / 10,40839

0, 0,3267908 / 10,73518

2, 0,7737709 / 11,46847

0, 0,7266272 / 12,1951

5, 0,4846724 / 12,64505

0, 1,392559 / 14,03761

1, 1,047151 / 15,03258

2, 0,0299158 / 15,06784

5, 0,3090831 / 15,37349

0, 0,061539 / 15,43503

5, 0,1050664 / 15,52338

0, 0,1522771 / 15,67565

2, 0,1179882 / 15,769

1, 0,109791 / 15,87601

2, 0,0298042 / 15,90553

0, 0,9728912 / 16,87842

2, 0,0386697 / 16,87842

1, 1,147853 / 18,01701

0, 0,8621872 / 18,87919

1, 0,1906115 / 19,01976

0, 0,0860136 / 19,10578

3, 0,1273868 / 19,17547

0, 0,3353592 / 19,51083

5, 0,0628334 / 19,60411

2, 0,7279095 / 20,20379

5, 0,2822402 / 20,41594

2, 0,0574278 / 20,47669

1, 1,19839 / 21,67634

0, 0,2318604 / 21,9082

2, 0,0623209 / 21,93521

1, 0,5259941 / 22,46082

0, 0,0693946 / 22,53022

3, 0,1055272 / 22,60056

0, 0,2357892 / 22,83635

3, 0,283405 / 23,06389

0, 0,0596976 / 23,12358

1, 1,511554 / 24,6062

2, 0,0598303 / 24,6686

0, 0,5926988 / 25,2613

2, 0,0369013 / 25,2613

1, 1,416626 / 26,68999

2, 0,0399032 / 26,72685

5, 0,2573544 / 26,98182

4, 0,2918272 / 27,01558

0, 0,288926 / 27,30451

2, 0,027862 / 27,30451

1, 0,7117642 / 28,00374

0, 1,156056 / 29,15979

3, 0,1366464 / 29,27874

0, 0,1379389 / 29,41668

1, 0,1596351 / 29,53125

0, 0,3022878 / 29,83354

4, 0,2869488 / 30,07952

0, 0,5149865 / 30,59451

2, 0,0357392 / 30,59451

1, 0,2749768 / 30,88707

2, 0,0519263 / 30,91931

2, 0,0443356 / 31,25005

5, 0,3210812 / 31,25005

0, 0,3666818 / 31,61674

5, 0,3292613 / 31,893

2, 0,3095328 / 31,9634

1, 0,6006441 / 32,56247

2, 0,2954615 / 32,86008

5, 0,2976089 / 32,90622

0, 0,4998987 / 33,40612

5, 0,0293074 / 33,40612

0, 5,126862 / 38,53297

2, 0,1872471 / 38,68934

0, 0,0785661 / 38,76791

1, 1,33296 / 40,06842

2, 0,0962509 / 40,15352

0, 0,2230689 / 40,37659

2, 0,0269936 / 40,37659

0, 0,1851798 / 40,56178

2, 0,0422163 / 40,56178

0, 0,0698589 / 40,63163

1, 0,2540274 / 40,84604

0, 0,0739979 / 40,92004

4, 0,2865274 / 41,1643

0, 0,0706992 / 41,235

1, 0,4850296 / 41,68118

0, 0,4105991 / 42,09178

1, 0,5176558 / 42,56431

2, 0,4501683 / 43,01806

0, 0,7883244 / 43,80638

2, 0,3591734 / 44,14737

0, 0,0622764 / 44,20964

1, 0,5274357 / 44,70654

0, 0,8122929 / 45,51883

1, 0,9560691 / 46,44497

0, 0,7722846 / 47,21727

1, 1,316899 / 48,51834

2, 0,2693135 / 48,77415

0, 0,2822124 / 49,05636

2, 0,0444795 / 49,05636

1, 0,5052378 / 49,56511

0, 1,988248 / 51,55337

2, 0,4915033 / 52,00099

0, 0,4100383 / 52,41103

1, 0,5758897 / 52,92747

0, 3,112305 / 56,03978

1, 0,127695 / 56,1202

0, 0,1580524 / 56,27826

1, 0,5645659 / 56,82278

0, 1,749238 / 58,57203

StartAnim : touchMagazine / 58,93631

1, 0,6278829 / 59,16699

2, 0,0706956 / 59,24816

5, 0,4597307 / 59,7089

0, 0,1931988 / 59,9021

4, 0,0277293 / 59,9021

5, 0,254808 / 60,12095

4, 0,1900112 / 60,32206

5, 0,0428321 / 60,36483

0, 0,2900353 / 60,65487

4, 0,3661558 / 60,96855

0, 0,4634764 / 61,43202

4, 0,4469728 / 61,83338

0, 0,3731465 / 62,20653

5, 0,5447044 / 62,72481

2, 0,0765643 / 62,7662

1, 0,8691068 / 63,63429

2, 0,0403813 / 63,66543

5, 0,602595 / 64,27682

2, 0,3996038 / 64,68391

0, 0,1997521 / 64,88365

1, 0,3124204 / 65,14828

0, 1,20083 / 66,34911

1, 0,0433417 / 66,34911

0, 0,1875456 / 66,53666

1, 0,4202709 / 66,91707

2, 0,0372001 / 66,96037

0, 0,8843716 / 67,84473

**********------------scene2------------**********

1, 0,1311024 / 0,0431053

0, 0,1293335 / 0,1724388

2, 0,0302814 / 0,1724388

0, 0,6409568 / 0,8133957

3, 0,1730101 / 0,9590039

0, 0,8859848 / 1,844989

1, 0,5531357 / 2,35726

5, 0,0269318 / 2,669196

2, 0,535692 / 2,89822

0, 0,5866308 / 3,484851

3, 0,125894 / 3,582834

0, 0,1699122 / 3,752746

3, 0,0329962 / 3,752746

0, 0,2057123 / 3,958459

5, 0,3289623 / 4,259432

0, 0,0519755 / 4,311408

4, 0,2517834 / 4,54203

0, 0,1163577 / 4,658388

4, 0,403063 / 5,027002

0, 0,07278229 / 5,099784

5, 0,0324865 / 5,099784

0, 0,2876934 / 5,387478

5, 0,348555 / 5,704064

0, 0,0821954 / 5,78626

7, 0,0398362 / 5,78626

0, 0,0797534 / 5,866013

7, 0,3110745 / 6,129478

0, 0,0998299 / 6,229308

7, 0,1838734 / 6,377596

6, 0,8790017 / 7,264019

4, 0,0403919 / 7,30159

2, 0,0375711 / 7,339994

1, 0,5888067 / 7,932344

3, 0,0419474 / 7,967833

1, 1,095621 / 9,054097

0, 0,4463436 / 9,500441

1, 0,0460968 / 9,500441

0, 0,2618454 / 9,762286

1, 0,3018822 / 10,01787

0, 0,0679485 / 10,08582

3, 0,4948401 / 10,54117

0, 0,0558019 / 10,59698

3, 0,0558019 / 10,6348

0, 0,0737819 / 10,70858

3, 0,037788 / 10,70858

0, 0,1533327 / 10,86192

1, 0,7471446 / 11,57266

0, 0,070963 / 11,64362

3, 0,6552526 / 12,25585

0, 0,561696 / 12,81754

1, 1,148868 / 13,94813

0, 1,520576 / 15,46871

2, 0,0373066 / 15,46871

0, 0,104385 / 15,57309

2, 0,034428 / 15,57309

0, 0,3973599 / 15,97045

2, 1,540903 / 17,48166

0, 0,258048 / 17,73971

1, 0,9571387 / 18,6556

0, 0,2711991 / 18,9268

1, 1,230536 / 20,11164

2, 1,449674 / 21,57141

0, 0,6438097 / 22,21523

1, 0,3852456 / 22,57726

0, 1,290419 / 23,86767

1, 3,673439 / 27,53047

2, 0,0411166 / 27,57353

0, 0,6377779 / 28,21131

3, 0,3781659 / 28,55954

0, 0,4653515 / 29,0249

1, 0,0311908 / 29,0249

0, 0,2340023 / 29,2589

2, 0,0438811 / 29,2589

3, 0,0806769 / 29,3332

0, 0,2821439 / 29,61534

3, 0,6049078 / 30,19067

0, 0,0836641 / 30,27433

1, 0,7001446 / 30,93237

0, 0,6179673 / 31,55034

1, 0,5177022 / 32,01624

0, 0,4521934 / 32,46844

3, 0,2342982 / 32,68192

0, 0,09881251 / 32,78073

2, 0,1293339 / 32,87001

0, 0,1844143 / 33,05442

2, 0,3185008 / 33,32852

0, 0,2116518 / 33,54017

2, 0,2168157 / 33,72475

1, 1,226511 / 34,95932

0, 0,4526605 / 35,41198

1, 0,088068 / 35,47791

0, 0,1605448 / 35,63845

1, 1,171208 / 36,77319

3, 0,299445 / 37,06757

0, 0,1066398 / 37,17421

1, 0,6584841 / 37,78834

0, 0,3798014 / 38,16814

2, 0,310913 / 38,44009

5, 0,0286 / 38,46813

0, 0,2876686 / 38,7558

4, 0,0642426 / 38,78132

StartAnim : shortLook / 38,81212

0, 0,09035119 / 38,87167

4, 0,0295254 / 38,87167

5, 0,0300259 / 38,90461

2, 0,1908917 / 39,10721

1, 1,962136 / 41,05836

2, 0,0336654 / 41,10191

**********------------scene3------------**********

0, 0,1562817 / 0,0536446

2, 0,3161703 / 0,3429313

0, 0,3406385 / 0,6835697

3, 0,0293976 / 0,6835697

0, 0,2342774 / 0,9178472

5, 0,3455239 / 1,230271

4, 0,1133062 / 1,345063

5, 0,0317844 / 1,368505

2, 0,2867438 / 1,632337

1, 0,7455695 / 2,368178

2, 0,4220551 / 2,798657

5, 0,3994683 / 2,798657

4, 0,8381933 / 3,624692

5, 0,0468872 / 3,680949

2, 0,2063757 / 3,886288

1, 0,6841279 / 4,567754

0, 0,4614534 / 5,029209

1, 0,060186 / 5,055775

0, 0,2844128 / 5,340189

1, 0,9659968 / 6,284497

2, 0,058852 / 6,342933

5, 0,2553682 / 6,601696

4, 0,6557592 / 7,000858

2, 0,8015926 / 7,803248

0, 0,4830236 / 8,286272

1, 0,6003321 / 8,853088

0, 0,0731092 / 8,926198

3, 0,5276203 / 9,410515

0, 0,428861 / 9,839374

3, 0,5438641 / 10,35496

0, 0,056338 / 10,4113

4, 0,8842334 / 11,26515

0, 0,1464532 / 11,4116

4, 0,0559225 / 11,44423

0, 0,0503379 / 11,49457

4, 0,1388788 / 11,61213

0, 0,1997447 / 11,81188

5, 0,0250625 / 11,81188

2, 0,7396877 / 12,52671

1, 1,400904 / 13,92483

2, 0,027817 / 13,95568

0, 0,2012531 / 14,15693

1, 0,4845626 / 14,61478

2, 0,0327931 / 14,64187

4, 0,0270945 / 14,67141

5, 0,0270945 / 14,67141

0, 0,0562914 / 14,7277

4, 0,0293825 / 14,7277

0, 0,5705132 / 15,29821

7, 0,9142112 / 16,18493

0, 0,0558974 / 16,24083

6, 0,3971321 / 16,61344

0, 0,1442562 / 16,75769

2, 0,373003 / 17,09942

1, 0,4006121 / 17,4988

2, 0,0277347 / 17,52378

0, 0,731153 / 18,25494

2, 0,1979391 / 18,42468

1, 0,9633639 / 19,40272

2, 0,035552 / 19,42381

0, 0,5149731 / 19,93879

5, 0,3180212 / 20,22398

0, 0,0593489 / 20,28333

4, 0,5766849 / 20,8234

0, 0,3505147 / 21,17391

2, 0,4034901 / 21,54203

1, 0,8870331 / 22,42422

0, 0,0625282 / 22,48675

3, 0,3298485 / 22,78336

0, 0,0553183 / 22,83868

2, 0,798125 / 23,60949

0, 0,4855108 / 24,095

1, 1,030065 / 25,09889

0, 0,1111471 / 25,21004

1, 2,523312 / 27,71366

0, 0,0840883 / 27,79774

3, 0,3112244 / 28,08414

0, 1,311914 / 29,39605

4, 0,0313467 / 29,39605

0, 0,1747976 / 29,57085

3, 0,0272095 / 29,57085

0, 0,811287 / 30,38214

2, 1,148542 / 31,49344

0, 0,6042219 / 32,09767

2, 0,4231845 / 32,49406

0, 0,0624906 / 32,55655

2, 0,1183272 / 32,64049

0, 0,1157988 / 32,75629

StartAnim : armStretch / 32,84442

2, 0,4834836 / 33,21433

1, 0,5130068 / 33,72734

0, 0,8518743 / 34,57922

4, 0,1413797 / 34,69327

0, 0,0693556 / 34,76262

2, 1,116073 / 35,84216

1, 0,546733 / 36,3807

4, 0,1095125 / 36,49394

0, 0,0633924 / 36,55733

3, 0,4027921 / 36,92503

0, 0,0541693 / 36,9792

4, 0,0541693 / 37,00831

StartAnim : longLook / 37,09874

0, 0,1156943 / 37,12401

2, 0,0335071 / 37,12401

StartAnim : handSalute / 37,41035

1, 1,426558 / 38,55882

2, 0,0335121 / 38,57958

3, 0,0207561 / 38,6106

4, 0,2628692 / 38,87558

0, 0,1665856 / 39,04216

4, 0,0830602 / 39,09672

0, 0,0835254 / 39,18025

2, 0,0314966 / 39,18025

1, 1,168271 / 40,35348

StartAnim : faceSmile / 41,60882

2, 1,368344 / 41,72708

0, 0,0520784 / 41,77916

3, 0,0824415 / 41,84196

0, 0,1115357 / 41,95349

3, 0,0612618 / 41,97831

0, 0,08681799 / 42,06513

3, 0,8541129 / 42,89281

0, 0,6000825 / 43,49289

1, 2,222913 / 45,69501

2, 0,7747509 / 46,46928

1, 1,113557 / 47,57885

2, 0,0588932 / 47,63771

1, 1,03036 / 48,66442

2, 0,3131062 / 48,98251

0, 0,3723075 / 49,35482

1, 1,107186 / 50,4231

0, 0,4173264 / 50,84042

1, 0,1168415 / 50,92599

0, 0,086702 / 51,0127

1, 0,5729786 / 51,55733

0, 1,655117 / 53,21244

1, 0,0266571 / 53,21244

0, 0,1994092 / 53,41185

1, 0,1683243 / 53,56309

0, 0,0465809 / 53,60967

1, 0,0465809 / 53,64407

0, 0,0542671 / 53,69833

1, 0,0263729 / 53,69833

0, 0,0652433 / 53,76358

2, 0,0347759 / 53,76358

0, 0,7187568 / 54,48234

1, 1,143741 / 55,59844

2, 1,033795 / 56,62246

0, 0,1822023 / 56,80466

2, 0,0684888 / 56,82197

0, 0,0604057 / 56,88237

1, 1,045418 / 57,89541

0, 0,2590516 / 58,15446

StartAnim : LongLook / 58,41058

1, 1,598954 / 59,72407

0, 0,3440163 / 60,06808

1, 1,263237 / 61,29732

2, 0,3946967 / 61,69441

0, 0,3137039 / 62,00812

3, 0,448153 / 62,43999

0, 0,3990956 / 62,83908

StartAnim : CaresseEntreCuisse / 62,87086

3, 0,5137494 / 63,3222

0, 0,0581039 / 63,38031

2, 0,6318207 / 63,9811

1, 1,812864 / 65,7961

0, 1,658219 / 67,45434

3, 0,2591139 / 67,69054

0, 0,0455462 / 67,73608

3, 0,5046214 / 68,22487

0, 0,0728888 / 68,29776

2, 0,0282808 / 68,29776

StartAnim : faceSmile / 68,40805

1, 0,8712627 / 69,15923

2, 0,0348163 / 69,18025

0, 0,0653335 / 69,24559

4, 0,0653335 / 69,26488

3, 0,3988565 / 69,66818

2, 0,334764 / 70,00673

0, 0,0638061 / 70,07054

3, 0,5298541 / 70,56778

0, 0,8293955 / 71,39719

1, 0,4340803 / 71,798

0, 0,082677 / 71,88067

3, 0,0851918 / 71,9388

**********------------scene4------------**********

0, 0,7303842 / 0,6464238

1, 0,0299425 / 0,6464238

0, 0,0764935 / 0,7229173

1, 0,2075419 / 0,8868366

0, 0,0970253 / 0,9838619

2, 0,7993368 / 1,754215

5, 0,2528729 / 2,014139

2, 0,0328484 / 2,04579

StartAnim : LongLook / 2,513896

1, 0,5854082 / 2,627269

StartAnim : HandSalute / 2,799893

4, 0,0981086 / 3,853226

5, 0,3428793 / 3,853226

2, 1,290941 / 3,913763

1, 0,6903611 / 4,599327

2, 0,4886172 / 5,096615

4, 0,4280871 / 5,531669

4, 0,2256157 / 5,86877

5, 0,7950438 / 5,86877

2, 0,3993736 / 6,268216

1, 0,4889955 / 6,756046

2, 0,0536134 / 6,814883

7, 0,1709822 / 6,96744

0, 0,9158654 / 7,883304

4, 0,1476291 / 8,041604

4, 0,0344292 / 8,338936

5, 0,4844115 / 8,338936

2, 0,6462959 / 8,99619

1, 0,1035145 / 9,068695

0, 0,4390336 / 9,50773

2, 0,5302697 / 10,00832

5, 0,0157191 / 10,00832

5, 0,0731818 / 10,48357

5, 0,0256291 / 10,52727

3, 0,5304761 / 10,55525

0, 0,4614967 / 11,01675

2, 0,2796499 / 11,28437

1, 0,4624944 / 11,73799

2, 0,3399589 / 12,06719

1, 0,4469016 / 12,52546

2, 0,7122441 / 13,24117

1, 0,3154962 / 13,55057

2, 0,0254387 / 13,57076

5, 0,0585824 / 13,62508

2, 0,1975965 / 13,80196

StartAnim : LongLook / 14,29934

1, 1,757541 / 15,55115

2, 0,5560493 / 16,10867

1, 0,1446191 / 16,25117

5, 0,0457282 / 16,29446

1, 1,111235 / 17,41276

2, 0,0292292 / 17,44289

0, 0,2227923 / 17,66568

2, 0,0820237 / 17,72543

0, 0,5749562 / 18,30038

1, 0,7239191 / 18,983

2, 0,0421686 / 19,02639

5, 0,0435732 / 19,08523

2, 1,372529 / 20,42486

0, 0,0609635 / 20,48582

7, 0,2180821 / 20,70569

0, 0,0461698 / 20,75186

7, 0,136808 / 20,86736

1, 0,5970759 / 21,46685

2, 0,0272683 / 21,49527

4, 0,0284257 / 21,52542

StartAnim : EyeBlink / 21,88285

5, 0,485031 / 21,96725

2, 0,7277263 / 22,37035

3, 0,031342 / 22,39571

0, 0,3553618 / 22,75107

3, 0,0412623 / 22,78172

5, 0,258703 / 22,99523

5, 0,032303 / 23,60973

2, 0,9153724 / 23,9083

0, 0,3295664 / 24,23787

1, 2,287293 / 26,50894

0, 1,772658 / 28,2816

2, 0,0278054 / 28,2816

0, 0,1841192 / 28,46571

StartAnim : OpenLegs / 29,95401

1, 1,856441 / 30,28536

0, 0,0701256 / 30,35548

3, 0,0977939 / 30,42287

0, 0,1288074 / 30,55168

3, 0,152297 / 30,68284

2, 0,2006385 / 30,88276

1, 1,943082 / 32,82484

0, 0,0868538 / 32,9117

1, 0,2103527 / 33,09358

0, 0,7511467 / 33,84473

1, 0,0257884 / 33,84473

2, 0,0760393 / 33,92619

1, 1,114888 / 35,03956

5, 0,0319861 / 35,43914

5, 0,2546129 / 35,70667

2, 0,7552342 / 35,79237

5, 0,3781992 / 36,13809

5, 0,0710603 / 36,5148

5, 0,1019506 / 36,69286

5, 0,1783608 / 36,95036

2, 1,386972 / 37,49342

2, 0,1867145 / 37,751

5, 0,5982943 / 37,79256

0, 0,0508745 / 37,84344

5, 0,0508745 / 37,86465

0, 0,1307811 / 37,99543

5, 0,1001512 / 38,08441

2, 0,5709916 / 38,59496

2, 0,2011236 / 38,88237

5, 0,3989139 / 38,88237

StartAnim : touchCouchInvite / 38,99226

0, 0,6451721 / 39,52753

2, 0,0242608 / 39,52753

1, 0,1002076 / 39,62236

2, 0,187753 / 39,79678

0, 0,0552702 / 39,85205

4, 0,6131684 / 40,44019

0, 0,3558728 / 40,79607

StartAnim : FaceSmile / 40,79607

1, 0,9147246 / 41,68161

0, 0,2263996 / 41,90801

4, 0,0302247 / 41,90801

0, 0,1054035 / 42,01342

4, 0,1883299 / 42,19421

0, 1,490044 / 43,68425

2, 0,4405227 / 44,10712

3, 0,4138811 / 44,53124

5, 0,2314973 / 44,75041

2, 0,282796 / 44,80232

1, 1,127867 / 45,92567

2, 0,4757529 / 46,41

0, 0,6841069 / 47,09409

2, 0,3119596 / 47,36944

5, 0,2862748 / 47,36944

3, 0,4588924 / 47,83765

0, 0,0713102 / 47,90896

1, 0,6700602 / 48,55091

0, 0,8006848 / 49,3516

2, 0,0537747 / 49,37984

0, 0,1890611 / 49,5689

5, 0,1385332 / 49,68024

0, 0,0533771 / 49,73362

2, 0,0694008 / 49,76999

5, 0,179405 / 49,95007

1, 1,136344 / 51,08153

2, 0,0161336 / 51,10797

0, 0,2179793 / 51,32595

4, 0,0429543 / 51,34821

0, 0,332623 / 51,68083

**********------------scene5------------**********

2, 0,6849145 / 0,0332166

0, 1,01812 / 1,051337

2, 0,1381143 / 1,162123

0, 0,1450977 / 1,30722

2, 0,372952 / 1,64413

1, 2,202811 / 3,835529

0, 0,0403263 / 3,875855

5, 0,0959361 / 3,945831

0, 0,2180691 / 4,163899

2, 0,3719589 / 4,505807

1, 0,3564404 / 4,858537

0, 0,0445848 / 4,903122

3, 0,0445848 / 4,923331

0, 0,2570644 / 5,180396

2, 0,462848 / 5,631335

1, 0,1146537 / 5,745778

2, 0,1419227 / 5,846883

1, 2,172918 / 8,031484

2, 0,7393895 / 8,764032

2, 0,0433295 / 8,873902

2, 0,0159015 / 9,074818

5, 0,7377111 / 9,458903

StartAnim : ShortLook / 9,645282

2, 0,2631894 / 9,717914

1, 0,598788 / 10,31756

StartAnim : FaceSmile / 10,6172

2, 0,5742843 / 10,90248

1, 0,5600134 / 11,43441

0, 1,624919 / 13,05933

2, 0,6968506 / 13,74309

1, 1,683985 / 15,431

2, 0,3266115 / 15,74667

1, 0,6579233 / 16,4027

5, 0,1886126 / 17,1712

5, 0,0433466 / 17,23378

2, 1,40731 / 17,81775

1, 0,6488421 / 18,46034

2, 0,6572661 / 19,11759

1, 0,4874917 / 19,61461

StartAnim : OpenLegs / 20,11842

2, 0,9009103 / 20,52128

2, 0,1994271 / 20,83517

3, 1,127976 / 21,99451

5, 1,588986 / 22,0155

StartAnim : TouchCouchInvite / 22,4298

2, 0,7538446 / 22,74317

StartAnim : LongLook / 22,94232

0, 0,4173478 / 23,16051

2, 0,0824694 / 23,22783

StartAnim : FaceSmile / 23,34266

2, 0,0230975 / 23,38525

5, 0,3080575 / 23,44582

2, 0,0926577 / 23,50467

0, 0,0378233 / 23,5425

1, 0,6475518 / 24,163

0, 0,6828719 / 24,84587

3, 0,0478368 / 24,90055

3, 0,6685705 / 26,31626

5, 2,612792 / 27,4437

2, 0,2047111 / 27,4935

1, 0,4687883 / 27,96035

2, 0,0286803 / 27,9865

5, 0,3217774 / 28,30153

4, 0,0470134 / 28,34931

0, 0,2958577 / 28,64517

4, 0,0251442 / 28,64517

0, 0,0543938 / 28,69956

5, 1,340255 / 30,00062

5, 0,1280459 / 30,67311

2, 1,035355 / 30,74368

4, 0,1504863 / 31,45762

5, 0,7462213 / 31,45762

2, 0,2134876 / 31,51666

2, 0,0141701 / 31,71824

StartAnim : PenisTouch / 31,75197

4, 0,2698138 / 32,07401

StartAnim : ShortLook / 32,36177

5, 1,434237 / 32,93134

2, 0,050977 / 32,97176

1, 0,9777243 / 33,94521

2, 0,0445863 / 33,99068

4, 0,4138825 / 34,43052

4, 0,0588766 / 34,81558

4, 0,0593032 / 34,89882

StartAnim : CloseEyes / 35,03009

5, 1,512127 / 35,50169

5, 0,0410556 / 35,5668

5, 0,1174236 / 35,733

5, 0,042407 / 35,87271

5, 0,1133161 / 36,04317

2, 1,100325 / 36,2599

2, 0,017245 / 36,33157

StartAnim : OpenEyes / 37,85883

StartAnim : StartErect / 38,15766

5, 2,63624 / 38,78598

2, 0,2899102 / 38,82741

1, 0,3630209 / 39,20554

2, 0,0347039 / 39,23074

3, 0,0476097 / 39,27293

4, 0,0740584 / 41,11788

5, 2,75394 / 41,9867

2, 0,0272252 / 42,04288

StartAnim : CloseEyes / 43,00294

1, 1,016244 / 43,02885

2, 0,0497498 / 43,07188

2, 0,0326366 / 43,21365

4, 0,2373728 / 43,31761

2, 0,2167823 / 44,1853

StartAnim : OpenEyes / 44,52039

2, 0,0245488 / 44,68803

2, 0,400776 / 45,1419

5, 2,591004 / 45,65827

2, 0,9834226 / 46,15963

1, 0,7291049 / 46,89911

2, 0,0259702 / 46,92167

0, 0,0358012 / 46,95747

4, 0,0431196 / 47,30188

4, 0,0496047 / 47,51667

4, 0,0189675 / 47,58335

4, 0,0605751 / 47,74132

StartAnim : CloseEyes / 47,89958

4, 0,1582689 / 47,92135

5, 0,9779258 / 47,92135

2, 0,0451846 / 47,97346

1, 0,7275718 / 48,69088

2, 0,0465879 / 48,74526

4, 0,2827953 / 49,02748

StartAnim : OpenEyes / 50,27433

4, 0,3472465 / 50,47364

StartAnim : StopTouchPenis / 50,74192

4, 0,1024751 / 51,02716

5, 2,445004 / 51,18436

2, 0,081992 / 51,28038

StartAnim : TouchCouchInvite / 51,70182

1, 0,5599615 / 51,8308

2, 0,0249034 / 51,85582

0, 0,0465485 / 51,90237

4, 0,1064434 / 51,98698

0, 0,09996661 / 52,08695

4, 0,0673941 / 52,13122

0, 0,0420709 / 52,17329

4, 0,0210473 / 52,17329

0, 0,1458127 / 52,3191

5, 0,8024666 / 53,10208

0, 0,2409406 / 53,34302

4, 0,0674761 / 53,39203

0, 0,0794265 / 53,47145

4, 0,1212649 / 53,55744

0, 0,0510781 / 53,60852

4, 0,1299266 / 53,71668

0, 0,0403748 / 53,75706

2, 0,4007587 / 54,14193

**********------------scene6------------**********

1, 0,2844624 / 0,0266821

0, 0,233355 / 0,2600371

2, 0,3109006 / 0,5418658

StartAnim : OpenLegs / 0,6936166

5, 0,3160855 / 0,8570508

2, 0,4108835 / 1,244424

5, 0,8994038 / 2,140441

3, 0,0289208 / 2,172431

0, 0,3691218 / 2,541552

2, 0,4031388 / 2,914208

5, 0,1963014 / 3,119449

5, 0,1381327 / 3,291253

2, 0,6358442 / 3,574003

5, 0,0239508 / 3,603318

0, 0,1842295 / 3,787548

5, 0,0581876 / 3,813557

0, 0,0577147 / 3,871272

5, 0,5410364 / 4,403064

2, 0,2260438 / 4,63207

1, 0,3435965 / 4,969359

0, 0,5877225 / 5,557082

1, 0,0171046 / 5,557082

0, 0,0703739 / 5,627456

1, 0,3022465 / 5,912374

0, 0,0579617 / 5,970336

5, 0,0571502 / 6,011937

2, 0,5690023 / 6,548109

4, 0,0555887 / 6,573353

StartAnim : LongLook / 6,842987

StartAnim : StartTouchPenis / 6,890884

4, 0,2892046 / 6,910923

4, 0,2405136 / 7,198982

4, 0,1450717 / 8,032273

5, 1,906809 / 8,187472

1, 0,0120965 / 8,213705

3, 0,0454021 / 8,254447

0, 0,2776546 / 8,532101

2, 0,2386852 / 8,758461

4, 0,1172521 / 8,872559

5, 0,3559373 / 8,872559

2, 0,027746 / 8,898297

1, 0,1716959 / 9,06761

0, 0,0870287 / 9,154638

2, 0,1800142 / 9,311799

4, 0,0142258 / 9,400812

2, 0,0220719 / 9,443788

2, 0,09489179 / 9,60087

4, 0,0142306 / 9,690234

StartAnim : CloseEyes / 10,0155

5, 0,8487895 / 10,15511

2, 0,0597347 / 10,22894

1, 0,8417841 / 11,0736

2, 0,0307848 / 11,10047

4, 0,2395141 / 11,33199

4, 0,0254214 / 11,52785

5, 0,7548376 / 11,8567

StartAnim : OpenEyes / 11,96194

0, 0,1868342 / 12,04353

4, 0,0448835 / 12,06914

5, 0,0448835 / 12,06914

3, 0,5421658 / 12,61275

0, 0,1721251 / 12,78487

5, 0,048028 / 12,83675

0, 0,0740326 / 12,91078

5, 0,0699816 / 12,95377

0, 0,1144266 / 13,0682

5, 0,031278 / 13,0682

0, 0,0434276 / 13,11163

5, 0,1594912 / 13,26204

0, 0,0535475 / 13,31558

5, 0,0923217 / 13,36972

2, 0,2970174 / 13,60142

4, 0,540238 / 14,15329

5, 0,8850965 / 14,48867

0, 0,0857216 / 14,57439

4, 0,1421251 / 14,7129

5, 0,8153201 / 15,33984

1, 0,0100274 / 15,35875

3, 0,0607396 / 15,42476

0, 0,2618495 / 15,68661

2, 0,1992532 / 15,86866

1, 0,8006686 / 16,66897

4, 0,0234798 / 16,69271

4, 0,6980951 / 17,54241

5, 0,8969136 / 17,56192

2, 0,4057089 / 17,94583

StartAnim : CloseEyes / 19,19901

1, 1,822855 / 19,75871

2, 0,016954 / 19,78579

1, 0,1533388 / 19,93087

4, 0,0866582 / 20,01581

4, 0,6666963 / 20,91162

4, 0,3554961 / 21,51345

4, 0,0684979 / 21,60217

4, 0,0245015 / 21,68443

5, 1,756179 / 21,68443

StartAnim : OpenEyes / 21,81591

3, 0,3159101 / 22,01282

0, 0,0428419 / 22,05566

5, 0,4295136 / 22,45506

0, 0,5692924 / 23,02435

3, 0,3020162 / 23,31469

0, 0,6139902 / 23,92868

StartAnim : CloseEyes / 24,62159

1, 0,8440841 / 24,75742

0, 0,0544202 / 24,81183

3, 0,0347642 / 24,82847

4, 0,0873083 / 24,93966

5, 0,1387106 / 24,93966

0, 0,0430751 / 24,98273

5, 0,4304407 / 25,4008

0, 0,0438906 / 25,44469

5, 0,2143343 / 25,64284

0, 0,2009989 / 25,84384

4, 0,0161183 / 25,84384

5, 0,4000779 / 26,21409

0, 0,0548538 / 26,26894

5, 0,0736931 / 26,311

0, 0,0496907 / 26,36069

5, 0,0872316 / 26,41389

0, 0,0727941 / 26,48668

5, 0,042885 / 26,51004

0, 0,1156007 / 26,62564

StartAnim : FastPenisTouch / 26,82552

5, 0,2697529 / 26,86847

0, 0,0424444 / 26,91091

5, 0,0193371 / 26,91091

StartAnim : OpenEyes / 26,95394

0, 0,0649872 / 26,9759

5, 0,0386966 / 27,00227

0, 0,1662201 / 27,16849

5, 0,0378441 / 27,18723

0, 0,0564776 / 27,24371

5, 0,0816671 / 27,28725

0, 0,1317727 / 27,41902

5, 0,047767 / 27,44416

0, 0,1096526 / 27,55381

3, 0,0194865 / 27,55381

0, 0,3140214 / 27,86783

5, 0,3567619 / 28,19714

2, 0,0264219 / 28,21661

StartAnim : CloseEyes / 28,59982

1, 0,6159337 / 28,82553

2, 0,0124708 / 28,84593

0, 0,5248438 / 29,37077

StartAnim : OpenEyes / 29,48657

2, 0,6562585 / 30,01363

5, 0,3549028 / 30,35882

0, 0,209188 / 30,56801

5, 0,2994922 / 30,84347

0, 0,0569612 / 30,90043

3, 0,1549459 / 31,02241

StartAnim : CloseEyes / 31,02241

0, 0,6883138 / 31,71073

5, 0,3430472 / 32,0257

0, 0,0599089 / 32,08561

5, 0,0681354 / 32,13933

0, 0,0453097 / 32,18464

2, 0,0658893 / 32,2261

StartAnim : OpenEyes / 32,75601

1, 0,9647278 / 33,1993

StartAnim : PenisEjac / 33,35436

2, 0,560057 / 33,75667

3, 0,0266616 / 33,78675

0, 0,1840261 / 33,97078

5, 0,0471393 / 34,06778

3, 1,040182 / 34,98487

0, 0,3839417 / 35,36881

4, 0,0429258 / 35,38594

5, 0,0429258 / 35,38594

0, 0,0420369 / 35,42798

3, 0,6257106 / 36,02765

2, 0,0428931 / 36,06969

StartAnim : StopTouchPenis / 36,38338

1, 0,388301 / 36,47125

4, 0,0302204 / 36,52655

5, 0,0969023 / 36,58459

StartAnim : DeErect / 37,20976

2, 0,8416426 / 37,31106

0, 0,0450347 / 37,3561

3, 0,9574857 / 38,28418

5, 0,2418637 / 38,52789

2, 0,1108018 / 38,5694

1, 0,3732081 / 38,95472

0, 0,3415795 / 39,29631

1, 0,7929509 / 40,07098

2, 0,0233744 / 40,09777

5, 0,4570025 / 40,55324

0, 0,0445872 / 40,59783

3, 0,133054 / 40,71025

0, 0,0723445 / 40,78259

3, 0,2001258 / 40,96281

5, 0,397609 / 41,35312

5, 0,0720193 / 41,44166

**********------------Fin_Relaxation------------**********

