**********------------scene1------------**********

0, 1,120726 / 1,120726

1, 0,9153202 / 2,003177

0, 0,0620959 / 2,065273

1, 1,118796 / 3,15024

0, 0,2080954 / 3,358335

3, 0,0258287 / 3,358335

0, 0,178848 / 3,537183

3, 0,0257914 / 3,537183

0, 0,2562563 / 3,793439

1, 0,4596384 / 4,220639

0, 0,9337079 / 5,154347

2, 0,0427831 / 5,154347

5, 0,0427831 / 5,154347

0, 0,0819193 / 5,236266

1, 0,1279789 / 5,317745

0, 0,5688666 / 5,886612

1, 0,2659403 / 6,106415

0, 0,2458757 / 6,352291

1, 1,992932 / 8,309325

0, 0,0790755 / 8,388401

3, 0,462409 / 8,804514

0, 0,4336046 / 9,238116

1, 1,62789 / 10,83353

0, 0,4002575 / 11,23379

2, 0,1575146 / 11,38975

5, 0,4985609 / 11,70583

4, 0,0333294 / 11,741

3, 0,2875873 / 12,0414

0, 0,0916934 / 12,1331

2, 0,0916934 / 12,17745

0, 0,0967032 / 12,27416

1, 0,3910495 / 12,60761

2, 0,2218147 / 12,83922

5, 0,0489001 / 12,87276

4, 0,3861994 / 13,20551

0, 0,7683599 / 13,97387

5, 0,0304494 / 13,97387

0, 0,3676933 / 14,34157

3, 0,0671196 / 14,34157

0, 0,0834877 / 14,42505

1, 0,7817143 / 15,15599

0, 1,534363 / 16,69035

1, 1,788879 / 18,44243

0, 0,2339995 / 18,67643

3, 0,1658289 / 18,79224

0, 0,3608289 / 19,15307

2, 0,0282705 / 19,15307

4, 0,3247229 / 19,70915

5, 0,5853792 / 19,70915

0, 0,0724701 / 19,78162

2, 0,0354556 / 19,78162

0, 0,095639 / 19,87726

1, 0,794021 / 20,60866

0, 5,187906 / 25,79657

7, 0,0484316 / 25,79657

0, 1,524157 / 27,32072

7, 0,0323802 / 27,32072

4, 0,0414455 / 27,36691

2, 0,2262468 / 27,59594

0, 0,2836623 / 27,8796

1, 1,602952 / 29,43058

0, 0,1169797 / 29,54756

3, 0,1942547 / 29,69957

0, 1,214339 / 30,91391

1, 1,019423 / 31,8982

0, 0,5668355 / 32,46504

2, 0,0770833 / 32,49899

1, 0,0339545 / 32,5299

2, 0,0604615 / 32,60537

1, 1,277301 / 33,8758

0, 1,229127 / 35,10493

1, 0,6668794 / 35,74963

0, 2,46829 / 38,21791

2, 0,1327105 / 38,31551

0, 0,0885849 / 38,40409

1, 1,565495 / 39,9193

2, 0,0382965 / 39,96648

0, 0,336448 / 40,30293

3, 0,0327604 / 40,30293

0, 0,3756209 / 40,67855

1, 0,2597423 / 40,90212

0, 0,4501814 / 41,35231

1, 1,744476 / 43,05093

0, 0,2166225 / 43,26755

1, 1,468137 / 44,70196

0, 1,084027 / 45,78598

1, 0,9819372 / 46,72049

0, 0,4660852 / 47,18658

1, 1,208794 / 48,3539

0, 0,2174403 / 48,57135

1, 0,0346166 / 48,57135

0, 0,2849049 / 48,85625

1, 1,807917 / 50,63064

0, 0,2068324 / 50,83747

2, 0,5165346 / 51,32023

0, 0,2526684 / 51,5729

4, 0,9488381 / 52,47409

2, 0,0361064 / 52,52174

1, 2,397977 / 54,90541

0, 0,1225149 / 55,02793

3, 0,3469775 / 55,31721

0, 0,6872016 / 56,00441

2, 0,3997751 / 56,37415

StartAnim : touchMagazine / 58,94225

1, 2,854501 / 59,24112

0, 0,0835488 / 59,32467

2, 0,0515714 / 59,32467

5, 0,0319774 / 59,37156

4, 0,321698 / 59,69156

0, 0,0875662 / 59,77913

4, 0,0444417 / 59,77913

0, 0,1846661 / 59,96379

4, 0,2467377 / 60,17588

0, 0,4820377 / 60,65791

4, 1,402782 / 62,00852

5, 0,0319987 / 62,03928

2, 0,1112637 / 62,17699

0, 0,0823301 / 62,25933

1, 4,200997 / 66,41033

2, 0,9380873 / 67,36111

0, 0,2482676 / 67,60938

2, 0,0600949 / 67,66236

0, 0,06495211 / 67,72731

**********------------scene2------------**********

1, 0,2919337 / 0,08409271

0, 0,7356309 / 0,8197235

3, 0,070004 / 0,8774024

0, 0,0730116 / 0,9504139

3, 0,1080967 / 1,020298

0, 0,2107663 / 1,231064

3, 1,137097 / 2,350368

0, 0,0654111 / 2,415779

1, 0,0314945 / 2,415779

2, 0,0339166 / 2,453825

1, 0,0380458 / 2,488454

0, 0,6128112 / 3,101265

1, 0,0817142 / 3,137834

0, 0,3514206 / 3,489255

1, 1,402039 / 4,819219

0, 0,4840065 / 5,303226

2, 0,1719326 / 5,455752

0, 0,164765 / 5,620517

3, 0,3130378 / 5,884108

0, 0,4008373 / 6,284945

2, 0,033006 / 6,284945

0, 2,751224 / 9,036166

1, 0,3835796 / 9,37135

0, 0,2167113 / 9,588061

1, 0,4271529 / 9,986106

3, 0,4669806 / 10,43058

0, 0,1069588 / 10,53754

1, 1,152334 / 11,66021

0, 0,5614861 / 12,2217

1, 1,033208 / 13,22254

0, 0,0889519 / 13,31149

3, 0,0533963 / 13,35471

0, 0,279901 / 13,63461

3, 0,2404541 / 13,82853

0, 0,0761014 / 13,90463

5, 0,1310253 / 13,98887

2, 0,0293168 / 14,02731

5, 0,3013807 / 14,31578

2, 0,132567 / 14,38926

5, 0,4097558 / 14,80724

0, 0,0846488 / 14,89189

3, 0,5140124 / 15,34558

0, 0,077483 / 15,42307

4, 0,4278763 / 15,80593

0, 0,4413571 / 16,24729

6, 0,2372382 / 16,40934

0, 0,0835113 / 16,49286

6, 1,025235 / 17,49229

0, 0,1038068 / 17,5961

2, 0,4816758 / 17,99963

0, 3,229429 / 21,22906

1, 0,2688739 / 21,44145

0, 0,2174985 / 21,65895

3, 0,2687025 / 21,89186

0, 1,702918 / 23,59477

1, 0,0679338 / 23,62896

0, 0,2324559 / 23,86142

1, 0,4896696 / 24,31051

0, 0,1962203 / 24,50673

1, 0,6420395 / 25,14306

0, 3,002353 / 28,14541

1, 0,8843249 / 28,99077

0, 0,3375304 / 29,3283

3, 0,5996077 / 29,8738

0, 0,4206088 / 30,2944

5, 0,1887149 / 30,44532

4, 0,5765783 / 31,02817

0, 0,0849773 / 31,11315

4, 0,0849773 / 31,14797

1, 1,034721 / 32,19646

0, 1,01626 / 33,21271

3, 0,0813843 / 33,2455

0, 4,45198 / 37,69748

3, 0,2964255 / 37,94671

0, 0,3854071 / 38,33212

3, 0,4130713 / 38,71397

StartAnim : shortLook / 38,81479

0, 0,1673016 / 38,88128

2, 0,0341581 / 38,88128

0, 0,167569 / 39,04885

**********------------scene3------------**********

1, 2,250447 / 0,0164087

3, 0,0164087 / 0,0464124

0, 0,8386785 / 0,8850909

3, 0,0315173 / 0,8850909

0, 0,2272322 / 1,112323

1, 1,496148 / 2,558245

0, 0,1729597 / 2,731205

1, 0,8993095 / 3,612614

0, 0,1161245 / 3,728739

2, 0,7187492 / 4,445738

0, 0,0543607 / 4,500099

1, 0,6734765 / 5,132565

0, 1,536043 / 6,66861

1, 1,075559 / 7,706088

0, 0,0497032 / 7,755791

2, 1,209662 / 8,944426

1, 0,5699515 / 9,519159

0, 0,0798481 / 9,599007

3, 0,0244104 / 9,599007

0, 0,2853715 / 9,884378

2, 0,5627251 / 10,42829

0, 0,2420476 / 10,67034

3, 0,5667987 / 11,20064

0, 0,1685781 / 11,36922

1, 2,08641 / 13,45507

0, 0,0834641 / 13,53854

1, 0,0268543 / 13,53854

4, 0,0318661 / 13,58936

0, 0,3174635 / 13,90683

3, 0,0397769 / 13,94046

0, 0,5654705 / 14,50593

1, 0,6280582 / 15,1156

0, 2,825867 / 17,94146

1, 0,202084 / 18,11346

0, 0,2927528 / 18,40622

3, 0,9816313 / 19,3539

0, 0,0570589 / 19,41096

2, 0,0570589 / 19,4576

1, 0,1568054 / 19,6005

0, 0,0728084 / 19,67331

1, 1,039515 / 20,67394

0, 0,1057313 / 20,77967

3, 1,587075 / 22,3249

0, 0,06585249 / 22,39075

2, 0,06585249 / 22,42602

0, 0,3447972 / 22,77082

1, 0,8843912 / 23,64213

0, 2,945668 / 26,5878

1, 0,5434929 / 27,12717

0, 0,114501 / 27,24167

2, 0,3494139 / 27,57185

2, 0,0896182 / 27,7402

5, 0,1997674 / 27,7402

4, 0,3631712 / 28,09252

0, 0,1060011 / 28,19852

5, 0,1737163 / 28,34135

0, 0,5163162 / 28,85767

4, 0,1422201 / 28,97207

0, 0,1394078 / 29,11148

3, 0,0412848 / 29,11148

0, 0,2505206 / 29,362

3, 0,135287 / 29,47793

0, 1,469285 / 30,94722

1, 1,884248 / 32,81272

StartAnim : armStretch / 32,84643

2, 0,5281218 / 33,3269

1, 0,9495605 / 34,28133

4, 0,0334988 / 34,68273

2, 0,7187225 / 34,99779

0, 0,2630319 / 35,26082

4, 0,1430969 / 35,39571

0, 0,3532627 / 35,74897

3, 0,019574 / 35,74897

0, 0,1081598 / 35,85713

1, 0,6066323 / 36,4336

0, 0,0554493 / 36,48905

1, 0,0348279 / 36,48905

0, 0,1829966 / 36,67205

StartAnim : longLook / 37,11575

StartAnim : handSalute / 37,43225

1, 1,402049 / 38,03365

0, 0,082485 / 38,11614

3, 0,0203482 / 38,11614

0, 0,1161164 / 38,23225

3, 0,0554749 / 38,26722

0, 0,2313557 / 38,49857

3, 0,3281016 / 38,78935

0, 0,1135069 / 38,90286

1, 1,741569 / 40,61556

0, 0,0770441 / 40,6926

1, 0,1791188 / 40,8312

0, 0,1992018 / 41,03041

StartAnim : faceSmile / 41,59645

1, 4,997183 / 45,99743

0, 0,0705169 / 46,06794

1, 1,117616 / 47,13772

2, 0,0703032 / 47,22607

0, 0,5005673 / 47,72664

5, 0,2057011 / 47,96843

2, 0,3833731 / 48,0856

0, 0,6669641 / 48,75256

1, 1,200039 / 49,89743

0, 0,0570779 / 49,95451

2, 0,1046205 / 50,0162

0, 0,0533978 / 50,0696

2, 0,1855317 / 50,21315

0, 0,1997178 / 50,41287

2, 0,0250849 / 50,41287

0, 0,164435 / 50,57731

2, 0,0773353 / 50,60188

1, 2,535245 / 53,15447

0, 2,564382 / 55,71886

2, 0,1130673 / 55,78993

0, 0,1900099 / 55,97994

1, 1,230152 / 57,15843

0, 0,2134567 / 57,37189

2, 0,4317946 / 57,75648

5, 0,1974205 / 57,75648

0, 0,0551026 / 57,81158

4, 0,3579651 / 58,15583

3, 0,0413833 / 58,19045

0, 0,0507506 / 58,2412

StartAnim : LongLook / 58,43145

1, 2,331295 / 60,54173

0, 0,0598827 / 60,60161

1, 0,0270861 / 60,60161

0, 0,3213376 / 60,92294

1, 0,2808473 / 61,15738

0, 1,083821 / 62,24119

StartAnim : CaresseEntreCuisse / 62,85703

1, 0,6848006 / 62,88331

0, 0,1419765 / 63,02529

3, 0,1452709 / 63,14281

0, 0,0683979 / 63,21121

3, 0,037646 / 63,24007

0, 0,1461252 / 63,3862

3, 0,0667553 / 63,43589

0, 0,3727715 / 63,80867

3, 0,0174792 / 63,80867

0, 0,0682607 / 63,87693

1, 0,1020234 / 63,94321

0, 0,0634936 / 64,00671

1, 1,0278 / 65,00791

0, 0,0728685 / 65,08078

2, 0,0728685 / 65,10877

0, 0,4487487 / 65,5575

1, 0,4837369 / 66,02763

0, 0,0854896 / 66,11313

1, 0,0219426 / 66,11313

0, 0,7762662 / 66,88938

StartAnim : faceSmile / 68,39184

1, 4,528278 / 71,3969

**********------------scene4------------**********

0, 0,9966269 / 0,3613685

2, 0,027973 / 0,3613685

0, 0,1702481 / 0,5316165

2, 0,1321052 / 0,6730835

0, 0,3084499 / 0,9815335

5, 0,1489496 / 1,111529

2, 0,2202128 / 1,160627

0, 0,2721171 / 1,432744

StartAnim : LongLook / 2,476489

StartAnim : HandSalute / 2,792811

StartAnim : SitCrossLegs / 4,67507

1, 5,498205 / 6,900676

0, 2,520644 / 9,421322

1, 0,3365623 / 9,749098

0, 4,298497 / 14,0476

StartAnim : LongLook / 14,27417

2, 0,1810742 / 15,48906

1, 1,546278 / 15,58996

2, 0,1008938 / 15,62142

0, 0,4405698 / 16,06199

2, 0,1862214 / 16,22269

0, 0,3274984 / 16,55019

7, 0,0631576 / 16,57358

0, 0,09597339 / 16,66955

7, 0,6846285 / 17,33109

0, 1,243432 / 18,57452

2, 0,3545537 / 18,90554

1, 2,38991 / 21,28959

StartAnim : EyeBlink / 21,86214

0, 0,817497 / 22,10708

2, 0,0257767 / 22,10708

0, 0,06658 / 22,17366

2, 0,1010396 / 22,25703

1, 1,650601 / 23,87097

0, 0,5891129 / 24,46008

1, 0,5084492 / 24,94831

0, 0,1259733 / 25,07429

1, 0,0540831 / 25,07429

0, 1,220263 / 26,29455

2, 0,1429101 / 26,43633

1, 1,435752 / 27,67303

0, 0,06960461 / 27,74263

1, 0,0333088 / 27,74263

0, 0,5326375 / 28,27527

2, 0,2355041 / 28,47585

1, 0,6229189 / 29,10945

StartAnim : OpenLegs / 29,93133

0, 0,9807873 / 30,09024

1, 0,1720321 / 30,22895

0, 0,2310944 / 30,46004

1, 0,1526887 / 30,60959

2, 0,2266848 / 30,82732

1, 0,944698 / 31,76057

0, 3,441541 / 35,2021

1, 1,335449 / 36,51116

2, 1,462293 / 37,99158

5, 0,0324859 / 38,01763

0, 0,0846183 / 38,10224

3, 0,2335452 / 38,2925

0, 0,4127469 / 38,70525

3, 0,0125618 / 38,70525

2, 0,029403 / 38,74718

StartAnim : touchCouchInvite / 38,98012

1, 0,7371431 / 39,46371

2, 0,0213218 / 39,49783

StartAnim : FaceSmile / 40,78072

0, 1,737369 / 41,23518

1, 2,998381 / 44,19402

0, 0,068805 / 44,26283

2, 1,079926 / 45,33184

1, 2,86262 / 48,20028

0, 0,0441163 / 48,2444

2, 0,4188771 / 48,65245

1, 2,496492 / 51,15024

**********------------scene5------------**********

0, 2,014059 / 0,8617972

1, 0,3196528 / 1,153024

0, 0,0506365 / 1,20366

2, 0,0318046 / 1,20366

5, 0,0543194 / 1,290212

0, 0,2235784 / 1,51379

2, 0,0363516 / 1,51379

0, 0,102291 / 1,616081

2, 0,0664016 / 1,64796

1, 2,45254 / 4,10375

0, 0,0980989 / 4,201849

2, 0,4838571 / 4,668304

1, 1,536831 / 6,201363

0, 0,2395458 / 6,440909

1, 1,261966 / 7,671134

0, 1,114985 / 8,786122

1, 0,0321089 / 8,786122

0, 0,0912741 / 8,877397

2, 0,1669442 / 8,98713

0, 0,0509767 / 9,038106

StartAnim : ShortLook / 9,67126

StartAnim : FaceSmile / 10,63568

1, 1,74893 / 10,75232

0, 0,0754468 / 10,82777

1, 0,0754468 / 10,85366

0, 0,1866168 / 11,04027

1, 0,382615 / 11,36931

2, 0,5399982 / 11,9062

0, 0,1102955 / 12,0165

2, 0,0298376 / 12,0165

0, 2,102327 / 14,11883

1, 1,881275 / 15,97266

0, 1,766075 / 17,73873

1, 1,788741 / 19,50644

StartAnim : OpenLegs / 20,14311

2, 0,726929 / 20,24039

1, 2,047683 / 22,27499

2, 0,0562572 / 22,3195

StartAnim : TouchCouchInvite / 22,4269

StartAnim : LongLook / 22,95766

5, 0,7469758 / 23,07482

5, 0,1340311 / 23,30732

3, 1,024444 / 23,39076

StartAnim : FaceSmile / 23,39076

0, 0,2675308 / 23,65829

1, 4,629545 / 28,26134

0, 0,0468259 / 28,30816

1, 0,031283 / 28,30816

0, 0,3683939 / 28,67655

1, 1,368432 / 30,02687

2, 0,9598289 / 30,99027

0, 0,1071793 / 31,09745

StartAnim : PenisTouch / 31,74496

1, 0,827962 / 31,91327

2, 0,0235098 / 31,94228

StartAnim : ShortLook / 32,38571

0, 0,4860608 / 32,42834

2, 0,0426277 / 32,45449

1, 0,0911289 / 32,54498

0, 0,0549501 / 32,59993

2, 0,1178373 / 32,6766

0, 0,06841 / 32,74501

1, 0,4511041 / 33,14778

StartAnim : CloseEyes / 35,0627

0, 2,014935 / 35,16273

StartAnim : OpenEyes / 37,89591

StartAnim : StartErect / 38,18808

1, 3,770022 / 38,87682

0, 0,3997165 / 39,27653

2, 0,0322711 / 39,27653

0, 0,750073 / 40,0266

2, 0,0396574 / 40,05654

0, 0,7312491 / 40,7878

2, 0,0156206 / 40,7878

0, 0,1129751 / 40,90077

1, 0,6695036 / 41,54775

2, 0,3491919 / 41,87721

1, 0,5188208 / 42,40373

2, 0,0472929 / 42,44692

0, 0,0687966 / 42,51572

5, 0,1013605 / 42,55984

3, 0,0841231 / 42,63409

4, 0,015049 / 42,90106

5, 0,2811422 / 42,90106

2, 0,035127 / 42,9347

0, 0,0536207 / 42,98832

5, 0,0536207 / 43,0132

StartAnim : CloseEyes / 43,0132

0, 0,3061611 / 43,31937

StartAnim : OpenEyes / 44,54921

1, 3,665965 / 46,94553

0, 0,1577857 / 47,10331

1, 0,381897 / 47,46802

0, 0,4490467 / 47,91707

StartAnim : CloseEyes / 47,91707

StartAnim : OpenEyes / 50,28061

StartAnim : StopTouchPenis / 50,74056

1, 3,553994 / 51,46795

StartAnim : TouchCouchInvite / 51,7039

2, 0,7066123 / 52,18858

1, 0,4257622 / 52,5879

**********------------scene6------------**********

0, 2,235011 / 0,4005163

3, 0,2885204 / 0,6674775

StartAnim : OpenLegs / 0,6999892

3, 0,025965 / 0,7492976

3, 0,0367716 / 0,8278251

5, 0,2427957 / 0,8669223

5, 0,0501905 / 0,9470659

3, 0,1192409 / 0,9849697

5, 0,0379038 / 1,015566

2, 0,0870619 / 1,10243

1, 0,0303984 / 1,13006

5, 0,0276303 / 1,163185

1, 0,3031243 / 1,458687

5, 0,0791622 / 2,300754

2, 1,013446 / 2,47663

5, 0,4567165 / 2,930559

0, 0,2582547 / 3,188815

7, 0,5067428 / 3,670773

0, 0,0494069 / 3,72018

6, 0,2918275 / 4,001841

0, 0,9489436 / 4,950784

6, 0,016874 / 4,950784

0, 0,1539926 / 5,104777

2, 0,4062957 / 5,517969

5, 0,6283173 / 6,118912

2, 0,1386064 / 6,268211

StartAnim : LongLook / 6,869369

StartAnim : StartTouchPenis / 6,902248

1, 0,7786469 / 7,051759

2, 1,770706 / 8,814909

StartAnim : CloseEyes / 10,02288

1, 2,49426 / 11,3063

StartAnim : OpenEyes / 11,95678

0, 1,318294 / 12,6246

1, 2,843005 / 15,43828

0, 0,110434 / 15,54871

1, 0,0432373 / 15,58943

0, 0,6859098 / 16,27534

1, 0,0444774 / 16,30591

2, 0,0659824 / 16,35839

1, 1,148192 / 17,51623

2, 0,4408004 / 17,95979

StartAnim : CloseEyes / 19,19149

1, 1,94522 / 19,91008

0, 0,4358932 / 20,34597

2, 0,609692 / 20,94582

StartAnim : OpenEyes / 21,83197

0, 1,694087 / 22,6399

2, 0,0335444 / 22,6399

0, 0,0693915 / 22,7093

1, 1,521936 / 24,19151

StartAnim : CloseEyes / 24,62978

2, 1,211499 / 25,40364

1, 0,1484213 / 25,54642

2, 0,0481279 / 25,59369

StartAnim : FastPenisTouch / 26,82566

StartAnim : OpenEyes / 26,97654

1, 2,04351 / 27,64217

2, 0,2720067 / 27,91686

4, 0,0854513 / 27,99273

5, 0,2242886 / 28,12815

0, 0,1651548 / 28,29331

4, 0,0991663 / 28,36035

5, 0,1319473 / 28,39426

0, 0,0504379 / 28,4447

5, 0,1045373 / 28,52578

0, 0,0470997 / 28,57288

StartAnim : CloseEyes / 28,60331

4, 0,0279569 / 28,65675

5, 0,1704338 / 28,71131

0, 0,0448143 / 28,75612

4, 0,3191079 / 29,18942

4, 0,0525516 / 29,31042

5, 0,5991141 / 29,3525

StartAnim : OpenEyes / 29,48986

0, 0,9583277 / 30,31083

4, 0,3664382 / 30,66463

5, 0,3664382 / 30,66463

StartAnim : CloseEyes / 31,03162

StartAnim : OpenEyes / 32,77996

StartAnim : PenisEjac / 33,38037

0, 3,11122 / 33,77584

1, 0,2839729 / 34,02916

0, 0,1187554 / 34,14791

3, 0,1339693 / 34,25527

4, 1,645691 / 35,91304

5, 1,645691 / 35,91304

2, 0,037189 / 35,94847

StartAnim : StopTouchPenis / 36,39833

1, 0,6056395 / 36,54794

2, 0,0292674 / 36,58037

2, 0,1013279 / 36,72746

4, 0,0145125 / 36,75828

2, 0,0308165 / 36,80752

2, 0,1994547 / 37,04271

StartAnim : DeErect / 37,22994

5, 2,0987 / 38,66367

2, 0,0360574 / 38,73544

**********------------Fin_Relaxation------------**********

