**********------------scene1------------**********

0, 0,1998919 / 0,1998919

1, 1,980397 / 2,101096

0, 0,5048009 / 2,605896

1, 0,7339652 / 3,318782

0, 0,0844496 / 3,403232

1, 2,767097 / 6,119104

0, 0,0659707 / 6,185075

1, 3,031018 / 9,17967

2, 0,0295509 / 9,220473

1, 0,3750881 / 9,587027

0, 1,183682 / 10,77071

4, 0,2703539 / 11,33786

5, 0,6060621 / 11,33786

2, 0,0278882 / 11,37169

1, 0,8270579 / 12,19083

2, 0,0259146 / 12,23756

4, 0,4327761 / 12,70444

5, 0,4795004 / 12,70444

3, 0,0341117 / 12,77644

4, 0,6004629 / 13,33856

2, 0,0336483 / 13,37351

4, 0,1350753 / 13,50639

5, 0,7691865 / 13,50639

0, 0,08246329 / 13,58886

1, 3,483517 / 17,01779

0, 0,2646038 / 17,28239

1, 0,5734663 / 17,6149

0, 0,642411 / 18,25732

2, 0,0751547 / 18,29312

1, 0,2347001 / 18,5277

0, 0,1155012 / 18,6432

1, 0,0808414 / 18,6432

0, 2,14874 / 20,79195

1, 0,3689952 / 21,12662

0, 0,0822586 / 21,20888

1, 0,0484793 / 21,20888

0, 0,1125281 / 21,32141

1, 1,336044 / 22,62452

0, 0,5935129 / 23,21803

1, 1,095767 / 24,27919

0, 0,0539569 / 24,33314

1, 0,6139067 / 24,92706

0, 0,0670256 / 24,99408

1, 2,284331 / 27,24607

0, 0,059239 / 27,30531

1, 0,2670249 / 27,56222

0, 0,0826849 / 27,6449

2, 0,0349814 / 27,6449

4, 0,4595199 / 28,09849

5, 0,4595199 / 28,09849

0, 9,582582 / 37,68108

2, 0,0340202 / 37,68108

1, 1,233822 / 38,91508

2, 0,1510893 / 39,05627

5, 0,1995758 / 39,23132

5, 0,4663324 / 39,76505

4, 0,7886361 / 39,9683

5, 0,0302547 / 39,9683

0, 2,198065 / 42,16636

2, 0,0342743 / 42,16636

1, 0,8772803 / 43,05708

2, 0,0463175 / 43,11831

1, 0,5925261 / 43,68294

2, 0,0333265 / 43,71769

1, 3,301861 / 47,01831

0, 0,2023763 / 47,22069

1, 0,3909798 / 47,56945

0, 0,0883186 / 47,65777

2, 0,0453702 / 47,65777

0, 0,761367 / 48,41914

5, 0,2811944 / 48,65321

4, 1,121708 / 49,73722

5, 0,2550674 / 49,73722

1, 1,508839 / 51,23684

0, 0,059314 / 51,29615

1, 1,017706 / 52,29251

2, 0,0814908 / 52,37005

5, 0,1337172 / 52,49597

0, 0,2745396 / 52,7705

4, 0,6911063 / 53,41226

5, 0,1344451 / 53,55575

2, 0,3108281 / 53,77031

5, 0,1357771 / 53,77031

1, 0,141163 / 53,88681

2, 0,0727556 / 53,971

1, 0,916381 / 54,88638

0, 0,078633 / 54,96501

1, 1,870253 / 56,78789

2, 0,0312676 / 56,81736

StartAnim : touchMagazine / 58,92328

1, 2,601513 / 59,41952

2, 0,0301114 / 59,45491

5, 0,0353936 / 59,52454

0, 1,981445 / 61,50599

4, 0,280357 / 61,74147

0, 0,4352437 / 62,17672

4, 0,0297434 / 62,17672

0, 0,2008535 / 62,37757

2, 0,0441023 / 62,37757

0, 0,0752817 / 62,45285

2, 0,2804406 / 62,69183

5, 0,231474 / 62,92384

2, 1,245485 / 64,16541

5, 0,1723211 / 64,33464

4, 0,4421685 / 64,64195

0, 0,06640249 / 64,70836

4, 0,1575596 / 64,8247

1, 1,477577 / 66,30874

0, 0,08362091 / 66,39236

1, 0,08362091 / 66,42416

0, 0,0845177 / 66,50867

2, 0,0305056 / 66,50867

1, 0,1702476 / 66,6767

2, 0,5970476 / 67,25895

**********------------scene2------------**********

1, 0,6869631 / 0,0328079

0, 0,1550829 / 0,1878908

2, 0,0668541 / 0,1878908

0, 0,546446 / 0,7343369

3, 0,2258636 / 0,9344435

0, 0,3294159 / 1,263859

2, 0,0332644 / 1,263859

0, 0,0713191 / 1,335178

1, 2,020854 / 3,31077

2, 0,0260557 / 3,354647

1, 0,591085 / 3,935518

0, 0,0554573 / 3,990975

1, 0,1095351 / 4,073625

0, 1,201541 / 5,275167

2, 0,0561629 / 5,318058

0, 0,1733756 / 5,491434

2, 0,0352345 / 5,491434

1, 0,7487406 / 6,23474

0, 1,8192 / 8,05394

1, 0,3176642 / 8,336538

0, 0,0660659 / 8,402604

1, 0,0660659 / 8,436416

0, 0,0994731 / 8,535889

1, 0,9017209 / 9,370087

0, 0,0662127 / 9,436299

1, 0,1326696 / 9,535921

0, 2,368019 / 11,90394

5, 0,7345164 / 12,60407

4, 0,7407805 / 12,83032

5, 0,1072997 / 12,83032

2, 0,0547378 / 12,90817

0, 0,0794929 / 12,98767

1, 2,56376 / 15,5051

2, 0,0331626 / 15,53865

1, 0,1831649 / 15,71655

0, 0,0714127 / 15,78796

2, 0,0714127 / 15,83384

0, 3,757698 / 19,59154

2, 0,4483527 / 20,0087

0, 0,3149408 / 20,32364

4, 0,0381619 / 20,32364

0, 0,4694108 / 20,79304

2, 0,0341838 / 20,79304

5, 0,2875716 / 21,07388

2, 0,0332806 / 21,11253

5, 0,0386417 / 21,19346

0, 0,9594408 / 22,1529

2, 0,1311668 / 22,29166

1, 0,2824215 / 22,5432

0, 0,7991762 / 23,34238

1, 0,0330068 / 23,34238

0, 0,3518926 / 23,69427

1, 0,0261011 / 23,69427

0, 0,0841646 / 23,77843

2, 0,0477066 / 23,77843

1, 0,1534276 / 23,91874

0, 0,0744946 / 23,99323

1, 0,0744946 / 24,04292

0, 2,618194 / 26,66112

1, 0,0514225 / 26,68842

0, 0,1055943 / 26,79402

2, 0,0404963 / 26,79402

0, 0,1001802 / 26,8942

1, 0,0405466 / 26,8942

0, 0,08198901 / 26,97618

1, 0,0352294 / 26,97618

2, 0,1773111 / 27,13008

0, 0,0752892 / 27,20537

2, 0,1092116 / 27,27773

0, 0,1486811 / 27,42641

1, 0,099388 / 27,49516

0, 0,0833081 / 27,57847

3, 0,5076285 / 28,03118

0, 0,2086876 / 28,23986

3, 0,3185534 / 28,52721

1, 0,4843261 / 29,01295

3, 0,0336337 / 29,04552

1, 0,1811227 / 29,22689

0, 0,0795518 / 29,30644

3, 0,0795518 / 29,33902

0, 0,4884851 / 29,8275

1, 1,192129 / 30,97869

2, 0,0333999 / 31,01346

1, 1,200478 / 32,21373

0, 1,081809 / 33,29555

2, 0,0668806 / 33,33086

0, 0,1657758 / 33,49663

1, 0,911032 / 34,37862

0, 0,0669404 / 34,44556

1, 1,050845 / 35,46324

0, 0,899052 / 36,36229

3, 0,0334028 / 36,36229

0, 0,7507851 / 37,11308

3, 0,0332118 / 37,11308

0, 0,5614964 / 37,67457

1, 0,223095 / 37,86453

0, 0,2996225 / 38,16416

3, 0,2663086 / 38,39722

StartAnim : shortLook / 38,81515

0, 0,701092 / 39,09832

2, 0,0253398 / 39,09832

1, 0,1322118 / 39,23086

0, 0,1017575 / 39,33262

**********------------scene3------------**********

1, 1,934096 / 0,0297958

2, 0,2016677 / 0,2308988

5, 0,4864498 / 0,7027602

0, 0,2211919 / 0,9239521

2, 0,0825184 / 0,9550598

0, 0,1319678 / 1,087028

2, 0,1705961 / 1,230178

0, 0,1645977 / 1,394775

2, 0,1014609 / 1,44081

5, 0,7619981 / 2,184636

0, 0,2946047 / 2,479241

5, 0,0421302 / 2,479241

1, 0,0119739 / 2,507505

0, 0,1577266 / 2,665231

1, 0,3495498 / 2,970509

2, 0,2263367 / 3,200293

5, 0,2239251 / 3,368319

2, 0,09659711 / 3,472235

0, 0,0671268 / 3,539362

1, 0,500653 / 3,987261

0, 0,2843231 / 4,271585

1, 0,0193248 / 4,271585

2, 0,0974426 / 4,37903

1, 0,0381011 / 4,406284

2, 0,0756281 / 4,486482

1, 1,385581 / 5,853604

2, 0,0133654 / 5,88507

1, 0,4306991 / 6,312625

0, 0,0596217 / 6,372247

2, 1,624887 / 7,969443

1, 0,4005998 / 8,368538

2, 0,0304251 / 8,432425

5, 0,826517 / 9,242172

2, 0,0471179 / 9,275726

0, 0,068204 / 9,34393

5, 0,3124055 / 9,609659

2, 0,2195407 / 9,8275

1, 0,6195887 / 10,4399

2, 0,0821069 / 10,54352

5, 0,4640948 / 10,96848

0, 0,7718644 / 11,74035

5, 0,0441456 / 11,74035

4, 0,0701237 / 11,84223

0, 0,1648924 / 12,00712

4, 0,0913537 / 12,06159

5, 0,2291508 / 12,22015

3, 0,0735869 / 12,27616

4, 0,0339565 / 12,30944

5, 0,0339565 / 12,30944

3, 0,2802494 / 12,58322

5, 0,0268084 / 12,62582

3, 0,0426009 / 12,66658

2, 0,040766 / 12,69168

1, 4,918882 / 17,61024

2, 0,0247856 / 17,63894

1, 1,259886 / 18,8967

2, 0,8250812 / 19,72951

5, 0,6256655 / 19,72951

0, 0,853635 / 20,58314

5, 0,0290313 / 20,58314

0, 0,1726039 / 20,75575

2, 0,5577442 / 21,29826

1, 1,654422 / 22,95846

0, 5,453014 / 28,41148

2, 0,1658828 / 28,54914

0, 0,1343356 / 28,68348

1, 0,0373732 / 28,68348

2, 0,0166019 / 28,75196

4, 0,0684843 / 28,78516

3, 0,8993956 / 29,61141

0, 0,6038626 / 30,21527

1, 0,4010667 / 30,58354

0, 0,1487399 / 30,73228

2, 0,0622462 / 30,78329

2, 0,0257112 / 31,15376

5, 0,4947908 / 31,23764

2, 0,0261836 / 31,26921

5, 0,0315662 / 31,29617

0, 0,0678383 / 31,36401

1, 0,5201865 / 31,85039

0, 0,0455839 / 31,89598

1, 0,0455839 / 31,92764

2, 0,0793214 / 31,99986

1, 0,1070003 / 32,11468

2, 0,0677819 / 32,19423

1, 0,0671926 / 32,24084

StartAnim : armStretch / 32,81194

2, 0,5710893 / 32,84641

5, 0,7082255 / 32,95494

2, 0,1372823 / 33,08385

0, 0,4128797 / 33,49674

2, 0,7998455 / 34,28451

1, 0,5729938 / 34,83726

2, 0,0254639 / 34,88402

1, 0,2590618 / 35,12387

2, 0,0275475 / 35,16748

0, 0,0777676 / 35,24525

2, 0,4602005 / 35,6828

0, 0,0555852 / 35,73839

2, 0,5684617 / 36,28176

0, 0,0697354 / 36,3515

2, 0,1167455 / 36,42658

StartAnim : longLook / 37,096

StartAnim : handSalute / 37,38237

1, 2,086185 / 38,4965

0, 0,3157236 / 38,81223

4, 0,1163517 / 38,89787

0, 0,0551783 / 38,95304

4, 0,1397771 / 39,05273

0, 0,0434553 / 39,09619

1, 1,930098 / 41,01215

0, 0,0572003 / 41,06935

StartAnim : faceSmile / 41,58392

1, 3,526321 / 44,55606

0, 0,1121064 / 44,66817

2, 0,0327291 / 44,66817

5, 0,6857902 / 45,35468

2, 0,0142235 / 45,38853

1, 1,054038 / 46,43804

0, 0,10107 / 46,53911

1, 0,4883154 / 47,02533

0, 0,0853972 / 47,11073

1, 0,0584235 / 47,1374

0, 0,5463884 / 47,68379

1, 0,4262884 / 48,08343

0, 0,2524196 / 48,33585

1, 0,0264834 / 48,33585

0, 0,0597269 / 48,39557

1, 0,7765738 / 49,13649

0, 0,0584452 / 49,19493

1, 0,145852 / 49,31084

0, 0,0832756 / 49,39412

1, 0,3224298 / 49,71384

2, 0,023138 / 49,79082

5, 0,4399522 / 50,15439

2, 0,1668407 / 50,30669

5, 0,2818345 / 50,59177

2, 0,3291494 / 50,91275

1, 0,7568092 / 51,65282

0, 0,267817 / 51,92063

1, 1,824989 / 53,72563

2, 0,0469423 / 53,75851

1, 0,06610709 / 53,8051

5, 0,4873249 / 54,32548

0, 0,4429645 / 54,76845

4, 0,0128231 / 54,76845

0, 0,5121315 / 55,28059

4, 0,1650915 / 55,40853

2, 0,0165373 / 55,43974

0, 0,3670916 / 55,80683

1, 1,02281 / 56,80882

2, 0,0300358 / 56,83823

StartAnim : LongLook / 58,38103

1, 4,314294 / 61,15582

0, 0,4810083 / 61,63682

1, 0,4263141 / 62,03871

2, 0,7586551 / 62,79441

StartAnim : CaresseEntreCuisse / 62,84486

5, 0,7839892 / 63,209

0, 0,0616134 / 63,27061

4, 0,7742079 / 64,00968

7, 0,0264668 / 64,03782

4, 0,3162012 / 64,35388

2, 1,485398 / 65,84167

5, 0,0324861 / 65,84167

0, 0,0514399 / 65,89311

2, 0,5120184 / 66,37936

StartAnim : faceSmile / 68,39687

1, 2,969301 / 69,35281

2, 0,029823 / 69,37926

4, 1,373115 / 70,75372

1, 0,055885 / 70,81055

4, 0,1674562 / 70,96333

**********------------scene4------------**********

1, 1,0619 / 0,068152

0, 1,038735 / 1,106887

2, 0,5994825 / 1,679541

5, 0,4699709 / 2,172555

4, 0,1527625 / 2,20313

5, 0,0305755 / 2,229761

2, 0,0686807 / 2,28367

5, 0,0539093 / 2,307127

StartAnim : LongLook / 2,502105

StartAnim : HandSalute / 2,820328

0, 0,5478373 / 2,854964

5, 0,0371292 / 2,854964

0, 0,1490762 / 3,00404

4, 0,0145652 / 3,00404

2, 0,0177092 / 3,037534

5, 0,1508038 / 3,149786

4, 0,2163899 / 3,234669

5, 0,1165293 / 3,297862

0, 0,1707104 / 3,468572

5, 0,0347414 / 3,468572

2, 0,3488345 / 3,819935

StartAnim : SitCrossLegs / 4,692221

1, 1,315686 / 5,14959

2, 0,4900054 / 5,632342

5, 0,07845329 / 5,707211

2, 0,3002227 / 6,005444

5, 0,1214412 / 6,054302

0, 0,0731878 / 6,12749

5, 0,1979642 / 6,277924

4, 0,0273467 / 6,655292

5, 0,0273467 / 6,655292

2, 0,7177497 / 6,785652

1, 1,348782 / 8,150056

2, 0,0292203 / 8,188824

1, 0,1215332 / 8,284251

2, 0,0126619 / 8,306364

1, 0,4933682 / 8,807013

1, 0,0182859 / 9,056374

2, 0,2441303 / 9,056374

0, 0,0657515 / 9,122126

2, 0,7211455 / 9,805827

0, 0,0509645 / 9,856791

2, 0,179361 / 10,00539

1, 0,8235052 / 10,82706

0, 0,0433921 / 10,87045

1, 0,030406 / 10,87045

0, 0,09791169 / 10,96836

1, 0,958849 / 11,90691

2, 0,0296654 / 11,93953

1, 0,1012337 / 12,04344

2, 2,000178 / 14,02231

4, 0,2003288 / 14,19003

5, 0,187872 / 14,19003

0, 0,0676551 / 14,25769

StartAnim : LongLook / 14,29261

4, 0,1477366 / 14,38048

5, 0,1477366 / 14,38048

1, 0,6492997 / 15,00843

0, 0,043332 / 15,05176

1, 1,254744 / 16,29333

2, 0,0301608 / 16,32448

1, 0,0311492 / 16,34718

2, 0,0226912 / 16,3752

1, 3,746722 / 20,10585

0, 0,0707321 / 20,17659

1, 0,5282818 / 20,69531

2, 0,0323704 / 20,72612

StartAnim : EyeBlink / 21,89427

1, 1,316073 / 22,02418

0, 0,049489 / 22,07367

1, 2,483013 / 24,53516

2, 1,955203 / 26,49549

1, 0,0330946 / 26,53003

2, 0,0345394 / 26,5617

1, 1,933486 / 28,49746

2, 0,6486858 / 29,13424

1, 0,0676317 / 29,21343

2, 0,154095 / 29,35909

StartAnim : OpenLegs / 29,95924

1, 1,246683 / 30,6146

2, 0,4162699 / 31,0095

4, 0,031184 / 31,73183

2, 0,038943 / 31,76312

4, 0,1107079 / 31,8652

5, 0,8673001 / 31,8652

2, 0,0226661 / 31,8982

4, 0,0669923 / 31,96365

5, 0,0669923 / 31,96365

1, 5,969815 / 37,94891

2, 0,046901 / 37,9828

1, 0,1156841 / 38,08906

2, 0,0244584 / 38,1089

1, 0,6145166 / 38,73544

StartAnim : touchCouchInvite / 38,983

0, 0,5810838 / 39,31652

4, 0,3156297 / 39,61715

StartAnim : FaceSmile / 40,77837

0, 1,351005 / 40,96816

4, 0,4723103 / 41,41979

0, 0,0499855 / 41,46978

4, 0,0963686 / 41,53605

0, 0,0473607 / 41,5834

4, 0,0654791 / 41,62197

0, 0,5130102 / 42,13497

4, 0,2898706 / 42,40121

0, 0,0631135 / 42,46432

4, 0,0770586 / 42,50954

0, 0,1562903 / 42,66584

1, 0,0330151 / 42,66584

0, 0,0461034 / 42,71194

1, 4,309312 / 47,00204

0, 0,0656461 / 47,06769

1, 1,832729 / 48,86713

2, 0,0127842 / 48,88993

1, 0,1362025 / 49,03154

2, 0,0282071 / 49,05476

1, 0,1881748 / 49,25399

2, 0,1052214 / 49,35442

1, 1,395861 / 50,73129

0, 0,1594817 / 50,89077

4, 0,3685522 / 51,22126

**********------------scene5------------**********

0, 1,375275 / 0,2585731

1, 0,328526 / 0,5632002

2, 0,2729921 / 0,8347154

4, 0,1383568 / 1,031534

4, 0,0322742 / 2,704264

5, 1,948897 / 2,704264

2, 0,0261742 / 2,750179

2, 0,0225271 / 4,477808

1, 3,112085 / 5,83062

0, 0,0511225 / 5,881743

1, 0,08670189 / 5,929923

2, 0,6722174 / 6,614479

1, 0,6907692 / 7,303971

2, 0,0236615 / 7,333381

1, 0,09707519 / 7,416029

2, 0,0489824 / 7,462239

1, 2,067538 / 9,529315

StartAnim : ShortLook / 9,668532

2, 0,4460664 / 9,989055

StartAnim : FaceSmile / 10,61788

5, 1,383257 / 11,37169

4, 1,408054 / 11,39205

2, 0,0451536 / 11,41872

4, 0,0888263 / 11,5043

5, 0,0888263 / 11,5043

2, 0,02342 / 11,53521

StartAnim : OpenLegs / 20,11769

1, 9,099107 / 20,6339

2, 0,115 / 20,74381

4, 0,1307575 / 20,90677

StartAnim : TouchCouchInvite / 22,42331

5, 2,09518 / 22,79047

0, 0,0488688 / 22,83934

4, 0,1187785 / 22,92101

StartAnim : LongLook / 22,95981

0, 0,2337071 / 23,15471

2, 0,0278541 / 23,15471

StartAnim : FaceSmile / 23,35658

1, 7,418883 / 30,58953

2, 0,4623635 / 31,04343

1, 0,0904607 / 31,12262

2, 0,0822347 / 31,2043

1, 0,3228351 / 31,54386

2, 0,0283203 / 31,56207

2, 0,0530968 / 31,64318

StartAnim : PenisTouch / 31,72908

StartAnim : ShortLook / 32,37561

4, 0,865761 / 32,42288

4, 0,0450501 / 32,51647

5, 0,9444443 / 32,51647

2, 0,0522826 / 32,55928

1, 1,135894 / 33,71003

2, 0,0335578 / 33,7447

StartAnim : CloseEyes / 35,03067

StartAnim : OpenEyes / 37,87696

1, 4,448129 / 38,19464

StartAnim : StartErect / 38,19464

0, 0,0486876 / 38,24332

1, 1,637132 / 39,86341

2, 0,2535673 / 40,10016

4, 0,4108488 / 40,36261

5, 0,43105 / 40,36261

2, 0,0222468 / 40,39656

4, 0,1536008 / 40,54754

5, 0,1536008 / 40,54754

StartAnim : CloseEyes / 42,99987

StartAnim : OpenEyes / 44,54829

1, 6,71694 / 47,24501

2, 0,2391317 / 47,49822

StartAnim : CloseEyes / 47,89858

1, 0,9729317 / 48,47675

2, 0,0727067 / 48,54955

4, 0,0315949 / 48,5829

2, 0,0327726 / 48,63011

4, 0,1553912 / 48,79942

4, 0,0432187 / 48,93063

5, 0,682967 / 49,23283

StartAnim : OpenEyes / 50,27166

StartAnim : StopTouchPenis / 50,74977

1, 2,386942 / 51,60152

0, 0,0669391 / 51,66846

StartAnim : TouchCouchInvite / 51,70724

2, 0,6821907 / 52,31681

0, 0,0459931 / 52,36281

**********------------scene6------------**********

1, 2,084786 / 0,0330065

StartAnim : OpenLegs / 0,7177929

0, 0,8529907 / 0,8859973

2, 0,2616443 / 1,117092

2, 0,0429744 / 1,734004

5, 0,6485273 / 1,751949

2, 0,9661658 / 2,722856

5, 0,8252375 / 3,552088

2, 0,4577612 / 4,01979

1, 0,7381354 / 4,736216

2, 0,0149124 / 4,768753

5, 0,7830944 / 5,536018

0, 0,0474253 / 5,583444

5, 0,0740622 / 5,635794

2, 0,0257128 / 5,663352

0, 0,056379 / 5,719731

StartAnim : LongLook / 6,866532

StartAnim : StartTouchPenis / 6,896259

StartAnim : CloseEyes / 10,03797

StartAnim : OpenEyes / 11,96893

1, 6,825123 / 12,50034

2, 0,0118655 / 12,52439

1, 2,739031 / 15,25469

2, 0,0153131 / 15,2793

StartAnim : CloseEyes / 19,20837

StartAnim : OpenEyes / 21,83392

StartAnim : CloseEyes / 24,64445

StartAnim : FastPenisTouch / 26,85016

StartAnim : OpenEyes / 26,96626

StartAnim : CloseEyes / 28,59394

1, 13,72383 / 29,01183

0, 0,07781211 / 29,08964

StartAnim : OpenEyes / 29,49416

StartAnim : CloseEyes / 31,04649

1, 3,46157 / 32,53434

0, 0,0461847 / 32,58052

StartAnim : OpenEyes / 32,78064

StartAnim : PenisEjac / 33,36626

1, 3,807619 / 36,36586

StartAnim : StopTouchPenis / 36,39761

0, 0,0820311 / 36,44789

1, 0,4163625 / 36,84838

StartAnim : DeErect / 37,23335

2, 0,419378 / 37,25417

0, 0,2282203 / 37,48238

2, 0,0186728 / 37,48238

1, 0,4066548 / 37,88251

2, 0,5179254 / 38,41304

1, 1,071188 / 39,46207

2, 0,0133769 / 39,484

0, 0,0633257 / 39,54733

1, 1,534824 / 41,06224

0, 0,0526781 / 41,11492

**********------------Fin_Relaxation------------**********

