**********------------scene1------------**********

0, 2,066058 / 2,066058

1, 0,332764 / 2,364156

0, 0,7881824 / 3,152338

2, 0,0358439 / 3,152338

1, 0,744705 / 3,892514

0, 0,060075 / 3,952589

1, 0,0277884 / 3,952589

0, 0,6615192 / 4,614107

1, 0,8691196 / 5,45171

0, 0,2149152 / 5,666625

1, 0,039636 / 5,666625

0, 0,7474884 / 6,414114

1, 0,2999577 / 6,679152

0, 0,0805926 / 6,759745

1, 0,5469323 / 7,263679

2, 0,4693829 / 7,738967

1, 0,1267205 / 7,847876

2, 0,0850581 / 7,942739

1, 0,3176902 / 8,24413

0, 0,3659063 / 8,610037

1, 0,568138 / 9,145616

0, 0,4784664 / 9,624084

2, 0,0321417 / 9,624084

0, 0,1092371 / 9,733321

1, 0,6118369 / 10,30532

0, 0,0738713 / 10,37919

3, 0,0318411 / 10,37919

0, 0,0966262 / 10,47582

3, 0,2467103 / 10,69189

4, 0,028166 / 10,71986

2, 0,0727929 / 10,79211

5, 0,2718988 / 10,96678

2, 0,0311556 / 11,00472

5, 0,1068749 / 11,10634

1, 0,6216329 / 11,73931

0, 0,1096322 / 11,84894

3, 0,1300289 / 11,94635

0, 0,6874977 / 12,63385

2, 0,0311102 / 12,63385

1, 0,7702079 / 13,40347

0, 1,003331 / 14,4068

1, 1,347094 / 15,71801

0, 0,1988673 / 15,91688

1, 0,3424603 / 16,23277

0, 0,0701283 / 16,3029

5, 0,230701 / 16,8211

2, 0,9593316 / 17,22371

0, 0,0556936 / 17,27941

1, 0,9772098 / 18,23315

0, 0,3871793 / 18,62033

1, 0,0573639 / 18,64683

0, 0,3430426 / 18,98987

3, 0,0557458 / 19,06383

0, 0,6408872 / 19,70472

2, 0,6189349 / 20,29632

0, 0,0629915 / 20,35931

1, 0,3233535 / 20,64471

0, 0,1325155 / 20,77722

4, 0,3452222 / 21,07837

0, 0,0544188 / 21,13279

3, 0,3427505 / 21,46137

0, 0,0866904 / 21,54806

1, 0,5600245 / 22,0966

0, 0,4908889 / 22,58749

3, 0,2060674 / 22,74802

0, 0,0520529 / 22,80007

1, 1,097392 / 23,88223

0, 0,1088794 / 23,99111

1, 0,0334564 / 23,99111

0, 1,959826 / 25,95093

2, 1,356591 / 27,25521

0, 0,4822238 / 27,73743

1, 0,6272088 / 28,34336

0, 0,1353495 / 28,47871

3, 1,009068 / 29,42929

0, 1,423145 / 30,85244

3, 0,0290234 / 30,85244

0, 0,2715915 / 31,12403

1, 0,7690956 / 31,85373

0, 0,0644209 / 31,91815

1, 0,0644209 / 31,95051

0, 0,5593208 / 32,50983

1, 0,3062266 / 32,77781

0, 0,3845433 / 33,16235

2, 0,0385287 / 33,16235

0, 0,2202102 / 33,38256

1, 0,8271527 / 34,16304

0, 0,9702824 / 35,13333

1, 1,044172 / 36,13766

2, 0,7358676 / 36,86059

0, 0,0769621 / 36,93755

1, 0,3632672 / 37,2617

2, 0,4682072 / 37,72161

1, 0,9113942 / 38,63509

0, 0,3443854 / 38,97948

2, 0,0334228 / 38,97948

1, 0,9096432 / 39,87414

0, 0,1171032 / 39,99124

4, 0,084713 / 40,03147

0, 0,2875114 / 40,31898

2, 0,0354609 / 40,31898

0, 0,5886259 / 40,90761

1, 2,163926 / 43,04774

2, 0,9703249 / 44,00643

4, 2,226465 / 46,23699

0, 0,6281657 / 46,86515

6, 1,046962 / 47,87971

7, 0,1544136 / 48,02798

6, 0,0361771 / 48,06318

7, 0,4000314 / 48,46951

0, 0,0840353 / 48,55354

7, 0,0446074 / 48,55354

0, 0,3930954 / 48,94664

6, 0,1547091 / 49,04969

7, 0,0726079 / 49,13307

0, 0,09545951 / 49,22853

6, 0,1754684 / 49,35048

0, 0,1694023 / 49,51988

6, 0,042153 / 49,51988

0, 0,794098 / 50,31398

1, 5,06087 / 55,335

0, 0,1162642 / 55,45126

3, 0,028921 / 55,45126

StartAnim : touchMagazine / 58,89036

0, 4,222623 / 59,67388

4, 0,0878472 / 59,73259

0, 1,018036 / 60,75063

1, 2,156506 / 62,86217

2, 0,0375102 / 62,89135

0, 0,0704675 / 62,96181

3, 0,0429006 / 62,96181

0, 0,4005691 / 63,36238

2, 0,3131327 / 63,66244

5, 0,4351119 / 63,77601

4, 0,288298 / 63,9561

5, 0,030089 / 63,9561

1, 0,7532109 / 64,69559

2, 0,0352223 / 64,73786

1, 0,821816 / 65,54851

0, 0,0707022 / 65,61921

2, 0,0355561 / 65,61921

4, 0,4178206 / 66,03181

2, 0,0299287 / 66,06643

4, 0,0809971 / 66,14964

1, 0,6405442 / 66,79098

**********------------scene2------------**********

0, 1,202846 / 0,0836124

3, 0,2461093 / 0,283924

0, 0,5136618 / 0,7975858

3, 0,174929 / 0,9346294

0, 0,2637085 / 1,198338

3, 0,4709618 / 1,626669

0, 0,0818902 / 1,708559

1, 0,1115049 / 1,765041

0, 0,1274123 / 1,892454

1, 0,602593 / 2,466275

2, 0,23634 / 2,706889

5, 0,4104731 / 3,111041

4, 0,4124667 / 3,520136

0, 0,0620233 / 3,582159

4, 0,1040524 / 3,650999

0, 0,0837161 / 3,734715

4, 0,0503657 / 3,734715

0, 0,2872892 / 4,022004

3, 0,5692866 / 4,550761

0, 0,0759431 / 4,626704

3, 0,0759431 / 4,65227

1, 0,6529549 / 5,313782

0, 0,0823205 / 5,396102

3, 0,1145253 / 5,470162

0, 0,2044139 / 5,674577

3, 0,2715527 / 5,902266

0, 0,4767105 / 6,378976

1, 0,1220363 / 6,452222

0, 0,1817523 / 6,633975

1, 0,178001 / 6,787287

0, 0,4319105 / 7,219197

1, 0,2450489 / 7,425209

0, 1,008169 / 8,433377

1, 0,8237901 / 9,234206

0, 0,1983023 / 9,432508

1, 0,6540405 / 10,04954

0, 0,0792438 / 10,12879

3, 0,3712323 / 10,44774

0, 0,0833939 / 10,53114

1, 0,4821711 / 10,99773

0, 0,6265879 / 11,62432

3, 0,2942214 / 11,8645

0, 0,0553371 / 11,91984

3, 0,2561809 / 12,14895

0, 0,0562686 / 12,20522

2, 0,0278024 / 12,20522

1, 0,4984909 / 12,70908

0, 0,7818863 / 13,49097

2, 1,356159 / 14,82208

0, 0,0531357 / 14,87522

1, 0,8276222 / 15,67601

0, 0,0594756 / 15,73548

3, 0,0594756 / 15,76344

0, 1,925733 / 17,68918

1, 0,5595806 / 18,23386

0, 4,326822 / 22,56069

3, 0,8680107 / 23,40337

0, 4,158529 / 27,56191

2, 0,0255455 / 27,56191

1, 0,0296448 / 27,60259

0, 0,0571487 / 27,65974

1, 1,005481 / 28,63719

0, 0,2791417 / 28,91633

3, 0,0330866 / 28,91633

0, 0,7181243 / 29,63445

2, 0,0284127 / 29,63445

0, 0,7258999 / 30,36035

1, 0,6697243 / 31,00593

0, 0,7996705 / 31,8056

1, 0,3186932 / 32,095

0, 0,09797621 / 32,19297

3, 1,162576 / 33,31537

0, 0,244548 / 33,55991

2, 0,0531807 / 33,59978

1, 0,07597379 / 33,66229

0, 0,3328185 / 33,99511

1, 0,4817604 / 34,44627

0, 1,001383 / 35,44766

1, 0,401177 / 35,82119

StartAnim : shortLook / 38,80488

0, 3,012109 / 38,83332

**********------------scene3------------**********

1, 2,425009 / 0,0248146

0, 0,8291077 / 0,8539222

3, 0,2908865 / 1,109244

0, 0,0839447 / 1,193189

1, 0,5475066 / 1,708565

4, 0,0232339 / 1,738492

5, 0,0299267 / 1,773856

0, 0,0800764 / 1,853932

5, 0,1155303 / 1,937586

2, 0,6840477 / 2,593817

0, 0,0605924 / 2,65441

1, 0,2590914 / 2,883539

0, 0,4243705 / 3,307909

3, 0,1971668 / 3,482881

0, 0,0871267 / 3,570008

1, 1,743714 / 5,282809

0, 0,1103435 / 5,393153

1, 0,0312054 / 5,393153

4, 0,0227857 / 5,426051

0, 0,0567333 / 5,482784

4, 0,037842 / 5,482784

1, 0,0456589 / 5,538344

0, 0,059737 / 5,598081

1, 0,0368415 / 5,598081

4, 0,0228955 / 5,632421

5, 0,066569 / 5,694519

4, 0,0914993 / 5,7813

0, 0,1134526 / 5,894752

2, 0,2876329 / 6,154377

0, 0,0545903 / 6,208967

1, 0,0545903 / 6,24028

2, 0,0583463 / 6,299475

1, 1,457245 / 7,753143

0, 0,0562487 / 7,809391

3, 0,2283898 / 8,016943

0, 0,049049 / 8,065992

3, 0,0215617 / 8,065992

0, 0,1755806 / 8,241574

3, 0,3094116 / 8,526896

0, 0,0529905 / 8,579887

3, 0,08461601 / 8,64558

1, 0,3696884 / 9,009373

0, 0,1022856 / 9,111658

1, 0,0947143 / 9,169008

0, 1,284706 / 10,45372

1, 0,3108969 / 10,7416

0, 0,0575322 / 10,79913

1, 0,0575322 / 10,83077

0, 0,1635373 / 10,9943

1, 0,1170756 / 11,08415

0, 0,112559 / 11,19671

3, 0,2829687 / 11,45434

0, 0,0537216 / 11,50806

3, 0,0840358 / 11,56658

0, 0,1719994 / 11,73857

1, 0,4161773 / 12,14044

0, 0,1997784 / 12,34021

2, 0,1402836 / 12,45373

0, 0,1181474 / 12,57188

3, 0,3730614 / 12,90751

0, 0,0654991 / 12,97301

3, 0,0369211 / 12,97301

2, 0,028578 / 13,0041

1, 5,051814 / 18,05356

0, 0,0569723 / 18,11053

1, 0,0837078 / 18,17158

0, 0,6249474 / 18,79654

2, 0,0589559 / 18,82596

0, 0,0564123 / 18,88238

1, 0,1756133 / 19,03987

0, 0,0878591 / 19,12773

3, 0,3451548 / 19,4386

0, 0,0556331 / 19,49424

1, 0,2556603 / 19,72943

0, 0,0508556 / 19,78029

1, 0,3686785 / 20,13013

0, 0,4519903 / 20,58212

1, 0,9720538 / 21,53026

0, 0,0528256 / 21,58309

1, 0,1686468 / 21,73398

0, 0,5643281 / 22,29831

3, 0,1801226 / 22,44127

0, 0,0524861 / 22,49376

4, 0,0524861 / 22,52548

5, 0,0218335 / 22,52548

0, 0,2044881 / 22,72996

4, 0,3999325 / 23,09711

0, 1,766238 / 24,86335

2, 0,0291671 / 24,86335

0, 0,1281495 / 24,9915

1, 3,225891 / 28,18338

0, 0,0826784 / 28,26606

4, 0,8105147 / 29,05244

0, 0,5708665 / 29,62331

3, 0,1426057 / 29,73728

0, 0,0575069 / 29,79479

3, 0,0575069 / 29,82216

5, 0,0889388 / 29,93642

2, 0,3968661 / 30,22576

0, 0,0601115 / 30,28588

2, 0,0300082 / 30,28588

1, 1,407684 / 31,69586

0, 0,0539851 / 31,74985

2, 0,3422775 / 32,06423

3, 0,2570667 / 32,32454

5, 0,5979783 / 32,66429

0, 0,1806855 / 32,84497

5, 0,029285 / 32,84497

StartAnim : armStretch / 32,84497

2, 0,4003502 / 33,23724

1, 0,5609828 / 33,79543

2, 0,6254503 / 34,42238

0, 0,0601441 / 34,48252

1, 0,5723495 / 35,02224

2, 0,0275067 / 35,0522

0, 0,696914 / 35,74911

2, 0,0543512 / 35,78034

StartAnim : longLook / 37,10073

StartAnim : handSalute / 37,40844

1, 2,375326 / 38,15343

2, 0,0290081 / 38,18071

0, 0,2297659 / 38,41048

4, 0,3757737 / 38,74824

0, 0,0612576 / 38,80949

2, 0,032643 / 38,80949

1, 0,9702253 / 39,78162

0, 0,0548049 / 39,83643

1, 0,9434223 / 40,7498

0, 0,3439148 / 41,09372

2, 0,0271455 / 41,09372

StartAnim : faceSmile / 41,6101

1, 9,486869 / 50,57924

2, 2,612103 / 53,19285

0, 0,2570015 / 53,44985

4, 0,3468678 / 53,77262

0, 0,0464401 / 53,81906

3, 0,5750636 / 54,3779

0, 0,8164276 / 55,19432

1, 2,632972 / 57,79069

2, 0,3395716 / 58,13668

StartAnim : LongLook / 58,39132

1, 3,742831 / 61,88111

2, 0,031904 / 61,90808

1, 0,3689981 / 62,28516

0, 0,0802541 / 62,36541

3, 0,4009942 / 62,73639

0, 0,0560712 / 62,79246

4, 0,0560712 / 62,8244

5, 0,0259487 / 62,8244

StartAnim : CaresseEntreCuisse / 62,85491

0, 0,0605727 / 62,88498

2, 0,2252775 / 63,08081

0, 0,0542364 / 63,13505

4, 0,5003874 / 63,60845

0, 0,0541983 / 63,66265

1, 1,383743 / 65,02054

2, 0,457307 / 65,48178

1, 0,9839472 / 66,46182

0, 0,0652526 / 66,52708

1, 0,0321167 / 66,52708

0, 0,0583044 / 66,58538

1, 0,7683057 / 67,32404

2, 0,0286591 / 67,35001

0, 0,0614727 / 67,41148

StartAnim : faceSmile / 68,41035

4, 1,627408 / 69,01039

0, 0,0865835 / 69,09698

2, 0,1999184 / 69,26103

1, 0,7980435 / 70,06319

0, 0,0670678 / 70,13026

**********------------scene4------------**********

1, 1,973696 / 0,0427454

0, 0,695402 / 0,7381474

6, 0,0278102 / 0,7381474

0, 0,2175391 / 0,9556866

5, 0,0253186 / 0,9556866

2, 0,7272696 / 1,68204

StartAnim : LongLook / 2,493624

1, 0,8429139 / 2,523545

StartAnim : HandSalute / 2,783773

2, 0,3752985 / 2,89618

1, 0,4074445 / 3,292379

5, 0,2870632 / 3,647367

2, 0,8586617 / 4,163549

1, 0,4315529 / 4,598076

0, 0,0518558 / 4,649932

1, 0,0518558 / 4,683134

StartAnim : SitCrossLegs / 4,683134

0, 0,3937579 / 5,076892

2, 0,2333279 / 5,296746

5, 0,7986337 / 6,096112

0, 0,1396827 / 6,235795

5, 0,1408297 / 6,351957

2, 0,2600718 / 6,608604

1, 0,4394158 / 7,035864

2, 0,25775 / 7,291057

5, 0,5745164 / 7,876847

2, 0,7961488 / 8,662843

0, 0,3140904 / 8,976933

7, 0,1462954 / 9,108599

0, 0,0437359 / 9,152335

7, 0,0252215 / 9,152335

6, 0,0185144 / 9,185494

7, 0,1114482 / 9,279842

0, 0,0552462 / 9,335089

7, 0,1885538 / 9,491083

2, 0,4366998 / 9,921269

1, 0,2912714 / 10,2205

4, 0,0288913 / 10,93641

2, 1,196297 / 11,41937

1, 0,7571608 / 12,17871

4, 0,0288787 / 12,2011

2, 0,488522 / 12,66229

0, 0,0865066 / 12,7488

2, 0,0683072 / 12,79427

0, 0,4392013 / 13,23347

1, 0,3573891 / 13,56201

5, 0,2312003 / 14,08049

2, 0,635004 / 14,17666

5, 0,0742888 / 14,17666

StartAnim : LongLook / 14,26417

1, 1,723329 / 15,90651

2, 0,0284062 / 15,93398

0, 0,2410329 / 16,17501

4, 0,0527944 / 16,70837

5, 0,7731177 / 16,93291

2, 3,785125 / 20,57546

StartAnim : EyeBlink / 21,87588

2, 0,0303107 / 23,33486

1, 3,711417 / 24,27687

2, 0,0143176 / 24,30573

1, 0,8875276 / 25,1934

2, 0,0290103 / 25,22083

2, 0,0445203 / 26,4633

1, 1,412587 / 26,63674

0, 0,7835701 / 27,42031

2, 0,0418387 / 27,45094

0, 0,066691 / 27,51763

1, 0,0153543 / 27,51763

0, 0,4304224 / 27,94804

1, 0,99124 / 28,92136

1, 0,1182181 / 29,0614

2, 0,4252363 / 29,23343

StartAnim : OpenLegs / 29,93704

1, 1,511821 / 30,64909

5, 0,4411034 / 31,47581

2, 1,509728 / 32,16377

1, 5,071411 / 37,21803

0, 0,2868805 / 37,50491

1, 1,058695 / 38,53355

StartAnim : touchCouchInvite / 38,97513

2, 0,7147545 / 39,26014

1, 0,0498143 / 39,3049

2, 0,3520321 / 39,66132

0, 0,1339314 / 39,79525

5, 0,5154895 / 40,28266

StartAnim : FaceSmile / 40,77946

0, 0,7981458 / 41,08081

2, 0,0340711 / 41,10613

1, 6,353293 / 47,45909

2, 0,0471072 / 47,5026

1, 1,563898 / 49,0593

0, 0,2904342 / 49,34974

5, 0,122407 / 49,44852

**********------------scene5------------**********

2, 2,92645 / 0,0297773

0, 0,8002797 / 0,830057

2, 0,3884286 / 1,186811

4, 0,0297062 / 1,298649

5, 0,207131 / 1,39888

2, 0,0308723 / 1,429729

0, 0,0582035 / 1,487932

1, 0,2589296 / 1,716208

2, 0,0275499 / 1,747411

5, 1,359013 / 3,097943

2, 0,0796916 / 3,139616

1, 0,1730982 / 3,334987

2, 0,0370302 / 3,3635

1, 0,7601191 / 4,113949

0, 0,0833511 / 4,197301

1, 0,0790636 / 4,256975

0, 1,089489 / 5,346463

1, 0,8744738 / 6,186103

0, 0,9994876 / 7,185591

2, 0,0455914 / 7,208819

0, 0,0452037 / 7,254024

1, 0,3626173 / 7,596492

0, 0,3173365 / 7,913829

3, 0,1260292 / 8,013931

0, 0,0426598 / 8,056591

2, 0,9851922 / 9,028282

1, 0,6406177 / 9,65684

StartAnim : ShortLook / 9,683353

StartAnim : FaceSmile / 10,64494

0, 1,127116 / 10,78396

2, 0,1009495 / 10,85593

1, 0,4034579 / 11,21462

2, 0,551374 / 11,75984

0, 0,0423471 / 11,80219

2, 0,0719649 / 11,85379

0, 5,817558 / 17,67134

1, 0,0831178 / 17,71226

0, 0,044398 / 17,75666

1, 0,5840793 / 18,31327

2, 0,0169283 / 18,3388

0, 0,0431484 / 18,38195

3, 0,0251435 / 19,1261

5, 0,7607741 / 19,1261

0, 0,1741367 / 19,30023

5, 0,045939 / 19,32767

StartAnim : OpenLegs / 20,13897

0, 1,571607 / 20,89929

5, 0,0277893 / 20,89929

0, 0,201482 / 21,10077

5, 0,3098153 / 21,38358

0, 0,1742487 / 21,55783

5, 0,3166559 / 21,85301

2, 0,0211139 / 21,87477

3, 0,1342528 / 22,01579

5, 0,1342528 / 22,01579

1, 0,3707181 / 22,38707

0, 0,0534895 / 22,44056

StartAnim : TouchCouchInvite / 22,44056

1, 0,0534895 / 22,47976

0, 0,2172079 / 22,69696

5, 0,0189753 / 22,69696

StartAnim : LongLook / 22,98251

0, 0,3062263 / 23,00319

3, 0,0270326 / 23,00319

5, 0,0477172 / 23,04282

2, 0,0396232 / 23,07077

StartAnim : FaceSmile / 23,38247

1, 3,010059 / 26,0701

0, 0,0688499 / 26,13895

3, 0,0169042 / 26,13895

0, 0,3442754 / 26,48322

3, 0,2317955 / 26,69876

5, 0,13001 / 26,69876

0, 0,8561136 / 27,55487

5, 0,0639308 / 27,59761

0, 0,1181712 / 27,71578

1, 0,9269984 / 28,60975

0, 0,0856025 / 28,69535

1, 0,09066601 / 28,76731

0, 0,7286744 / 29,49599

3, 0,0165579 / 29,49599

4, 0,2442352 / 30,91411

4, 0,08836789 / 31,03002

StartAnim : PenisTouch / 31,7575

4, 0,0276447 / 32,16773

5, 2,669962 / 32,16773

2, 0,0552037 / 32,20008

StartAnim : ShortLook / 32,38043

1, 0,3864986 / 32,57985

2, 0,0738361 / 32,65185

4, 0,0456618 / 32,69903

5, 0,9299844 / 33,58694

0, 1,467037 / 35,05399

StartAnim : CloseEyes / 35,05399

4, 0,7433187 / 35,79778

5, 0,7833583 / 35,82969

2, 0,0578233 / 35,88257

1, 1,170785 / 37,05378

StartAnim : OpenEyes / 37,89695

StartAnim : StartErect / 38,19523

0, 2,02789 / 39,08168

4, 0,0296392 / 39,08168

5, 0,0838368 / 39,14722

0, 0,1489554 / 39,29617

4, 0,0249048 / 39,32253

5, 0,0815351 / 39,34311

0, 0,3803792 / 39,72349

5, 0,0169036 / 39,72349

0, 0,0849197 / 39,80841

4, 0,0425412 / 41,33845

5, 1,557503 / 41,33845

2, 0,0267049 / 41,36959

5, 0,0311418 / 41,39737

2, 0,0277698 / 41,42305

1, 0,6158053 / 42,03712

2, 0,0239602 / 42,06409

StartAnim : CloseEyes / 43,01155

1, 1,700687 / 43,75492

0, 0,0829218 / 43,83784

1, 0,3445208 / 44,16995

StartAnim : OpenEyes / 44,5708

0, 1,944075 / 46,11404

StartAnim : CloseEyes / 47,9227

1, 2,327722 / 48,40976

0, 0,4882681 / 48,89803

2, 0,0261524 / 48,89803

StartAnim : OpenEyes / 50,2816

StartAnim : StopTouchPenis / 50,75403

1, 2,156523 / 51,05562

2, 0,0290712 / 51,082

0, 0,0725085 / 51,15451

5, 0,155192 / 51,29376

StartAnim : TouchCouchInvite / 51,7261

0, 1,163477 / 52,45725

3, 0,0332948 / 52,45725

0, 1,854811 / 54,31207

2, 0,0847488 / 54,37081

**********------------scene6------------**********

0, 0,0893646 / 0,0256373

2, 0,0315631 / 0,0256373

0, 0,3300125 / 0,3556498

StartAnim : OpenLegs / 0,7131546

3, 0,2456163 / 0,7400189

3, 0,0601492 / 0,8263354

5, 0,8891558 / 1,214584

2, 0,5239711 / 1,497387

1, 0,2378581 / 1,733113

2, 1,087018 / 2,811792

5, 1,601447 / 3,759044

2, 0,0312811 / 3,78278

5, 0,0538666 / 3,848814

1, 0,6277875 / 4,466317

0, 2,103591 / 6,569908

StartAnim : LongLook / 6,86595

StartAnim : StartTouchPenis / 6,894482

4, 0,4584575 / 7,000836

5, 0,4584575 / 7,000836

2, 0,0287687 / 7,053225

1, 0,7964312 / 7,826213

2, 0,0289464 / 7,852825

0, 0,0425841 / 7,895409

4, 1,013324 / 8,882935

5, 1,013324 / 8,882935

2, 0,0167826 / 8,919436

StartAnim : CloseEyes / 10,02534

1, 1,744648 / 10,65234

2, 0,5730909 / 11,22385

0, 0,2410301 / 11,46488

2, 0,2015283 / 11,65985

StartAnim : OpenEyes / 11,96832

1, 2,52712 / 14,17986

0, 0,3023341 / 14,4822

2, 0,3393895 / 14,81078

0, 0,0532083 / 14,86399

1, 0,6297405 / 15,46639

0, 0,0690062 / 15,53539

2, 0,9563136 / 16,48241

0, 0,059693 / 16,5421

1, 0,1571644 / 16,66555

0, 0,4858581 / 17,15141

StartAnim : CloseEyes / 19,21424

1, 2,190922 / 19,32688

0, 0,0835588 / 19,41044

1, 0,1430218 / 19,53001

0, 0,1717165 / 19,70173

1, 0,0612268 / 19,73503

StartAnim : OpenEyes / 21,82172

0, 3,861299 / 23,59633

2, 0,0232303 / 23,59633

0, 0,0583633 / 23,65469

1, 0,6261244 / 24,23946

0, 0,054906 / 24,29437

1, 0,054906 / 24,32678

StartAnim : CloseEyes / 24,62079

StartAnim : FastPenisTouch / 26,83847

StartAnim : OpenEyes / 26,95287

0, 3,996455 / 28,32324

StartAnim : CloseEyes / 28,59459

StartAnim : OpenEyes / 29,50805

1, 1,248181 / 29,55102

StartAnim : CloseEyes / 31,02034

StartAnim : OpenEyes / 32,76775

StartAnim : PenisEjac / 33,3531

0, 3,827216 / 33,37825

1, 0,7803442 / 34,13769

2, 0,0293293 / 34,16742

4, 0,0990059 / 34,28233

4, 0,0895403 / 34,44443

3, 0,0177057 / 34,51228

3, 0,0581105 / 34,59749

5, 0,4327011 / 34,59749

0, 0,1551689 / 34,75266

4, 0,0188762 / 34,75266

StartAnim : StopTouchPenis / 36,39455

0, 2,443199 / 37,19587

StartAnim : DeErect / 37,2272

5, 0,2969413 / 37,46469

0, 0,0445125 / 37,5092

5, 0,0445125 / 37,53682

0, 0,2429823 / 37,77981

5, 0,1085452 / 37,86789

0, 0,0556707 / 37,92355

5, 0,142913 / 38,04166

0, 0,9835433 / 39,0252

5, 0,2586889 / 39,25589

3, 0,0279495 / 39,28472

0, 0,0601011 / 39,34482

5, 0,0899402 / 39,39795

0, 0,62909 / 40,02705

3, 0,0308555 / 40,02705

5, 0,0308555 / 40,02705

0, 0,0659741 / 40,09302

5, 0,5537166 / 40,6059

**********------------Fin_Relaxation------------**********

