**********------------scene1------------**********

0, 0,3368227 / 0,3368227

1, 0,1419702 / 0,4224469

0, 0,9989291 / 1,421376

1, 0,8458235 / 2,217445

0, 0,1121556 / 2,329601

1, 0,1152214 / 2,406455

0, 0,8268582 / 3,233313

1, 0,0372913 / 3,233313

0, 0,0905603 / 3,323873

1, 0,7255863 / 3,992574

0, 0,5378057 / 4,53038

3, 0,0392541 / 4,53038

0, 0,1867397 / 4,71712

3, 0,0980266 / 4,770196

1, 4,139609 / 8,914335

0, 1,372187 / 10,28652

1, 0,1533479 / 10,40014

0, 0,1772148 / 10,57735

1, 1,326761 / 11,86485

0, 0,8812943 / 12,74615

1, 1,400173 / 14,11977

0, 1,802914 / 15,92268

3, 0,0461959 / 15,92268

1, 0,1650935 / 16,08853

0, 0,0808167 / 16,16934

3, 0,0413938 / 16,16934

0, 0,1592474 / 16,32859

1, 0,1362203 / 16,42503

0, 0,1364972 / 16,56153

3, 0,6544662 / 17,19201

0, 0,0728766 / 17,26489

1, 0,5791646 / 17,81508

0, 0,6588066 / 18,47388

1, 2,061531 / 20,5023

3, 0,0412437 / 20,52974

0, 0,1035435 / 20,63329

3, 0,0362547 / 20,63329

0, 0,1018176 / 20,73511

2, 0,1474855 / 20,84445

0, 0,6306745 / 21,47513

2, 0,7029424 / 22,14418

0, 0,3308579 / 22,47504

3, 0,3908467 / 22,83436

0, 0,385558 / 23,21992

1, 0,4663244 / 23,64386

0, 0,0687837 / 23,71264

1, 0,059322 / 23,92825

3, 0,3518096 / 24,03072

0, 0,1892691 / 24,21999

1, 0,2525924 / 24,65553

1, 0,0581826 / 24,79106

3, 0,8904115 / 25,08064

1, 0,5427617 / 25,37397

3, 0,2531831 / 25,37397

0, 0,1709893 / 25,54496

1, 0,1610257 / 25,66191

3, 0,1977338 / 25,85956

0, 0,2138744 / 26,07343

3, 0,3888525 / 26,41233

0, 0,0996264 / 26,51196

1, 0,9418744 / 27,43962

0, 0,1801385 / 27,61976

3, 0,0328783 / 27,61976

0, 0,145776 / 27,76553

1, 0,3736141 / 28,10954

0, 1,467421 / 29,57697

1, 0,1437915 / 29,69526

0, 0,7202306 / 30,4155

3, 0,0281651 / 30,4155

0, 1,47816 / 31,89366

1, 0,4241519 / 32,27222

2, 0,6166334 / 32,87467

0, 0,5898578 / 33,46452

1, 0,3109361 / 33,73764

0, 0,571279 / 34,30892

1, 0,4254935 / 34,68624

2, 0,0394728 / 34,72535

0, 0,7339932 / 35,45933

1, 0,6071185 / 36,03742

0, 0,8350323 / 36,87246

2, 0,329636 / 37,15951

1, 0,4141344 / 37,57485

0, 0,6245922 / 38,19945

1, 0,7083978 / 38,87516

0, 0,2281925 / 39,10336

1, 0,4604334 / 39,51516

0, 1,627019 / 41,14218

1, 0,5954691 / 41,6855

0, 0,5722365 / 42,25775

1, 1,112517 / 43,32596

0, 0,2193538 / 43,54531

2, 0,6966781 / 44,20029

1, 0,6684635 / 44,87371

0, 0,9566625 / 45,83038

1, 0,168855 / 45,95979

0, 0,1451045 / 46,10489

1, 0,9049947 / 46,98554

0, 0,8444338 / 47,82998

1, 1,600174 / 49,39157

0, 0,6206613 / 50,01224

1, 3,070061 / 53,03929

0, 0,6814261 / 53,72071

2, 0,7017376 / 54,39048

1, 1,542972 / 55,94339

0, 0,7741718 / 56,71756

1, 0,656646 / 57,34272

0, 0,6447434 / 57,98747

StartAnim : touchMagazine / 58,90012

1, 1,386338 / 59,35727

0, 0,1185143 / 59,47578

1, 0,0389182 / 59,47578

0, 0,1978047 / 59,67358

5, 0,1258305 / 60,76016

2, 1,251824 / 60,88975

5, 0,0836612 / 60,93227

0, 3,974306 / 64,90656

2, 1,23447 / 66,0839

0, 0,3928844 / 66,47679

1, 0,7958401 / 67,21926

0, 0,4941825 / 67,71344

**********------------scene2------------**********

1, 0,2527977 / 0,0316345

0, 2,48496 / 2,516595

1, 0,1986054 / 2,67252

0, 0,7288833 / 3,401403

1, 0,0900072 / 3,45225

0, 0,5940614 / 4,046311

2, 0,0261122 / 4,046311

0, 0,5189602 / 4,56527

2, 0,2578376 / 4,766611

3, 0,4900246 / 5,276064

0, 0,1793294 / 5,455393

2, 0,633624 / 6,056149

0, 0,9023142 / 6,958463

3, 0,3005031 / 7,204991

0, 0,9483806 / 8,153373

1, 0,0151961 / 8,153373

0, 0,2917494 / 8,445123

1, 0,07571951 / 8,474293

0, 0,8560326 / 9,330326

3, 0,0587023 / 9,367391

0, 1,081611 / 10,449

1, 0,2113245 / 10,62047

0, 0,4497982 / 11,07027

1, 0,1119705 / 11,15407

0, 1,664847 / 12,81891

1, 1,326941 / 14,13235

0, 1,903991 / 16,03634

1, 1,060296 / 17,0254

0, 0,6997095 / 17,72511

3, 0,1545184 / 17,84276

0, 0,5056764 / 18,34844

3, 0,4418061 / 18,75742

0, 0,081739 / 18,83916

3, 0,0251263 / 18,83916

0, 0,8034472 / 19,64261

1, 0,5344067 / 20,13905

0, 0,3581316 / 20,49718

1, 1,081911 / 21,5535

0, 1,289107 / 22,84261

1, 0,4529624 / 23,25546

0, 1,553307 / 24,80877

1, 0,5945419 / 25,35961

2, 0,5334654 / 25,91146

0, 0,1048065 / 26,01626

2, 0,1998117 / 26,15237

1, 0,5650591 / 26,71395

0, 0,8975228 / 27,61148

1, 0,4157783 / 27,98856

0, 0,2119678 / 28,20053

1, 0,1311572 / 28,29975

0, 0,225539 / 28,52528

1, 0,2686723 / 28,74266

0, 0,7135324 / 29,45619

1, 0,360463 / 29,80069

0, 2,202817 / 32,00351

2, 0,0648446 / 32,04335

0, 1,369026 / 33,41238

3, 0,2620329 / 33,65252

0, 0,116833 / 33,76936

1, 4,156365 / 37,89373

0, 0,601486 / 38,49523

2, 0,0377932 / 38,49523

1, 0,1405372 / 38,64379

0, 0,0664332 / 38,71022

1, 0,1284164 / 38,79929

StartAnim : shortLook / 38,86778

0, 0,4102685 / 39,20956

**********------------scene3------------**********

1, 2,085244 / 0,0300818

0, 0,0584991 / 0,0885809

1, 0,2374472 / 0,2903985

0, 0,9586904 / 1,249089

1, 0,8024431 / 2,014884

2, 0,0231729 / 2,044637

0, 0,0594617 / 2,104098

1, 0,1416683 / 2,216188

2, 0,0298831 / 2,247075

0, 0,0551578 / 2,302233

1, 0,227428 / 2,504778

0, 0,0526083 / 2,557386

2, 0,0526083 / 2,589562

0, 0,1126597 / 2,702222

2, 0,4063368 / 3,073872

0, 0,2351063 / 3,308979

1, 0,6195723 / 3,873118

0, 0,0853898 / 3,958508

3, 0,1107452 / 4,042473

0, 0,2317327 / 4,274207

1, 0,0883264 / 4,327741

0, 0,2003083 / 4,52805

3, 2,196953 / 6,702509

0, 0,2451809 / 6,94769

1, 0,5149738 / 7,431849

0, 1,340578 / 8,772428

1, 0,7683738 / 9,514442

0, 0,5912547 / 10,1057

3, 0,0339944 / 10,1057

0, 0,054863 / 10,16056

3, 0,054863 / 10,19664

0, 0,0754143 / 10,27205

3, 0,0242271 / 10,27205

0, 0,1596099 / 10,43166

3, 0,0708534 / 10,4636

0, 0,1131291 / 10,57673

3, 0,0905754 / 10,63294

0, 1,366671 / 11,99961

1, 2,052677 / 14,02812

0, 0,2067764 / 14,2349

1, 0,0322313 / 14,2349

0, 0,3118943 / 14,5468

1, 0,2022805 / 14,71222

0, 0,3727984 / 15,08502

3, 2,672992 / 17,72615

0, 0,8037231 / 18,52987

3, 0,2017059 / 18,69947

0, 0,3446532 / 19,04412

1, 0,283677 / 19,30318

0, 1,19698 / 20,50015

1, 0,6579006 / 21,12931

0, 0,0962242 / 21,22554

3, 0,5146799 / 21,70349

1, 0,5870613 / 22,28327

0, 0,8333239 / 23,11659

1, 1,026886 / 24,11397

0, 0,3429102 / 24,45688

3, 0,3715413 / 24,79869

0, 0,2314243 / 25,03012

3, 0,0241072 / 25,03012

0, 0,1625642 / 25,19268

3, 1,400717 / 26,55701

0, 0,232456 / 26,78947

1, 0,0299804 / 26,78947

0, 0,1657741 / 26,95524

1, 0,4572523 / 27,3847

0, 0,8037654 / 28,18846

1, 0,231195 / 28,39542

0, 0,2928542 / 28,68828

2, 0,0272579 / 28,68828

0, 1,251408 / 29,93969

2, 0,0148078 / 29,95725

0, 0,6691406 / 30,6264

2, 0,1712688 / 30,7696

1, 0,1435696 / 30,91826

StartAnim : armStretch / 32,82947

0, 2,829034 / 33,7473

2, 0,0599536 / 33,77024

0, 0,2609891 / 34,03123

2, 0,0628226 / 34,06113

5, 0,0299048 / 34,09041

2, 0,0823213 / 34,17027

0, 0,0567403 / 34,22701

1, 0,4294323 / 34,63026

2, 1,328165 / 35,95689

StartAnim : longLook / 37,10414

StartAnim : handSalute / 37,41404

1, 2,398805 / 38,35716

0, 0,6309705 / 38,98813

StartAnim : faceSmile / 41,60956

1, 4,483753 / 43,43984

0, 0,0632588 / 43,5031

1, 0,1529476 / 43,61517

0, 0,0857413 / 43,7009

1, 0,9467705 / 44,61146

2, 0,5684721 / 45,18521

0, 0,0660109 / 45,25122

1, 0,0290333 / 45,25122

0, 0,063108 / 45,31433

1, 0,0354297 / 45,31433

2, 0,1975313 / 45,51042

0, 0,0606019 / 45,57103

1, 1,087084 / 46,63127

0, 0,051018 / 46,68229

1, 3,294227 / 49,9554

0, 0,2337044 / 50,1891

1, 1,819614 / 51,96708

0, 6,444815 / 58,41189

StartAnim : LongLook / 58,41189

1, 2,173468 / 60,55348

0, 0,0592038 / 60,61268

StartAnim : CaresseEntreCuisse / 62,86816

1, 2,31469 / 62,89945

0, 1,18355 / 64,083

1, 0,2519907 / 64,31271

0, 0,3395304 / 64,65222

3, 0,0295777 / 64,65222

0, 0,2076895 / 64,8599

3, 0,0328086 / 64,8599

0, 0,108289 / 64,96819

3, 0,0551766 / 65,0001

0, 0,167355 / 65,16745

2, 0,1162672 / 65,25581

0, 0,1994815 / 65,45529

1, 1,200304 / 66,62524

0, 0,1174082 / 66,74266

2, 0,030354 / 66,74266

0, 0,0605576 / 66,80322

2, 0,025831 / 66,80322

0, 0,0779256 / 66,88115

2, 0,1108465 / 66,96934

0, 0,1104624 / 67,0798

2, 0,3132967 / 67,36858

0, 0,5746036 / 67,94318

StartAnim : faceSmile / 68,39694

1, 3,088213 / 70,99895

0, 0,1460476 / 71,145

**********------------scene4------------**********

1, 0,9433364 / 0,0511203

0, 0,5495042 / 0,6006246

1, 0,0625498 / 0,6215371

2, 0,7083892 / 1,340751

0, 0,0578957 / 1,398646

2, 0,3387835 / 1,707981

1, 0,0602303 / 1,766392

0, 0,4281868 / 2,194578

StartAnim : LongLook / 2,508974

1, 0,6426253 / 2,824289

StartAnim : HandSalute / 2,824289

0, 0,6713191 / 3,495608

2, 0,3758286 / 3,858367

5, 0,1161897 / 3,969975

2, 0,2957599 / 4,190724

1, 0,2517311 / 4,42631

StartAnim : SitCrossLegs / 4,697567

0, 1,524933 / 5,951244

7, 0,0287107 / 5,951244

0, 1,431437 / 7,382681

1, 0,1562822 / 7,540271

0, 0,9085907 / 8,44886

2, 0,5483003 / 8,984444

1, 0,2524125 / 9,226618

0, 0,1622381 / 9,388856

1, 0,0767089 / 9,443562

2, 0,0316439 / 9,470104

0, 0,4842471 / 9,954352

2, 0,0311813 / 9,954352

0, 0,3353344 / 10,28969

1, 0,1324564 / 10,40814

0, 0,0575561 / 10,4657

2, 0,0311431 / 10,4657

0, 0,0561281 / 10,52183

2, 0,0561281 / 10,54907

0, 0,07306279 / 10,62213

2, 0,1804147 / 10,76375

0, 2,663914 / 13,42766

2, 0,4421258 / 13,83678

StartAnim : LongLook / 14,31147

1, 2,173118 / 16,00744

0, 0,4038122 / 16,41125

2, 0,5856276 / 16,9495

0, 0,5491469 / 17,49864

2, 1,912483 / 19,38072

1, 1,785075 / 21,14833

0, 0,0594862 / 21,20782

StartAnim : EyeBlink / 21,89876

1, 2,385473 / 23,58147

0, 0,542676 / 24,12415

1, 0,0246509 / 24,12415

0, 0,2273926 / 24,35154

1, 1,113291 / 25,43408

0, 0,0754519 / 25,50953

1, 0,0734733 / 25,58271

2, 0,0317986 / 25,60831

1, 2,880967 / 28,49039

0, 0,072685 / 28,56307

StartAnim : OpenLegs / 29,96229

1, 2,034185 / 30,56423

2, 0,2769121 / 30,84989

0, 0,8569406 / 31,70683

2, 0,0130766 / 31,70683

0, 0,1977769 / 31,9046

1, 1,614332 / 33,4892

2, 0,0113847 / 33,51056

1, 5,263217 / 38,77944

StartAnim : touchCouchInvite / 39,00582

2, 0,4682172 / 39,24736

StartAnim : FaceSmile / 40,80653

0, 2,34563 / 41,59298

1, 0,0204361 / 41,59298

0, 0,1752639 / 41,76825

1, 3,313434 / 45,04712

2, 0,0521664 / 45,0936

1, 4,078301 / 49,18335

2, 0,0304862 / 49,20896

1, 1,396949 / 50,60519

2, 0,0248988 / 50,63581

1, 1,542586 / 52,181

2, 0,0332226 / 52,20486

**********------------scene5------------**********

1, 0,1431953 / 0,0313464

0, 0,8003277 / 0,8316741

1, 0,0580535 / 0,8589335

0, 0,0879434 / 0,9468769

2, 0,0281441 / 0,9468769

0, 0,0546859 / 1,001563

2, 0,4554442 / 1,437113

0, 0,3194915 / 1,756604

2, 0,2336002 / 1,948136

1, 1,1706 / 3,118689

2, 0,7152089 / 3,801129

0, 0,118513 / 3,919642

1, 1,344135 / 5,236064

0, 0,3119681 / 5,548032

1, 2,78872 / 8,301847

2, 0,0248473 / 8,321238

1, 0,06866311 / 8,392579

2, 0,0220677 / 8,414323

1, 0,0651875 / 8,474786

2, 0,0170194 / 8,49857

StartAnim : ShortLook / 9,658599

StartAnim : FaceSmile / 10,64335

1, 3,312376 / 11,80325

2, 0,0160893 / 11,82989

1, 2,360042 / 14,1902

2, 0,0269125 / 14,21852

0, 0,4976845 / 14,7162

2, 0,1901593 / 14,89959

1, 1,887149 / 16,79078

2, 0,5969023 / 17,38897

1, 2,116272 / 19,5034

2, 0,1173602 / 19,62653

0, 0,07610349 / 19,70263

2, 0,2889377 / 19,95793

0, 0,0435278 / 20,00146

2, 0,0616966 / 20,04973

StartAnim : OpenLegs / 20,1212

0, 0,355523 / 20,40525

2, 0,0320611 / 20,40525

0, 0,0563695 / 20,46162

2, 0,2408548 / 20,67888

0, 0,1804298 / 20,85931

5, 0,0254429 / 20,85931

5, 0,0425633 / 21,35799

3, 0,6248256 / 21,46088

0, 0,183072 / 21,64396

2, 0,4092756 / 22,03094

StartAnim : TouchCouchInvite / 22,4308

StartAnim : LongLook / 22,95861

StartAnim : FaceSmile / 23,3578

1, 4,182124 / 26,2037

0, 1,113559 / 27,31726

1, 1,824716 / 29,11901

0, 0,4403548 / 29,55936

2, 0,0860409 / 29,63036

0, 0,2003311 / 29,83069

2, 0,0166246 / 29,83069

0, 0,2281779 / 30,05887

1, 1,491028 / 31,518

StartAnim : PenisTouch / 31,74092

StartAnim : ShortLook / 32,37075

0, 1,372142 / 32,89013

2, 0,0139811 / 32,89013

0, 0,4324587 / 33,32258

4, 0,2703952 / 33,58905

5, 0,5307919 / 33,81609

2, 0,355066 / 34,17454

5, 0,2398603 / 34,41417

0, 0,0591737 / 34,47334

5, 0,1061616 / 34,54315

3, 0,2822672 / 34,83268

5, 0,1175106 / 34,94856

0, 0,1128526 / 35,06142

StartAnim : CloseEyes / 35,06142

2, 0,0592056 / 35,09737

1, 2,545992 / 37,62001

0, 0,0536892 / 37,67369

StartAnim : OpenEyes / 37,87998

StartAnim : StartErect / 38,17252

1, 2,141078 / 39,78832

2, 0,0272368 / 39,81626

0, 0,0605405 / 39,8768

3, 0,1158082 / 39,96041

0, 1,474779 / 41,43519

2, 0,0838446 / 41,48877

0, 0,1738803 / 41,66265

2, 0,0302978 / 41,66265

StartAnim : CloseEyes / 43,01153

1, 1,484531 / 43,14272

0, 0,2593635 / 43,40208

StartAnim : OpenEyes / 44,55455

1, 2,012053 / 45,40235

0, 0,5134256 / 45,91579

2, 1,04329 / 46,94376

0, 0,2180523 / 47,16182

StartAnim : CloseEyes / 47,90116

StartAnim : OpenEyes / 50,27402

1, 3,29503 / 50,44653

StartAnim : StopTouchPenis / 50,7564

0, 0,581591 / 51,02812

2, 0,2200618 / 51,2164

0, 0,231245 / 51,44764

StartAnim : TouchCouchInvite / 51,71442

1, 2,283981 / 53,70094

2, 0,0249515 / 53,73276

**********------------scene6------------**********

1, 0,714308 / 0,0308626

0, 0,198919 / 0,2297816

2, 0,3069075 / 0,5177398

0, 0,1732521 / 0,6909919

StartAnim : OpenLegs / 0,6909919

2, 1,080383 / 1,751618

5, 0,6479682 / 2,38949

0, 0,2349299 / 2,62442

2, 1,711162 / 4,304802

0, 0,0547 / 4,359502

3, 1,227395 / 5,548718

0, 1,254775 / 6,803494

5, 0,053852 / 6,839244

StartAnim : LongLook / 6,866251

StartAnim : StartTouchPenis / 6,893641

2, 0,2307222 / 7,070572

5, 0,0650289 / 7,096404

0, 0,082173 / 7,178576

3, 0,5354055 / 7,688845

5, 0,2262807 / 7,918851

0, 0,261909 / 8,18076

1, 0,3486187 / 8,491859

0, 0,5733023 / 9,065161

2, 0,623948 / 9,646092

StartAnim : CloseEyes / 10,03379

0, 0,5124401 / 10,15853

1, 0,8374766 / 10,96024

StartAnim : OpenEyes / 11,97911

0, 1,045333 / 12,00557

2, 0,1572272 / 12,12971

0, 0,4441222 / 12,57383

2, 0,3841922 / 12,9359

0, 0,9272875 / 13,86319

2, 0,5107329 / 14,34468

3, 0,0754355 / 14,43424

0, 1,169199 / 15,60344

3, 0,205311 / 15,81744

0, 0,0484428 / 15,86588

2, 0,4114445 / 16,24361

4, 0,1137967 / 16,44779

5, 0,3147349 / 16,56085

3, 0,1297154 / 16,68833

0, 0,071393 / 16,75972

3, 0,1009562 / 16,84303

0, 0,0427879 / 16,88582

3, 0,0704789 / 16,92796

0, 0,0481615 / 16,97612

3, 0,4187547 / 17,37756

0, 0,0977719 / 17,47533

5, 0,0162042 / 17,47533

3, 0,02957 / 17,51659

4, 0,0836037 / 17,59024

5, 0,0836037 / 17,59024

0, 0,2143143 / 17,80455

1, 0,5425863 / 18,31668

StartAnim : CloseEyes / 19,2028

0, 1,785816 / 20,1025

1, 0,023843 / 20,1025

0, 0,132994 / 20,23549

1, 0,0244574 / 20,23549

StartAnim : OpenEyes / 21,84431

0, 3,892316 / 24,12782

1, 0,1027547 / 24,2283

0, 0,0565475 / 24,28485

2, 0,3404668 / 24,61934

StartAnim : CloseEyes / 24,6422

0, 0,0478833 / 24,66722

2, 1,00004 / 25,64387

1, 0,140581 / 25,78589

StartAnim : FastPenisTouch / 26,82926

StartAnim : OpenEyes / 26,96173

0, 1,457058 / 27,24294

2, 0,1229838 / 27,33243

0, 0,2565375 / 27,58896

2, 0,4454032 / 28,01771

0, 0,0911784 / 28,10888

2, 0,0983392 / 28,18983

1, 0,0893803 / 28,27164

StartAnim : CloseEyes / 28,61892

StartAnim : OpenEyes / 29,50343

StartAnim : CloseEyes / 31,0283

0, 3,234543 / 31,50619

2, 0,1122208 / 31,60056

0, 0,3088265 / 31,90939

1, 0,4126086 / 32,30244

StartAnim : OpenEyes / 32,75905

StartAnim : PenisEjac / 33,37462

0, 2,145005 / 34,44744

5, 0,3752237 / 34,79039

0, 0,1975793 / 34,98797

3, 0,3118052 / 35,27901

5, 0,0279149 / 35,27901

0, 0,3416032 / 35,62062

5, 0,08658791 / 35,68052

0, 0,5676661 / 36,2482

2, 0,1826683 / 36,4037

StartAnim : StopTouchPenis / 36,4037

5, 0,2298401 / 36,63081

3, 0,2210814 / 36,72253

StartAnim : DeErect / 37,24569

0, 0,7245534 / 37,44709

5, 0,6990232 / 38,11606

0, 1,685177 / 39,80124

3, 0,081111 / 39,86303

0, 0,4422415 / 40,30527

5, 0,2563324 / 40,53155

2, 0,2857373 / 40,75887

2, 0,0557022 / 41,07061

5, 0,4977229 / 41,07061

0, 0,0623241 / 41,13294

**********------------Fin_Relaxation------------**********

