**********------------scene1------------**********

0, 0,0842415 / 0,0842415

2, 0,1213174 / 0,1608153

0, 0,0628051 / 0,2236204

1, 0,2666042 / 0,4716141

2, 0,0441946 / 0,5199741

3, 0,1288258 / 0,6452211

0, 0,1391837 / 0,7844048

2, 0,033126 / 0,7844048

1, 1,233541 / 2,024808

2, 0,2256982 / 2,263619

0, 0,4500162 / 2,713635

1, 2,360919 / 5,04189

2, 0,0400427 / 5,085147

5, 0,3545442 / 5,424325

0, 0,5594041 / 5,983729

1, 0,4585964 / 6,426528

0, 2,600612 / 9,02714

1, 0,3027519 / 9,285373

0, 0,630088 / 9,91546

1, 0,1855469 / 10,06434

0, 0,0625659 / 10,1269

1, 0,5745038 / 10,66783

2, 1,520096 / 12,19809

0, 0,059329 / 12,25742

1, 1,339552 / 13,57014

2, 0,4072209 / 13,98357

1, 0,6763934 / 14,65355

3, 0,0322948 / 14,68626

0, 0,3254933 / 15,01176

3, 0,0409523 / 15,01176

1, 0,5387315 / 15,55773

0, 0,8292467 / 16,38698

1, 0,3468995 / 16,69752

0, 0,4126138 / 17,11013

1, 0,1837968 / 17,25997

2, 0,0476606 / 17,29836

1, 0,0784698 / 17,37214

0, 0,2677745 / 17,63992

2, 0,124117 / 17,72602

1, 0,7478143 / 18,48525

2, 0,2117156 / 18,68682

0, 0,2007296 / 18,88754

1, 1,101117 / 19,93894

2, 0,541509 / 20,49526

5, 0,3223136 / 20,52951

4, 0,2602612 / 20,78087

5, 0,686157 / 21,46498

2, 0,6561579 / 21,53711

1, 0,2374354 / 21,76981

2, 0,068353 / 21,84012

5, 0,337552 / 22,16452

0, 0,2360194 / 22,40053

2, 0,0275175 / 22,40053

0, 0,1363675 / 22,5369

1, 0,368044 / 22,8664

2, 0,0299275 / 22,89366

0, 0,4454079 / 23,33907

5, 0,0313758 / 23,33907

2, 0,0279667 / 23,3743

1, 2,015026 / 25,3779

2, 0,4574285 / 25,84368

5, 0,0971403 / 25,84368

0, 3,683298 / 29,52698

4, 0,0805308 / 29,57462

0, 0,1062111 / 29,68083

1, 0,4305499 / 30,06605

2, 0,0254935 / 30,09449

0, 0,3085235 / 30,40301

3, 0,182417 / 30,52986

0, 0,2775198 / 30,80738

1, 1,207958 / 31,96449

2, 0,4597344 / 32,42076

1, 0,5998006 / 33,02333

2, 0,7817748 / 33,80719

1, 0,3042746 / 34,11099

0, 0,211588 / 34,32257

2, 0,6808774 / 34,96338

1, 1,48658 / 36,46696

2, 0,2669356 / 36,72537

5, 0,2294944 / 36,95335

0, 0,0874777 / 37,04082

6, 0,1819935 / 37,17078

0, 2,385152 / 39,55595

1, 0,5509873 / 40,06778

2, 0,2843652 / 40,34033

1, 1,383117 / 41,72321

2, 0,2927909 / 42,02341

0, 0,1301085 / 42,15351

1, 0,4238819 / 42,53696

2, 0,056169 / 42,59523

5, 0,9913445 / 43,59637

0, 0,5398911 / 44,13626

4, 0,086102 / 44,21166

0, 0,0823746 / 44,29404

6, 0,4738318 / 44,72467

0, 0,0581232 / 44,78279

2, 0,2704743 / 45,02207

1, 0,7748686 / 45,80867

0, 0,402661 / 46,21134

1, 0,6429732 / 46,80597

2, 0,2453739 / 47,05748

1, 0,4970763 / 47,55145

2, 0,2984225 / 47,84981

1, 2,979128 / 50,83664

2, 0,0672423 / 50,89218

0, 0,3135771 / 51,20575

4, 0,4813988 / 51,65034

5, 0,5229996 / 52,12111

4, 0,0312411 / 52,15614

0, 0,1960352 / 52,35217

6, 0,0660697 / 52,38231

0, 0,57186 / 52,95416

4, 0,0293962 / 52,98773

5, 0,2763872 / 53,21091

2, 0,1121948 / 53,31284

5, 0,0704863 / 53,37826

1, 1,225727 / 54,60669

2, 0,3578542 / 54,96722

5, 0,2994583 / 54,96722

0, 0,2704172 / 55,23764

2, 0,0321026 / 55,23764

1, 0,5056594 / 55,73308

2, 0,0608061 / 55,79893

2, 0,0729032 / 56,26705

5, 0,8403617 / 56,63671

0, 0,3866553 / 57,02336

5, 0,0336125 / 57,02336

2, 0,0614839 / 57,09132

0, 0,0638656 / 57,15519

2, 0,1896028 / 57,30939

1, 0,0284642 / 57,33829

StartAnim : touchMagazine / 58,92342

0, 1,83362 / 59,17191

2, 0,0279955 / 59,17191

5, 0,1280729 / 59,29351

0, 0,29366 / 59,58718

2, 0,0297986 / 59,58718

5, 0,3705972 / 59,92406

4, 0,1816911 / 60,08053

2, 0,0328271 / 60,15079

5, 0,0646872 / 60,15079

1, 0,967305 / 61,10793

2, 0,0548172 / 61,1664

5, 0,1632767 / 61,3354

2, 0,6840457 / 61,97844

1, 0,9555478 / 62,93809

2, 0,0658846 / 63,00829

4, 0,0253325 / 63,45065

5, 0,6323183 / 63,63827

1, 0,0319049 / 63,66669

2, 1,010408 / 64,67796

0, 0,0587698 / 64,73673

2, 0,0868249 / 64,79794

4, 0,2475257 / 65,0444

5, 0,4146388 / 65,20961

2, 0,0301801 / 65,24329

0, 0,0681463 / 65,31143

1, 0,0375986 / 65,31143

0, 2,081947 / 67,39337

1, 0,0264466 / 67,39337

2, 0,2319604 / 67,63025

3, 0,2239648 / 67,85674

0, 0,067363 / 67,9241

**********------------scene2------------**********

5, 0,067363 / 0,0297277

0, 0,1266503 / 0,156378

3, 0,2254533 / 0,3234036

0, 0,3631042 / 0,6865078

1, 1,382634 / 2,039

2, 0,2773987 / 2,315058

5, 0,2306788 / 2,511803

0, 0,4546086 / 2,966412

1, 1,255346 / 4,163126

0, 0,1519201 / 4,315047

1, 0,0294669 / 4,315047

0, 0,0615971 / 4,376644

1, 0,0615971 / 4,415561

2, 0,0389171 / 4,45118

0, 0,0627339 / 4,513915

1, 0,5301854 / 5,006728

2, 0,0568165 / 5,073603

5, 0,372541 / 5,406556

0, 0,263621 / 5,670177

1, 1,670581 / 7,30987

0, 0,941991 / 8,25186

1, 1,422902 / 9,639598

0, 0,3845236 / 10,02412

1, 1,085721 / 11,08016

0, 0,1431877 / 11,22335

2, 0,0310761 / 11,22335

0, 0,2435296 / 11,46688

3, 0,031121 / 11,46688

0, 0,4270528 / 11,89393

5, 0,4133055 / 12,2816

0, 0,0759161 / 12,35752

3, 0,3917765 / 12,71024

0, 0,0749976 / 12,78524

4, 0,4694912 / 13,20705

6, 0,6573318 / 13,87751

0, 0,0898668 / 13,96738

2, 0,113087 / 14,04924

1, 2,044389 / 16,09296

0, 0,08515041 / 16,17811

1, 0,0838182 / 16,24162

0, 0,0943974 / 16,33601

1, 0,5692807 / 16,86967

0, 1,515831 / 18,3855

3, 0,0383599 / 18,3855

1, 0,5196442 / 18,91214

2, 0,2244574 / 19,12273

5, 0,6672162 / 19,65355

0, 0,3291497 / 19,98269

5, 0,2184799 / 20,17527

2, 0,0357161 / 20,21366

1, 0,8663267 / 21,07878

5, 0,1222027 / 21,26637

2, 0,2539936 / 21,34229

1, 0,4149541 / 21,74308

0, 0,3961567 / 22,13924

1, 1,201332 / 23,31381

2, 0,4720896 / 23,77899

5, 0,2346144 / 24,02506

4, 0,2249274 / 24,24791

6, 0,5844758 / 24,82763

2, 0,0358101 / 25,46761

5, 0,9114724 / 25,74312

2, 0,2432756 / 25,8371

1, 0,6743078 / 26,51155

0, 0,5534661 / 27,06502

1, 1,433381 / 28,47797

0, 0,3584524 / 28,83643

1, 0,5596059 / 29,36421

0, 0,7727633 / 30,13697

2, 0,0268213 / 30,13697

1, 1,758705 / 31,89445

2, 0,6969795 / 32,59513

0, 0,4538276 / 33,04896

3, 0,3317928 / 33,35412

0, 0,186873 / 33,54099

1, 4,143094 / 37,64961

0, 0,3598611 / 38,00948

3, 0,2145516 / 38,19627

0, 0,1554946 / 38,35177

3, 0,0895463 / 38,40884

0, 0,2272389 / 38,63608

StartAnim : shortLook / 38,8236

**********------------scene3------------**********

1, 2,644292 / 0,0303167

0, 0,1123176 / 0,1426343

3, 0,0223556 / 0,1426343

0, 0,11563 / 0,2582643

3, 0,08516 / 0,3224089

0, 0,1625489 / 0,4849578

3, 0,1688975 / 0,6335635

0, 0,253293 / 0,8868566

1, 0,9150516 / 1,776377

2, 0,82763 / 2,601067

5, 0,0285765 / 2,630751

4, 0,485276 / 3,117507

2, 0,3460143 / 3,458381

1, 2,11036 / 5,570554

0, 0,0621785 / 5,632732

2, 0,0296188 / 5,632732

0, 0,1997243 / 5,832457

4, 0,2615776 / 6,061568

0, 0,06341819 / 6,124986

6, 0,3694664 / 6,455969

0, 0,0575992 / 6,513568

4, 0,5705922 / 7,056628

0, 0,5993991 / 7,656029

3, 0,2017844 / 7,844324

0, 0,0460744 / 7,890399

1, 1,688121 / 9,560994

2, 0,0285482 / 9,589142

0, 0,2845164 / 9,873659

4, 0,5998093 / 10,4429

0, 0,285891 / 10,72879

4, 0,0329493 / 10,72879

3, 0,3707811 / 11,1083

0, 0,0507092 / 11,15901

2, 1,178177 / 12,32013

0, 0,5638063 / 12,88394

1, 1,427619 / 14,28597

2, 0,317218 / 14,6017

5, 0,2890571 / 14,86073

0, 0,2821627 / 15,1429

7, 0,9458968 / 16,06006

0, 0,0851981 / 16,14525

7, 0,0367343 / 16,14525

0, 0,0595855 / 16,20484

7, 0,1456534 / 16,32474

6, 0,0541812 / 16,37298

0, 1,43245 / 17,80543

1, 0,8600056 / 18,62697

0, 0,1536232 / 18,78059

2, 0,11273 / 18,85883

1, 1,287813 / 20,14141

0, 0,1770698 / 20,31848

3, 0,3707379 / 20,6554

0, 0,8004126 / 21,45581

3, 0,1176734 / 21,54051

0, 0,0648205 / 21,60533

2, 0,0389388 / 21,60533

1, 0,3908989 / 22,00264

2, 1,14705 / 23,14218

1, 4,686527 / 27,82545

0, 0,0908501 / 27,9163

2, 0,1979835 / 28,08718

4, 0,031523 / 28,11575

2, 0,0285705 / 28,14075

1, 0,0250056 / 28,17111

2, 0,0303521 / 28,20594

1, 0,2893433 / 28,48838

0, 0,2519996 / 28,74038

3, 0,1109061 / 28,82878

0, 0,0550314 / 28,88381

4, 0,231467 / 29,12269

3, 0,6873528 / 29,54104

0, 0,206449 / 29,74749

2, 0,0293098 / 29,74749

1, 1,372085 / 31,1165

2, 0,2613723 / 31,37304

1, 0,2513963 / 31,63019

0, 0,0615411 / 31,69173

2, 0,3102783 / 31,96868

StartAnim : armStretch / 32,81334

1, 1,532994 / 33,49884

0, 0,2621675 / 33,761

1, 0,1819696 / 33,89878

0, 0,4010901 / 34,29986

2, 0,169443 / 34,44177

0, 0,1420675 / 34,58384

4, 0,1108667 / 34,67545

0, 0,2531657 / 34,92862

2, 0,1987688 / 35,09972

0, 0,0660371 / 35,16576

4, 0,59831 / 35,7284

0, 0,0891316 / 35,81753

StartAnim : longLook / 37,0855

StartAnim : handSalute / 37,40038

1, 2,353363 / 38,14172

2, 0,0262845 / 38,17261

0, 0,0537924 / 38,2264

4, 0,3684854 / 38,57299

0, 0,0545172 / 38,62751

2, 0,0272047 / 38,62751

0, 0,056285 / 38,6838

StartAnim : faceSmile / 41,59941

1, 4,943406 / 43,59992

2, 0,3449426 / 43,94268

0, 0,3167248 / 44,2594

6, 0,3165879 / 44,54256

4, 0,0270409 / 44,57015

0, 0,2639851 / 44,83413

2, 0,0643539 / 44,85813

1, 0,9092474 / 45,77615

2, 0,4269005 / 46,19788

5, 0,2893487 / 46,45499

4, 0,6921045 / 47,14106

0, 0,0918975 / 47,23296

1, 1,658734 / 48,85514

2, 0,5124189 / 49,36895

0, 0,0662683 / 49,43521

2, 0,1998733 / 49,5988

0, 0,0620848 / 49,66088

1, 0,8870459 / 50,51317

2, 0,3409208 / 50,85407

0, 0,4307538 / 51,28483

4, 0,2881816 / 51,544

0, 0,3393258 / 51,88332

4, 0,0281282 / 51,88332

0, 0,3181727 / 52,2015

1, 1,390029 / 53,55829

2, 0,5116348 / 54,07078

5, 0,0280861 / 54,07078

4, 0,5707708 / 54,64493

0, 0,7370063 / 55,38193

4, 0,4284172 / 55,78179

0, 0,2879819 / 56,06976

3, 0,0281568 / 56,06976

0, 0,0927287 / 56,16249

StartAnim : LongLook / 58,38435

1, 4,260992 / 60,38491

2, 0,5706872 / 60,95786

1, 1,343667 / 62,30066

2, 0,2051844 / 62,49806

0, 0,0599674 / 62,55803

StartAnim : CaresseEntreCuisse / 62,84157

4, 0,9750921 / 63,49936

5, 0,1418307 / 63,64099

4, 0,9109187 / 64,55711

5, 0,2329525 / 64,78497

2, 0,0559627 / 64,84108

0, 0,0914842 / 64,93256

1, 0,8562013 / 65,75969

2, 0,0570177 / 65,81113

4, 0,6008489 / 66,41219

5, 0,1164556 / 66,52505

4, 0,1962688 / 66,72421

5, 0,2602124 / 66,98671

4, 0,1829609 / 67,16984

0, 0,0586964 / 67,22853

2, 0,0308261 / 67,22853

StartAnim : faceSmile / 68,39919

1, 2,453648 / 69,68466

2, 0,945439 / 70,62459

**********------------scene4------------**********

1, 1,426075 / 0,0417625

0, 0,286524 / 0,3282865

2, 0,1472667 / 0,4513908

1, 0,3393373 / 0,7829608

2, 0,8874808 / 1,671788

5, 0,6846806 / 1,814755

StartAnim : LongLook / 2,531532

StartAnim : HandSalute / 2,813847

0, 1,729088 / 3,543844

2, 0,1472784 / 3,6604

1, 0,2846555 / 3,943453

2, 0,1768841 / 4,114865

5, 0,2867937 / 4,284725

2, 0,0235547 / 4,320325

1, 1,039929 / 5,341391

2, 0,2289542 / 5,577743

4, 0,1748748 / 5,756516

5, 0,1748748 / 5,756516

2, 0,0857641 / 5,839177

1, 0,5288783 / 6,372786

2, 0,2716415 / 6,64151

1, 0,2332302 / 6,868492

2, 0,8125936 / 7,684132

1, 0,3804288 / 8,057674

2, 0,0620135 / 8,124806

0, 0,2294763 / 8,354283

7, 0,09579241 / 8,413019

0, 0,3827665 / 8,795784

4, 0,0285463 / 8,795784

2, 0,2293294 / 8,996807

1, 1,246919 / 10,21216

2, 0,0155106 / 10,22981

5, 0,0176498 / 10,25632

2, 0,7407707 / 10,99692

1, 0,8308415 / 11,79772

0, 0,0657474 / 11,86346

1, 0,1954347 / 12,03837

0, 0,5990705 / 12,63744

2, 0,0182868 / 12,63744

StartAnim : LongLook / 14,29914

StartAnim : EyeBlink / 21,89802

1, 16,10415 / 28,72699

2, 1,155286 / 29,88129

StartAnim : OpenLegs / 29,9826

1, 0,2720336 / 30,15251

2, 0,2438648 / 30,40172

5, 0,8110981 / 31,01439

2, 0,0503905 / 31,05408

1, 0,6329338 / 31,69786

2, 0,3265835 / 32,01344

5, 0,2742485 / 32,03859

0, 0,5861124 / 32,62471

6, 0,2941182 / 32,89883

7, 0,2747038 / 33,17081

0, 0,2987189 / 33,46954

4, 0,1115081 / 33,95256

4, 0,1717781 / 34,4138

4, 0,4971877 / 34,9378

5, 1,489933 / 34,9378

2, 0,101128 / 35,03947

0, 0,198408 / 35,23787

1, 0,3852892 / 35,5948

2, 0,0464654 / 35,63984

5, 0,0813244 / 35,73307

0, 0,2797692 / 36,01284

4, 0,7711424 / 37,0132

5, 1,017099 / 37,0132

0, 0,1132202 / 37,12642

7, 0,1967965 / 37,29781

6, 0,4040635 / 37,69822

0, 0,3148802 / 38,0131

2, 0,5042825 / 38,56928

5, 0,5909389 / 38,56928

0, 0,0575389 / 38,62682

5, 0,2909991 / 38,8836

2, 0,0520147 / 38,95045

StartAnim : touchCouchInvite / 38,99717

1, 0,7844737 / 39,72342

0, 0,0954578 / 39,81888

4, 0,7548655 / 40,52773

0, 0,0850405 / 40,61277

2, 0,0273133 / 40,61277

StartAnim : FaceSmile / 40,81317

1, 1,315999 / 41,92353

2, 0,0254726 / 41,94976

0, 0,0616416 / 42,0114

4, 0,1792726 / 42,18118

0, 0,056584 / 42,23776

2, 0,5869145 / 42,79584

1, 0,8404886 / 43,59713

0, 0,042884 / 43,64001

1, 0,4838928 / 44,09831

5, 0,2231626 / 44,65765

2, 1,074272 / 45,18027

5, 0,1866718 / 45,18027

3, 0,0249706 / 45,20788

0, 0,3754576 / 45,58333

2, 0,667942 / 46,23702

1, 0,5690529 / 46,81424

0, 0,2396926 / 47,05393

1, 0,4640505 / 47,50192

0, 0,2818818 / 47,7838

5, 0,2836083 / 48,05632

2, 0,7827067 / 48,54007

1, 2,316769 / 50,86583

2, 0,457583 / 51,32498

1, 0,7815846 / 52,09618

**********------------scene5------------**********

2, 0,2843179 / 0,0284491

0, 0,2277852 / 0,2562343

1, 0,4847094 / 0,714501

2, 0,3393058 / 1,057932

4, 0,174017 / 1,22827

5, 0,5172691 / 1,572256

7, 0,0278171 / 1,601468

0, 0,0568601 / 1,658329

7, 0,2863866 / 1,913665

0, 0,4901194 / 2,403785

6, 0,5879405 / 2,957931

0, 0,4147981 / 3,372729

7, 0,0304677 / 3,372729

0, 2,299911 / 5,67264

2, 0,186913 / 5,848315

2, 0,0319201 / 5,901127

1, 0,6982679 / 6,541608

0, 0,4600715 / 7,001678

1, 0,3715027 / 7,358227

4, 0,0184562 / 7,85539

2, 0,5258358 / 7,8788

4, 0,0735214 / 7,957707

5, 0,4468344 / 8,144542

2, 0,41614 / 8,556884

1, 0,8092715 / 9,357952

2, 0,244032 / 9,612411

StartAnim : ShortLook / 9,655511

4, 0,3587079 / 9,769203

5, 0,3645806 / 9,972525

3, 0,0230163 / 10,00035

0, 0,0570292 / 10,05738

7, 0,5111787 / 10,5327

StartAnim : FaceSmile / 10,64616

0, 1,096847 / 11,62955

1, 1,144768 / 12,75382

2, 0,5413249 / 13,28846

1, 4,417587 / 17,71132

2, 0,795791 / 18,49912

StartAnim : OpenLegs / 20,12844

1, 1,902495 / 20,41596

2, 0,2573111 / 20,6692

4, 0,0213887 / 20,71086

3, 0,3730292 / 21,5396

2, 0,3823507 / 21,95386

5, 1,448039 / 22,11171

2, 0,06309301 / 22,16921

StartAnim : TouchCouchInvite / 22,42494

1, 0,3132251 / 22,48408

2, 0,0364919 / 22,52915

StartAnim : LongLook / 22,95594

3, 0,1953588 / 22,99959

5, 0,4763909 / 22,99959

2, 0,0632772 / 23,0695

StartAnim : FaceSmile / 23,35289

1, 0,9114184 / 23,9726

2, 0,2741466 / 24,25285

1, 0,238135 / 24,48362

2, 0,0603804 / 24,55287

3, 0,4290487 / 25,38678

5, 0,8293726 / 25,38678

2, 0,0302498 / 25,4137

3, 0,3106529 / 25,71342

5, 0,3106529 / 25,71342

2, 0,3733101 / 26,0966

5, 2,799063 / 28,89635

1, 1,641757 / 30,5277

2, 0,1743888 / 30,70938

1, 0,5280598 / 31,24141

2, 0,0472169 / 31,29243

StartAnim : PenisTouch / 31,75251

4, 0,6074723 / 31,88683

5, 0,6074723 / 31,88683

2, 0,0443964 / 31,94125

StartAnim : ShortLook / 32,36941

1, 0,5715687 / 32,51138

2, 0,0580795 / 32,57465

4, 1,783517 / 34,34137

5, 1,783517 / 34,34137

StartAnim : CloseEyes / 35,05642

1, 2,340974 / 36,68623

2, 0,0614089 / 36,75217

StartAnim : OpenEyes / 37,88571

4, 1,296422 / 38,04104

5, 1,296422 / 38,04104

2, 0,0412437 / 38,08488

StartAnim : StartErect / 38,1683

1, 1,295391 / 39,38523

0, 0,0576769 / 39,44291

StartAnim : CloseEyes / 42,99755

StartAnim : OpenEyes / 44,54251

1, 5,256183 / 44,65453

2, 0,0321487 / 44,69583

4, 0,2784445 / 44,96994

4, 1,39884 / 46,79804

5, 2,097541 / 46,79804

StartAnim : CloseEyes / 47,91134

1, 1,671823 / 48,46634

2, 0,3253775 / 48,79758

0, 0,2030297 / 49,0006

2, 0,6147628 / 49,59919

5, 0,3844321 / 49,96836

4, 0,419786 / 50,00989

2, 0,0569888 / 50,03086

4, 0,0209673 / 50,05221

5, 0,0209673 / 50,05221

StartAnim : OpenEyes / 50,26877

StartAnim : StopTouchPenis / 50,7392

1, 1,038861 / 51,08458

2, 0,2991012 / 51,3965

StartAnim : TouchCouchInvite / 51,71198

2, 0,0392599 / 51,93117

5, 0,53933 / 51,93117

0, 0,2211528 / 52,15233

4, 0,2712395 / 52,39875

0, 0,1292609 / 52,52802

1, 0,5989719 / 53,11073

2, 0,4941513 / 53,59754

**********------------scene6------------**********

1, 0,8158567 / 0,0300764

0, 0,1882242 / 0,2183006

1, 0,2495243 / 0,4187513

StartAnim : OpenLegs / 0,703946

2, 0,3626205 / 0,7867448

5, 0,6288767 / 1,418596

2, 0,4580342 / 1,87107

0, 0,0676409 / 1,938711

2, 0,0676409 / 1,961936

0, 0,0545462 / 2,016482

3, 0,0264862 / 2,016482

0, 0,6993281 / 2,71581

6, 0,3146095 / 3,002081

0, 0,1741916 / 3,176273

5, 0,2309961 / 3,373348

4, 0,2863052 / 3,661724

5, 0,2711386 / 3,930243

2, 0,0562558 / 3,988603

1, 0,5423346 / 4,527017

2, 1,213489 / 5,744368

1, 0,5149354 / 6,265462

2, 0,0558438 / 6,316307

StartAnim : LongLook / 6,865797

StartAnim : StartTouchPenis / 6,915114

4, 0,8586111 / 7,171543

5, 0,8586111 / 7,171543

2, 0,0260267 / 7,19878

4, 0,09121241 / 7,28396

5, 0,09121241 / 7,28396

0, 0,0427833 / 7,326744

1, 0,3871556 / 7,687318

2, 0,0413563 / 7,72956

4, 1,114709 / 8,861376

5, 1,131797 / 8,861376

StartAnim : CloseEyes / 10,04448

1, 1,785512 / 10,64176

2, 0,3442442 / 10,99978

0, 0,4164996 / 11,41628

2, 0,4293055 / 11,82935

StartAnim : OpenEyes / 11,97281

1, 0,4570582 / 12,2845

2, 0,087456 / 12,37307

4, 0,6712134 / 13,04111

4, 0,2708448 / 13,63041

5, 1,26863 / 13,63041

0, 0,7416744 / 14,37209

StartAnim : CloseEyes / 19,20015

1, 5,656531 / 19,99998

2, 1,198468 / 21,2024

4, 0,532082 / 21,74217

5, 0,532082 / 21,74217

StartAnim : OpenEyes / 21,83462

2, 0,1417493 / 21,88333

1, 1,672336 / 23,55454

0, 0,047192 / 23,60173

1, 0,1302326 / 23,69894

0, 0,274923 / 23,97386

3, 0,0186398 / 23,97386

StartAnim : CloseEyes / 24,62613

4, 1,817699 / 25,80203

4, 0,1279574 / 25,95425

5, 1,975268 / 25,95425

StartAnim : FastPenisTouch / 26,84152

StartAnim : OpenEyes / 26,97281

StartAnim : CloseEyes / 28,59873

StartAnim : OpenEyes / 29,50356

1, 4,855956 / 30,81424

2, 0,07338139 / 30,88171

4, 0,0456463 / 30,93336

2, 0,0544277 / 31,01284

StartAnim : CloseEyes / 31,03536

4, 0,738506 / 31,74253

5, 0,883207 / 31,77048

2, 0,5304329 / 32,2826

StartAnim : OpenEyes / 32,77136

StartAnim : PenisEjac / 33,37041

1, 1,572088 / 33,85707

2, 0,0555061 / 33,90106

4, 0,0439764 / 33,94159

5, 0,0439764 / 33,94159

0, 0,1409674 / 34,08255

4, 0,6453161 / 34,71311

5, 0,6453161 / 34,71311

2, 0,0263251 / 34,74133

4, 0,1019246 / 34,84306

5, 0,1019246 / 34,84306

1, 1,525854 / 36,35684

StartAnim : StopTouchPenis / 36,39789

2, 0,1878623 / 36,55781

4, 0,3283985 / 36,88488

StartAnim : DeErect / 37,22645

5, 0,926533 / 37,48584

0, 0,2145334 / 37,70037

5, 0,1940125 / 37,86243

1, 0,6166722 / 38,48331

2, 0,5710883 / 39,05704

0, 0,3562334 / 39,41327

**********------------Fin_Relaxation------------**********

