**********------------scene1------------**********

0, 0,4412826 / 0,4412826

1, 0,0352322 / 0,4412826

0, 0,2111507 / 0,6524333

3, 0,0411893 / 0,6524333

0, 0,2426955 / 0,8951288

3, 0,0353402 / 0,8951288

0, 0,0955159 / 0,9906447

2, 0,1746168 / 1,111332

1, 0,5919695 / 1,692978

0, 0,07922649 / 1,772205

2, 0,0371992 / 1,772205

0, 0,0968051 / 1,86901

5, 0,1843347 / 2,000031

0, 1,967099 / 3,967129

3, 0,0413584 / 3,967129

0, 5,274336 / 9,241467

1, 0,5454891 / 9,744027

0, 0,0741636 / 9,818191

2, 0,0389026 / 9,818191

0, 0,3778191 / 10,19601

2, 0,3906439 / 10,55285

5, 0,4645659 / 10,62711

0, 0,5407273 / 11,16784

6, 0,126476 / 11,2411

0, 0,2109017 / 11,452

1, 0,6115353 / 12,01345

0, 0,0689389 / 12,08239

3, 0,1540345 / 12,20216

0, 0,4087612 / 12,61092

1, 0,0364019 / 12,61092

0, 0,0935302 / 12,70445

1, 0,2583491 / 12,92262

0, 0,5184718 / 13,44109

2, 0,0454895 / 13,44109

0, 0,2393587 / 13,68045

1, 0,0427404 / 13,68045

0, 16,68907 / 30,36952

2, 0,0827448 / 30,417

0, 0,3518723 / 30,76888

5, 0,0819037 / 30,81083

0, 0,303553 / 31,11438

5, 0,053288 / 31,11438

4, 0,3394945 / 31,44359

0, 0,3195498 / 31,76314

2, 0,0436399 / 31,76314

0, 0,133065 / 31,89621

1, 0,4584316 / 32,31326

0, 0,2458877 / 32,55914

3, 0,0430343 / 32,55914

0, 2,293937 / 34,85308

1, 0,4416592 / 35,2646

0, 0,6224057 / 35,887

2, 0,0384134 / 35,887

0, 0,3398869 / 36,22689

1, 0,1276434 / 36,32479

0, 0,6033365 / 36,92812

3, 0,0390702 / 36,92812

0, 0,1957962 / 37,12392

4, 0,1307143 / 37,46512

5, 0,5667608 / 37,65311

0, 4,158527 / 41,81165

5, 0,0445287 / 41,81165

0, 0,3425345 / 42,15418

1, 0,3999818 / 42,50936

0, 0,0686619 / 42,57802

2, 0,0289596 / 42,57802

4, 0,3918349 / 42,96779

5, 0,2235079 / 42,96779

0, 0,674761 / 43,64255

3, 0,0354905 / 43,64255

5, 0,3423772 / 43,98564

4, 0,1183764 / 44,02427

0, 0,1277906 / 44,15207

4, 0,0832206 / 44,20257

5, 0,0832206 / 44,20257

0, 0,3205807 / 44,52314

6, 0,7135683 / 45,19635

0, 0,06766351 / 45,26401

5, 0,0313052 / 45,26401

2, 0,2832534 / 45,55485

0, 0,4106765 / 45,96553

2, 0,0409574 / 45,96553

1, 0,4282083 / 46,39673

0, 2,041364 / 48,43809

1, 0,2053438 / 48,60926

0, 0,1188646 / 48,72812

1, 0,2369922 / 48,92669

0, 9,115163 / 58,04187

3, 0,2242973 / 58,22146

2, 0,1680796 / 58,39604

StartAnim : touchMagazine / 58,90609

1, 0,7728396 / 59,16666

0, 0,0807292 / 59,24738

2, 0,0451058 / 59,24738

4, 0,4272518 / 59,68366

0, 0,9393571 / 60,62302

2, 0,0402826 / 60,62302

0, 0,08472911 / 60,70775

1, 0,5895678 / 61,26266

0, 0,6205644 / 61,88323

1, 0,4895377 / 62,32824

0, 0,9640054 / 63,29224

2, 0,203302 / 63,45199

1, 0,672369 / 64,127

0, 0,8803384 / 65,00732

1, 0,4416465 / 65,41045

2, 0,043088 / 65,45481

0, 0,6379152 / 66,09273

6, 0,0399632 / 66,09273

0, 0,2921977 / 66,38493

5, 0,0373074 / 66,38493

0, 0,3380007 / 66,72292

2, 0,0306645 / 66,72292

**********------------scene2------------**********

0, 1,721444 / 0,5600777

3, 0,1843 / 0,6959458

0, 1,490697 / 2,186643

3, 0,0459025 / 2,186643

0, 0,4249975 / 2,611641

3, 0,0344544 / 2,611641

0, 0,4443919 / 3,056033

3, 0,0287952 / 3,056033

0, 0,8023891 / 3,858423

3, 0,031572 / 3,858423

0, 0,4542769 / 4,3127

3, 0,0396636 / 4,3127

0, 0,1037885 / 4,416489

3, 0,1355517 / 4,516109

0, 0,071648 / 4,587757

1, 0,4690866 / 5,013109

0, 0,1058777 / 5,118987

1, 0,7995439 / 5,888165

5, 0,0815036 / 6,086058

5, 0,0803122 / 6,311607

2, 0,6196746 / 6,513968

5, 0,1671904 / 6,604995

4, 0,0483296 / 6,645481

0, 0,4251778 / 7,070659

2, 0,1608465 / 7,203896

0, 0,0852848 / 7,28918

1, 0,2012933 / 7,447037

0, 1,784483 / 9,231521

1, 0,2314544 / 9,434031

3, 0,128806 / 9,556836

0, 0,1312141 / 9,68805

3, 0,8009769 / 10,43089

0, 0,1399175 / 10,57081

1, 0,549864 / 11,0832

2, 0,5105477 / 11,57902

4, 0,2411081 / 11,8496

5, 0,5004443 / 11,8496

0, 0,1199788 / 11,96958

3, 0,1106719 / 12,04545

0, 0,0828654 / 12,12831

5, 0,2693647 / 12,35838

7, 0,0435714 / 12,39706

0, 0,1289136 / 12,52597

6, 0,1176046 / 12,60574

0, 0,1653787 / 12,77112

6, 0,0333066 / 12,77112

0, 0,0850354 / 12,85616

7, 0,043248 / 12,85616

0, 0,4554196 / 13,31157

5, 0,0374787 / 13,31157

4, 0,0634104 / 13,35543

0, 0,4155978 / 13,77102

2, 0,3166153 / 14,04566

0, 0,0806184 / 14,12627

1, 0,4352446 / 14,51253

0, 0,2844205 / 14,79695

1, 0,0439764 / 14,79695

0, 1,673235 / 16,47018

2, 0,09058 / 16,54657

5, 0,4442495 / 16,88165

4, 0,0288161 / 16,91687

6, 0,2367011 / 17,16421

0, 0,3894516 / 17,55366

6, 0,0432267 / 17,55366

2, 0,1882046 / 17,7436

1, 0,2108045 / 17,95601

0, 0,3868059 / 18,34281

1, 0,2365262 / 18,54012

0, 5,303135 / 23,84325

2, 0,0819748 / 23,87704

0, 0,8211993 / 24,69825

1, 0,0429156 / 24,69825

0, 0,1537834 / 24,85203

1, 0,0349891 / 24,85203

0, 4,588816 / 29,44084

3, 0,0339936 / 29,44084

0, 0,189559 / 29,6304

3, 0,2168001 / 29,81868

5, 0,4103417 / 30,22267

6, 0,1451356 / 30,35608

7, 0,071889 / 30,45444

0, 0,0713802 / 30,52583

6, 0,0382288 / 30,52583

0, 0,07719789 / 30,60302

6, 0,07719789 / 30,64727

0, 0,6398859 / 31,28716

7, 0,2843371 / 31,53692

0, 0,3932633 / 31,93019

4, 0,0417703 / 31,93019

5, 0,0417703 / 31,93019

0, 0,0844339 / 32,01462

2, 0,1556913 / 32,1244

1, 0,9108911 / 33,04429

0, 0,3511972 / 33,39549

1, 0,5843256 / 33,95576

0, 0,0704651 / 34,02623

3, 0,2250274 / 34,2079

1, 0,2892629 / 34,51173

0, 0,8004113 / 35,31215

5, 0,0825186 / 35,35371

4, 0,2411101 / 35,51435

5, 0,2090261 / 35,71333

4, 0,1496702 / 35,8758

StartAnim : shortLook / 38,82566

0, 3,237216 / 39,11303

1, 0,2710438 / 39,339

0, 0,3886338 / 39,72764

2, 0,085988 / 39,75993

5, 0,2007648 / 39,96802

2, 0,0396101 / 40,01489

1, 0,1254597 / 40,12657

0, 0,0720691 / 40,19864

1, 0,1220632 / 40,2837

0, 0,0812971 / 40,365

2, 0,0812971 / 40,40116

**********------------scene3------------**********

1, 0,8769178 / 0,0268085

5, 0,2564351 / 0,2841485

0, 0,4593633 / 0,7435118

5, 0,0364187 / 0,8264

2, 0,1423736 / 1,15778

1, 0,5755593 / 1,426497

2, 0,0245379 / 1,456765

4, 0,0574202 / 1,856294

5, 0,3999888 / 1,856294

0, 1,157088 / 3,013381

3, 0,0580632 / 3,037704

0, 0,2192899 / 3,256994

2, 0,0612597 / 3,285838

0, 0,0567573 / 3,342596

1, 0,5427601 / 3,854693

0, 1,113993 / 4,968686

1, 0,7159446 / 5,652963

0, 0,0892356 / 5,742198

2, 0,2634799 / 5,976705

5, 0,1984074 / 6,000103

0, 7,413342 / 13,41344

2, 0,031054 / 13,41344

1, 0,3162686 / 13,72616

0, 0,0635609 / 13,78972

2, 0,0286514 / 13,78972

0, 4,394605 / 18,18432

1, 0,0873318 / 18,24232

0, 0,2259188 / 18,46824

2, 0,0544258 / 18,50289

0, 0,0570417 / 18,55993

3, 0,0241869 / 18,55993

0, 0,144175 / 18,70411

3, 0,113747 / 18,78253

0, 0,0848341 / 18,86736

2, 0,3394778 / 19,18318

5, 0,4021577 / 19,58159

0, 0,8326397 / 20,41423

4, 0,0321373 / 20,41423

2, 0,0536268 / 20,58349

2, 0,030016 / 20,81252

5, 0,4282802 / 20,84325

0, 0,0834281 / 20,92668

3, 0,2823665 / 21,18323

0, 0,7144365 / 21,89767

2, 0,0590919 / 22,21505

5, 0,5428195 / 22,41624

0, 3,650906 / 26,06714

3, 0,0293038 / 26,06714

1, 0,5965375 / 26,66796

0, 0,9706866 / 27,63865

1, 0,0277936 / 27,63865

0, 0,0621882 / 27,70083

1, 0,0621882 / 27,72378

0, 0,1469452 / 27,87072

2, 0,0612254 / 27,90569

0, 0,3953084 / 28,30099

3, 0,1173766 / 28,38398

0, 0,5124423 / 28,89642

4, 0,0330769 / 28,89642

0, 0,200379 / 29,0968

3, 0,2892549 / 29,35343

0, 0,1453974 / 29,49883

2, 0,0330133 / 29,49883

0, 0,1376143 / 29,63644

2, 0,2852243 / 29,9018

5, 0,2591174 / 29,9018

0, 0,1069695 / 30,00877

1, 0,1187964 / 30,10119

0, 0,0497086 / 30,15089

1, 0,3995119 / 30,52594

0, 1,45913 / 31,98506

1, 0,5142252 / 32,46796

StartAnim : armStretch / 32,8113

2, 0,5696605 / 33,03751

0, 0,2305129 / 33,26802

2, 0,5450105 / 33,78587

1, 0,0839337 / 33,86893

0, 0,0541539 / 33,92309

4, 0,174576 / 34,07066

0, 0,3142195 / 34,38488

2, 0,3998117 / 34,75499

0, 0,0557212 / 34,81071

1, 0,0557212 / 34,83833

0, 0,0654049 / 34,90373

1, 0,1144321 / 34,98321

0, 0,455282 / 35,43849

2, 0,1988295 / 35,61022

0, 0,0594613 / 35,66969

1, 0,4561189 / 36,10018

0, 0,0848464 / 36,18502

2, 0,1460494 / 36,30455

5, 0,025496 / 36,30455

0, 0,0499585 / 36,3545

4, 0,08298481 / 36,41851

3, 0,5105942 / 36,92263

2, 0,0544576 / 36,98649

StartAnim : longLook / 37,10241

0, 0,1670846 / 37,15357

StartAnim : handSalute / 37,40894

1, 2,705012 / 39,83556

2, 0,3153051 / 40,15205

0, 0,0550987 / 40,20715

3, 0,0550987 / 40,23669

4, 0,0587862 / 40,29589

0, 0,2041776 / 40,50006

3, 0,1237965 / 40,58424

4, 0,0233244 / 40,61099

0, 0,0562407 / 40,66723

5, 0,0289883 / 40,66723

2, 0,1784462 / 40,80927

1, 0,1108805 / 40,92333

0, 0,0670455 / 40,99038

1, 0,597923 / 41,55421

0, 0,0533617 / 41,60757

StartAnim : faceSmile / 41,60757

2, 0,1983919 / 41,78674

1, 0,6328107 / 42,40957

0, 3,112907 / 45,52248

1, 0,2298323 / 45,72248

0, 0,0649525 / 45,78743

1, 0,4643212 / 46,20782

0, 0,0900255 / 46,29784

1, 0,261953 / 46,52516

2, 0,0555577 / 46,57994

0, 0,118193 / 46,69814

2, 0,0536263 / 46,72277

0, 0,1986959 / 46,92147

3, 0,0281389 / 46,92147

0, 0,3459429 / 47,26742

2, 0,0300912 / 47,26742

0, 0,2313571 / 47,49877

2, 0,0607418 / 47,52258

0, 1,262365 / 48,78495

4, 0,0889749 / 48,83809

0, 0,0591855 / 48,89727

2, 0,1282645 / 49,00184

0, 0,3066755 / 49,30851

2, 0,0260136 / 49,30851

0, 0,2872147 / 49,59572

1, 0,201339 / 49,76505

0, 0,0606444 / 49,8257

1, 0,2591524 / 50,05547

0, 1,027241 / 51,08273

3, 0,030421 / 51,08273

0, 0,0846887 / 51,16742

5, 0,0622742 / 51,16742

2, 0,1252618 / 51,24011

0, 2,825675 / 54,06578

1, 0,0558864 / 54,09709

0, 0,3121184 / 54,40921

2, 0,168029 / 54,55444

5, 0,0259372 / 54,55444

0, 0,0826389 / 54,63707

2, 0,031064 / 54,69771

5, 0,1984775 / 54,81245

0, 0,052652 / 54,8651

2, 0,1127258 / 54,95291

5, 0,1127258 / 54,95291

0, 0,0542181 / 55,00713

4, 0,0304607 / 55,00713

5, 0,0907619 / 55,09749

0, 1,0839 / 56,18139

2, 0,028886 / 56,18139

0, 0,7436526 / 56,92503

2, 0,0307971 / 56,92503

1, 0,1430892 / 57,06536

0, 0,0576831 / 57,12305

1, 0,2593083 / 57,35675

0, 0,9403949 / 58,29714

1, 0,0263244 / 58,29714

StartAnim : LongLook / 58,41145

0, 0,6282628 / 58,92541

2, 0,0279927 / 58,92541

3, 0,0306827 / 58,96474

2, 0,2186204 / 59,17471

StartAnim : CaresseEntreCuisse / 62,85323

0, 3,989717 / 63,16445

1, 0,2307698 / 63,36543

0, 0,25944 / 63,62487

1, 0,0509747 / 63,6526

2, 0,05372 / 63,71257

5, 0,2385932 / 63,93979

0, 0,0539045 / 63,99369

4, 0,4245817 / 64,39586

5, 0,0315025 / 64,42481

2, 0,1135892 / 64,54415

0, 0,1984339 / 64,74259

2, 0,0607012 / 64,76479

0, 0,2333863 / 64,99816

2, 0,0259202 / 64,99816

1, 0,0892828 / 65,07861

0, 0,0597925 / 65,1384

1, 0,5700454 / 65,67801

5, 0,0519271 / 66,10876

5, 0,0561944 / 66,19312

5, 0,0323308 / 66,2503

2, 0,6288854 / 66,31625

0, 0,0472992 / 66,36354

3, 0,6216173 / 66,96554

0, 0,3148715 / 67,2804

2, 0,0247868 / 67,2804

0, 0,0677741 / 67,34818

2, 0,0321995 / 67,34818

3, 0,0355746 / 67,38551

StartAnim : faceSmile / 68,38563

0, 1,141564 / 68,52704

1, 0,0588386 / 68,55338

0, 0,143771 / 68,69714

1, 0,5707226 / 69,23768

0, 0,4311312 / 69,66882

2, 0,2300674 / 69,87498

0, 0,5203425 / 70,39532

1, 0,0219971 / 70,39532

**********------------scene4------------**********

0, 2,216875 / 0,575253

2, 0,2829461 / 0,8306673

2, 0,1411912 / 1,259074

2, 0,1432931 / 1,429033

4, 0,0566751 / 1,546674

5, 0,809829 / 1,63448

0, 0,4541418 / 2,088622

2, 0,0279565 / 2,088622

0, 0,0583271 / 2,146949

2, 0,1162973 / 2,240871

StartAnim : LongLook / 2,503504

1, 0,5293856 / 2,762582

StartAnim : HandSalute / 2,788926

0, 0,1084071 / 2,870989

2, 0,199766 / 3,048756

0, 0,0572159 / 3,105972

2, 0,114597 / 3,186699

4, 0,08492251 / 3,271794

5, 0,472851 / 3,629201

2, 0,2265738 / 3,860883

0, 0,0546146 / 3,915497

1, 0,2857881 / 4,173281

2, 0,0562352 / 4,229669

4, 0,4722964 / 4,702134

5, 0,4992285 / 4,732618

0, 0,1670897 / 4,899707

6, 0,0181262 / 4,899707

0, 0,0621956 / 4,961903

3, 0,0621956 / 4,990259

0, 0,2117183 / 5,201977

4, 0,0961586 / 5,273133

5, 0,0961586 / 5,273133

0, 0,0597206 / 5,332854

4, 0,3549333 / 5,64765

5, 0,3549333 / 5,64765

0, 0,0521443 / 5,699794

4, 0,1149735 / 5,788424

5, 0,1407738 / 5,817207

7, 0,0287835 / 5,846565

0, 0,1145899 / 5,961154

7, 0,2808606 / 6,214494

5, 0,0701758 / 6,289124

0, 0,0589708 / 6,348095

7, 0,1390052 / 6,446327

5, 0,0181977 / 6,47079

2, 0,0244628 / 6,502602

4, 0,1033674 / 6,5681

4, 0,0180554 / 6,61421

5, 0,1153659 / 6,61421

0, 0,0439832 / 6,658193

4, 0,1746534 / 6,850125

4, 0,3144214 / 7,360347

5, 0,7461373 / 7,384843

0, 0,072976 / 7,457819

3, 0,0838881 / 7,515828

4, 0,0713106 / 7,587405

5, 0,0713106 / 7,587405

3, 0,0280388 / 7,615578

2, 0,0281731 / 7,650725

0, 0,0484236 / 7,699149

3, 0,0203354 / 7,699149

2, 0,0280882 / 7,729774

0, 0,186511 / 7,916285

1, 0,2702877 / 8,159189

0, 1,128527 / 9,287714

2, 0,0407931 / 9,316718

0, 0,2500514 / 9,566769

4, 0,0234701 / 9,589965

4, 0,1416282 / 9,760234

5, 0,2747702 / 9,814691

0, 0,057774 / 9,872464

7, 0,0206909 / 9,872464

0, 0,1128359 / 9,9853

7, 0,0275376 / 9,9853

0, 0,1051972 / 10,0905

3, 0,0649993 / 10,11583

5, 0,3918429 / 10,44872

0, 0,7968099 / 11,24553

7, 0,1149453 / 11,33874

0, 0,6211044 / 11,95985

7, 0,0307113 / 11,95985

0, 0,0875278 / 12,04737

7, 0,0565655 / 12,04737

0, 0,4956512 / 12,54302

2, 0,0282701 / 12,54302

0, 0,0658615 / 12,60888

2, 0,1162321 / 12,68719

0, 0,1468369 / 12,83403

2, 0,0235335 / 12,83403

0, 0,2949542 / 13,12899

4, 0,3419131 / 13,49789

2, 0,8012148 / 13,90429

3, 0,0305378 / 13,93109

5, 0,0573393 / 13,95977

2, 0,0286772 / 13,9857

0, 0,0620605 / 14,04776

StartAnim : LongLook / 14,28928

1, 0,5750816 / 14,58586

0, 0,0430569 / 14,62892

1, 0,0226324 / 14,62892

0, 0,0606834 / 14,6896

5, 0,0287788 / 14,6896

2, 0,0319046 / 14,7267

0, 0,3026463 / 15,02935

4, 0,0182425 / 15,02935

5, 0,0434203 / 15,05753

0, 0,060403 / 15,11794

2, 0,0322518 / 15,11794

2, 0,0358542 / 15,17153

4, 0,0962572 / 15,17153

0, 0,1789774 / 15,35051

2, 0,0209864 / 15,35051

4, 0,528632 / 15,87525

5, 0,5567241 / 15,93751

0, 0,0506231 / 15,98813

7, 0,0207052 / 15,98813

0, 0,1272924 / 16,11543

7, 0,0165174 / 16,11543

3, 0,0289433 / 16,14344

0, 0,0429626 / 16,1864

2, 0,0211055 / 16,1864

3, 0,0218571 / 16,21944

5, 0,0218571 / 16,21944

2, 0,0330348 / 16,26001

0, 0,1459311 / 16,40595

2, 0,0550551 / 16,42929

0, 4,415134 / 20,84443

1, 0,0574953 / 20,87283

0, 0,5983165 / 21,47114

2, 0,0740159 / 21,51716

0, 0,0578259 / 21,57499

3, 0,0273953 / 21,57499

StartAnim : EyeBlink / 21,87339

7, 0,3981776 / 21,9692

0, 0,0452022 / 22,01441

5, 0,0190682 / 22,01441

0, 0,1452772 / 22,15968

5, 0,1017502 / 22,22793

0, 0,0429491 / 22,27088

5, 0,0429491 / 22,30019

2, 0,053015 / 22,34111

1, 0,1770219 / 22,53057

0, 0,2837397 / 22,81431

1, 0,0263243 / 22,81431

0, 0,1297041 / 22,94401

1, 0,0799982 / 23,00498

0, 2,36695 / 25,37194

7, 0,115453 / 25,45792

0, 0,612198 / 26,07011

2, 0,1423053 / 26,17442

StartAnim : OpenLegs / 29,94071

0, 4,453215 / 30,62763

2, 0,1670176 / 30,76719

0, 0,3080828 / 31,07528

1, 0,2040135 / 31,24784

2, 0,0283039 / 31,27192

0, 0,0698971 / 31,34182

5, 0,0432643 / 31,37482

4, 0,0221878 / 31,48812

5, 0,1215895 / 31,57565

5, 0,0267422 / 31,62779

2, 0,4609838 / 31,78355

4, 0,043871 / 31,8079

5, 0,1557662 / 31,8079

0, 0,0520795 / 31,85998

4, 0,0520795 / 31,88993

4, 0,0227465 / 31,9303

2, 0,0176271 / 31,95926

4, 0,073051 / 32,02931

5, 0,1954552 / 32,02931

2, 0,0259554 / 32,06388

0, 0,0639257 / 32,12781

2, 0,0292784 / 32,12781

0, 0,362153 / 32,48996

1, 0,0307662 / 32,48996

0, 0,1109193 / 32,60088

1, 0,163845 / 32,74079

2, 1,018739 / 33,77184

0, 0,0559324 / 33,82777

2, 0,0559324 / 33,85683

5, 0,0290604 / 33,88815

0, 1,226207 / 35,11436

2, 0,0439147 / 35,14252

0, 0,1771243 / 35,31964

2, 0,0281769 / 35,31964

2, 0,0544189 / 35,42759

4, 0,256136 / 35,55342

4, 0,1733176 / 36,02698

4, 0,3167272 / 36,37016

4, 0,3821076 / 36,80117

4, 0,0272175 / 36,91251

4, 0,1415641 / 37,07065

4, 0,1545685 / 37,31142

5, 1,997677 / 37,31142

0, 0,102083 / 37,41351

2, 0,0292493 / 37,41351

1, 0,0247437 / 37,44646

StartAnim : touchCouchInvite / 38,98407

0, 1,639187 / 39,08565

2, 0,0266099 / 39,08565

0, 0,0575373 / 39,14318

2, 0,5998597 / 39,71575

0, 0,1971581 / 39,91291

5, 0,0293401 / 39,91291

StartAnim : FaceSmile / 40,78456

0, 2,17211 / 42,08504

1, 0,6209429 / 42,67017

2, 0,0498332 / 42,72826

0, 0,0615071 / 42,78977

2, 0,0859544 / 42,84564

5, 0,0859544 / 42,84564

0, 0,0391465 / 42,88479

5, 0,0605366 / 42,97127

2, 0,1516073 / 43,01221

5, 0,1630841 / 43,18617

0, 0,1113195 / 43,29749

2, 0,1374122 / 43,40051

1, 0,0165814 / 43,43061

0, 0,2854499 / 43,71606

1, 0,0612169 / 43,74578

0, 0,1406723 / 43,88646

1, 0,1656328 / 44,02927

0, 0,4186371 / 44,44791

2, 0,4437253 / 44,85715

5, 0,5699481 / 45,42965

0, 2,197364 / 47,62701

2, 0,0196208 / 47,62701

5, 0,0196208 / 47,62701

3, 0,0235179 / 47,66599

5, 0,0389788 / 47,68793

0, 4,355198 / 52,04313

3, 0,0683959 / 52,08413

**********------------scene5------------**********

0, 0,7326639 / 0,5057729

2, 0,0310539 / 0,5057729

0, 0,0536858 / 0,5594587

2, 0,5691062 / 1,107035

0, 0,1965296 / 1,303565

4, 0,8147257 / 2,401905

3, 0,0285496 / 2,431082

5, 1,156204 / 2,431082

0, 0,0902106 / 2,521293

4, 0,0791346 / 2,573431

5, 0,0791346 / 2,573431

0, 1,0043 / 3,57773

1, 0,1973815 / 3,733877

0, 1,237691 / 4,971569

7, 0,0714008 / 5,036251

0, 0,5486109 / 5,584862

5, 0,0286306 / 5,606201

0, 0,8116575 / 6,417859

3, 0,0281092 / 6,417859

0, 0,1278909 / 6,545749

2, 0,0798884 / 6,602247

2, 0,2011574 / 6,830667

4, 0,5840082 / 7,159051

4, 0,0721345 / 7,261147

5, 0,4277823 / 7,261147

2, 0,0299613 / 7,296896

1, 0,527144 / 7,816599

0, 0,2858637 / 8,102463

2, 0,0306158 / 8,102463

0, 0,2264798 / 8,328942

2, 0,0241599 / 8,328942

5, 0,0228263 / 8,363542

0, 0,051907 / 8,415449

4, 0,4716567 / 9,558444

5, 1,1949 / 9,590014

0, 0,0873861 / 9,677401

5, 0,0337131 / 9,677401

StartAnim : ShortLook / 9,677401

StartAnim : FaceSmile / 10,6415

0, 2,251479 / 11,92888

7, 0,1582902 / 12,05887

0, 0,1763209 / 12,23519

7, 0,045226 / 12,25845

5, 0,023261 / 12,28835

2, 0,029901 / 12,32126

0, 0,182171 / 12,50343

1, 0,0256638 / 12,50343

2, 0,0306509 / 12,54107

1, 0,0376398 / 12,56607

0, 0,307625 / 12,87369

1, 0,4673974 / 13,30504

0, 0,4552185 / 13,76025

4, 0,0255732 / 13,76025

5, 0,3747347 / 14,10343

0, 0,0556825 / 14,15911

4, 0,26064 / 14,77466

5, 0,6440122 / 14,77466

0, 0,0547315 / 14,82939

4, 0,1714304 / 14,97492

5, 0,1714304 / 14,97492

0, 0,5701714 / 15,54509

1, 0,0249113 / 15,54509

0, 3,758418 / 19,3035

2, 0,0258244 / 19,3035

0, 0,2431542 / 19,54666

1, 0,024387 / 19,54666

StartAnim : OpenLegs / 20,12639

0, 1,093386 / 20,64004

3, 0,0278049 / 20,64004

2, 0,0114637 / 20,67257

0, 0,2374246 / 20,90999

4, 0,1248967 / 21,01559

5, 0,152679 / 21,04215

0, 0,1046996 / 21,14685

5, 0,09889231 / 21,22012

0, 0,0644842 / 21,2846

5, 0,0374196 / 21,30689

0, 0,2247769 / 21,53167

5, 0,0612031 / 21,56549

0, 0,0517158 / 21,61721

5, 0,228811 / 21,81549

0, 0,043719 / 21,85921

5, 0,0251369 / 21,85921

0, 0,0570652 / 21,91627

5, 0,0570652 / 21,94782

0, 0,0491274 / 21,99695

5, 0,2744447 / 22,24493

StartAnim : TouchCouchInvite / 22,45127

2, 0,291943 / 22,50213

0, 0,0437888 / 22,54592

2, 0,3442627 / 22,8714

StartAnim : LongLook / 22,96118

5, 0,1689759 / 23,04658

0, 0,055309 / 23,10189

5, 0,08219 / 23,15521

0, 0,045287 / 23,2005

5, 0,0742654 / 23,25742

StartAnim : FaceSmile / 23,36996

0, 0,8894084 / 24,14683

5, 0,3302898 / 24,45785

2, 0,0280107 / 24,4874

0, 0,0687378 / 24,55614

2, 0,0291948 / 24,55614

5, 0,039543 / 24,58598

0, 0,24137 / 24,82735

1, 1,003275 / 25,81544

0, 2,070308 / 27,88575

4, 0,0280497 / 27,88575

5, 0,0256206 / 27,91913

0, 0,0534308 / 27,97256

5, 0,6554261 / 28,60486

4, 0,2001862 / 28,74523

5, 0,0292866 / 28,76995

0, 0,0694863 / 28,83944

5, 0,0308975 / 28,83944

0, 0,6451606 / 29,48461

3, 0,0278127 / 29,48461

0, 0,0615388 / 29,54615

4, 0,0319653 / 30,25892

5, 0,7475221 / 30,25892

2, 0,0267879 / 30,28922

2, 0,0281464 / 30,35322

5, 0,0584473 / 30,35322

1, 0,0358594 / 30,39137

0, 0,1113399 / 30,50271

StartAnim : PenisTouch / 31,74561

1, 1,640958 / 32,1034

StartAnim : ShortLook / 32,36884

2, 0,7726214 / 32,87824

StartAnim : CloseEyes / 35,057

StartAnim : OpenEyes / 37,86895

StartAnim : StartErect / 38,16885

4, 7,944034 / 40,82636

5, 7,969418 / 40,84482

0, 0,0563236 / 40,90115

4, 0,1889749 / 41,08594

5, 0,1889749 / 41,08594

0, 1,200928 / 42,28686

1, 0,0338706 / 42,28686

0, 0,1142919 / 42,40115

1, 0,0291746 / 42,40115

0, 0,0571685 / 42,45832

1, 0,0571685 / 42,4856

0, 0,0575309 / 42,54313

1, 0,0335702 / 42,54313

StartAnim : CloseEyes / 43,01278

StartAnim : OpenEyes / 44,55634

0, 2,825946 / 45,36908

1, 0,06567679 / 45,42271

0, 0,7190931 / 46,14181

1, 0,0255769 / 46,14181

StartAnim : CloseEyes / 47,90132

0, 2,244656 / 48,38646

2, 0,0441922 / 48,41122

4, 0,1214504 / 48,68424

5, 0,2773111 / 48,68424

0, 0,0620039 / 48,74624

4, 0,0620039 / 48,77216

4, 0,0461574 / 48,91198

5, 0,2014622 / 48,91198

2, 0,0262856 / 48,94081

0, 0,1465921 / 49,0874

1, 0,0213201 / 49,0874

0, 0,741474 / 49,82887

2, 0,3810725 / 50,18923

0, 0,0403208 / 50,22955

1, 0,0207029 / 50,22955

5, 0,0196179 / 50,2542

StartAnim : OpenEyes / 50,27631

0, 0,0460557 / 50,30025

1, 0,3905827 / 50,68561

StartAnim : StopTouchPenis / 50,74447

0, 0,3126287 / 50,99824

2, 0,0679044 / 51,03981

0, 0,0599539 / 51,09976

4, 0,1903698 / 51,27205

5, 0,4360165 / 51,52752

2, 0,0546274 / 51,58925

StartAnim : TouchCouchInvite / 51,71624

0, 0,5602649 / 52,14951

2, 0,0650475 / 52,20324

5, 0,5051659 / 52,67155

0, 0,0782348 / 52,74979

5, 0,8901678 / 53,6134

0, 0,08738101 / 53,70078

5, 0,0298589 / 53,70078

5, 0,0556772 / 53,79068

2, 0,6704063 / 54,36761

**********------------scene6------------**********

5, 0,0686881 / 0,0258657

0, 0,4447582 / 0,4706239

5, 0,0584725 / 0,5012655

0, 0,0655582 / 0,5668237

2, 0,0867884 / 0,6431563

2, 0,029921 / 0,7010584

StartAnim : OpenLegs / 0,7010584

5, 0,7115788 / 1,243709

0, 0,1749011 / 1,41861

5, 0,0269857 / 1,41861

2, 0,0303853 / 1,454072

5, 0,0354617 / 1,486367

0, 0,0565794 / 1,542946

1, 0,3135088 / 1,825759

2, 0,4881626 / 2,312936

0, 0,210088 / 2,523024

1, 0,5547781 / 3,027875

0, 0,3983384 / 3,426213

2, 0,0757176 / 3,468143

0, 1,800728 / 5,26887

2, 0,0200596 / 5,26887

4, 0,8716187 / 6,570552

StartAnim : LongLook / 6,889392

StartAnim : StartTouchPenis / 6,91445

4, 0,6556192 / 7,742655

5, 2,487879 / 7,742655

2, 0,0303003 / 7,778223

0, 0,1522853 / 7,930509

1, 0,5058659 / 8,400607

5, 0,0246355 / 8,429345

0, 0,1153738 / 8,544719

1, 0,026042 / 8,544719

0, 0,0555269 / 8,600245

2, 0,0555269 / 8,628538

0, 0,0604713 / 8,68901

4, 0,628484 / 9,286245

5, 0,628484 / 9,286245

0, 0,0875223 / 9,373768

2, 0,0257995 / 9,373768

0, 0,482964 / 9,85673

2, 0,0277672 / 9,85673

StartAnim : CloseEyes / 10,03013

0, 0,4426273 / 10,29936

1, 0,029839 / 10,29936

0, 0,0582412 / 10,3576

StartAnim : OpenEyes / 11,97326

1, 1,812845 / 12,14449

0, 0,5112966 / 12,65579

3, 0,0248752 / 12,65579

0, 0,1195731 / 12,77536

1, 0,0291342 / 12,77536

0, 0,6555786 / 13,43094

4, 0,2453928 / 13,66826

5, 0,2749454 / 13,66826

0, 0,043028 / 13,71129

4, 0,0286571 / 13,71129

5, 0,8633347 / 14,55877

0, 0,5837717 / 15,14254

3, 0,0294929 / 15,14254

4, 0,0647721 / 15,20127

5, 0,1303721 / 15,27036

3, 0,0883628 / 15,35751

4, 0,0249527 / 15,38864

5, 0,1471065 / 15,44219

0, 0,0491237 / 15,49131

4, 0,0491237 / 15,51857

5, 0,0491237 / 15,51857

2, 0,3647594 / 15,88737

StartAnim : CloseEyes / 19,19935

0, 3,781652 / 19,66902

2, 0,1328828 / 19,7692

0, 0,0580588 / 19,82726

1, 0,0580588 / 19,86577

0, 0,1324423 / 19,99821

1, 0,3988043 / 20,36779

0, 0,1501098 / 20,5179

2, 0,09806409 / 20,81322

5, 1,300703 / 21,78199

StartAnim : OpenEyes / 21,82773

0, 0,3514875 / 22,13348

4, 0,1464993 / 22,26924

5, 0,1755868 / 22,26924

0, 0,0628694 / 22,33211

4, 0,0628694 / 22,35355

5, 0,0843149 / 22,3791

0, 0,1088222 / 22,48792

4, 0,0262997 / 22,48792

5, 0,0262997 / 22,48792

0, 0,070582 / 22,55851

4, 0,0401838 / 22,55851

5, 0,0401838 / 22,55851

5, 0,0829355 / 22,74231

5, 0,0249217 / 22,84881

3, 0,3624323 / 22,9112

5, 0,1080991 / 22,98085

3, 0,3106193 / 23,26982

4, 0,0487502 / 23,30976

4, 0,1714574 / 23,82625

4, 0,2384605 / 24,11031

5, 0,9074352 / 24,17133

0, 0,0402428 / 24,21158

5, 0,0402428 / 24,22854

0, 0,0687761 / 24,29732

4, 0,0153249 / 24,29732

4, 0,0531588 / 24,39772

StartAnim : CloseEyes / 24,64568

4, 0,2255015 / 24,66877

4, 0,061755 / 24,7608

5, 0,5068091 / 24,78427

0, 0,0818872 / 24,86616

4, 0,0303788 / 24,86616

4, 0,0281103 / 24,90957

5, 0,0976373 / 24,9344

0, 0,0535136 / 24,98792

4, 0,0315605 / 25,11263

4, 0,0284316 / 25,17168

4, 0,054512 / 25,25415

4, 0,0423174 / 25,35272

5, 0,3919653 / 25,35272

0, 0,0899666 / 25,44268

4, 0,0240624 / 25,48409

4, 0,0721021 / 25,66848

5, 0,2575717 / 25,66848

StartAnim : FastPenisTouch / 26,84247

StartAnim : OpenEyes / 26,98271

StartAnim : CloseEyes / 28,59791

0, 3,658232 / 29,3267

2, 0,012145 / 29,3267

0, 0,0714167 / 29,39812

5, 0,0162885 / 29,39812

StartAnim : OpenEyes / 29,51038

2, 0,1414151 / 29,53159

1, 0,0212059 / 29,55667

4, 0,0250849 / 29,58191

5, 0,0250849 / 29,58191

1, 0,3270529 / 29,91032

2, 0,051567 / 29,95231

4, 0,1303029 / 30,09159

5, 0,8453231 / 30,79745

0, 0,0449664 / 30,84242

4, 0,0268215 / 30,84242

5, 0,0268215 / 30,84242

3, 0,0181449 / 30,87492

StartAnim : CloseEyes / 31,04141

4, 0,4000114 / 31,26812

2, 0,0256923 / 31,29192

5, 0,4257037 / 31,29192

0, 0,3923618 / 31,68428

5, 0,572112 / 32,24334

0, 0,0863996 / 32,32973

5, 0,0309573 / 32,32973

0, 0,06872571 / 32,39846

5, 0,0361383 / 32,42859

0, 0,0827529 / 32,51135

5, 0,0332929 / 32,51135

0, 0,0596745 / 32,57102

StartAnim : OpenEyes / 32,77279

5, 0,3438019 / 32,88698

StartAnim : PenisEjac / 33,38499

0, 0,9582592 / 33,84525

4, 0,0252695 / 33,84525

5, 0,0252695 / 33,84525

0, 0,0879853 / 33,93324

4, 0,0879853 / 33,9565

5, 0,0879853 / 33,9565

0, 0,0549771 / 34,01147

4, 0,2861559 / 34,26682

5, 0,2861559 / 34,26682

0, 1,359411 / 35,62624

7, 0,0309959 / 35,62624

StartAnim : StopTouchPenis / 36,41424

0, 1,04603 / 36,67226

7, 0,0601813 / 36,70655

0, 0,2296367 / 36,93618

7, 0,0306527 / 36,93618

StartAnim : DeErect / 37,22746

0, 0,4619953 / 37,39816

6, 0,0329262 / 37,39816

0, 0,6448191 / 38,04297

4, 0,370977 / 38,38617

0, 0,3674449 / 38,75361

5, 0,0300221 / 38,75361

0, 0,0595902 / 38,8132

5, 0,0595902 / 38,84192

0, 0,3133131 / 39,15523

5, 0,07947 / 39,21249

0, 0,0881325 / 39,30062

5, 0,091782 / 39,35758

4, 0,0483486 / 39,41211

5, 0,0265499 / 39,44423

4, 0,0321208 / 39,48229

0, 0,1332829 / 39,61558

5, 0,088704 / 39,67308

0, 0,1090269 / 39,78211

4, 0,0371932 / 39,78211

0, 0,07588691 / 39,858

4, 0,0482689 / 39,8857

0, 0,1402492 / 40,02595

5, 0,15217 / 40,15698

0, 0,1710585 / 40,32804

1, 0,5742249 / 40,86922

**********------------Fin_Relaxation------------**********

