**********------------scene1------------**********

0, 0,5954919 / 0,5954919

3, 0,3254243 / 0,8939299

0, 0,416832 / 1,310762

3, 0,088182 / 1,365764

0, 0,0864268 / 1,452191

1, 1,043722 / 2,482581

0, 0,8706667 / 3,353248

3, 0,1152513 / 3,43793

0, 0,0566868 / 3,494616

1, 3,774404 / 7,253128

0, 0,6573953 / 7,910523

3, 0,3477257 / 8,221393

0, 0,0626139 / 8,284006

2, 0,0296863 / 8,284006

0, 0,6000526 / 8,884059

3, 0,3572822 / 9,221756

0, 0,0595121 / 9,281268

4, 0,4458663 / 9,695724

0, 0,1989664 / 9,894691

2, 0,0254642 / 9,894691

0, 0,3319316 / 10,22662

1, 0,3523551 / 10,53559

0, 0,0901156 / 10,6257

3, 0,4575356 / 11,05389

4, 0,0302687 / 11,09343

5, 0,0302687 / 11,09343

0, 0,19895 / 11,29238

4, 0,0335917 / 11,29238

3, 0,195499 / 11,48306

0, 2,313648 / 13,7967

2, 0,1259978 / 13,88667

0, 0,09521531 / 13,98188

3, 0,0556646 / 14,01325

0, 0,1096504 / 14,1229

2, 0,0358003 / 14,1229

1, 1,923234 / 16,03948

0, 0,7406878 / 16,78016

1, 0,8962234 / 17,64949

0, 0,4320772 / 18,08157

2, 0,0429935 / 18,08157

0, 0,07755031 / 18,15912

1, 0,07755031 / 18,19179

0, 0,4912314 / 18,68302

3, 0,6225736 / 19,28174

4, 0,0390577 / 19,44423

5, 0,2416829 / 19,526

2, 0,0430792 / 19,55947

0, 0,3769317 / 19,93641

1, 0,2695387 / 20,1713

0, 1,037327 / 21,20863

1, 0,035133 / 21,20863

2, 0,0376345 / 21,24498

0, 0,6087192 / 21,8537

1, 0,2450012 / 22,07024

2, 0,0308779 / 22,10842

3, 0,0381779 / 22,13989

0, 0,4827056 / 22,6226

3, 0,2111493 / 22,79665

0, 0,7984577 / 23,5951

1, 0,4143836 / 23,9755

0, 2,688629 / 26,66413

1, 0,1141529 / 26,73391

0, 1,438182 / 28,17209

3, 0,1638857 / 28,28728

0, 0,1342595 / 28,42154

3, 1,284243 / 29,66313

0, 0,1872877 / 29,85042

4, 0,1401378 / 29,97313

3, 0,5697728 / 30,4218

0, 0,5331534 / 30,95496

3, 0,4852646 / 31,39647

0, 0,5831074 / 31,97957

1, 0,8433972 / 32,81077

0, 0,2473719 / 33,05814

3, 0,5145305 / 33,52587

0, 0,4529161 / 33,97878

6, 0,104644 / 34,05653

0, 0,3390175 / 34,39555

3, 0,2156509 / 34,57015

0, 0,0714285 / 34,64158

1, 0,7393336 / 35,35056

2, 0,1747967 / 35,52304

3, 0,4127623 / 35,92957

0, 1,685988 / 37,61557

2, 0,0316987 / 37,61557

0, 0,2783321 / 37,8939

1, 0,2556357 / 38,11234

0, 0,3945919 / 38,50694

3, 0,0303517 / 38,50694

0, 0,3753623 / 38,8823

4, 0,8027028 / 39,64976

0, 0,0806068 / 39,73037

3, 0,2158958 / 39,90589

0, 0,072751 / 39,97864

4, 0,072751 / 40,01299

0, 0,2497576 / 40,26275

3, 0,026949 / 40,26275

0, 0,357772 / 40,62053

4, 0,1420217 / 40,73464

0, 0,2642005 / 40,99884

1, 2,000072 / 42,95294

0, 0,4579041 / 43,41084

4, 0,3569144 / 43,72811

0, 5,670128 / 49,39826

1, 1,359261 / 50,72258

2, 0,0286631 / 50,76711

0, 0,2499425 / 51,01704

3, 0,3780531 / 51,36801

4, 0,2228577 / 51,57945

0, 0,0778655 / 51,65732

3, 0,3087075 / 51,92702

0, 0,5243793 / 52,4514

1, 0,3388484 / 52,76768

0, 0,2873105 / 53,05499

2, 0,9104597 / 53,92569

0, 0,5553627 / 54,48105

3, 0,1862108 / 54,6484

0, 1,457809 / 56,10622

2, 0,0675048 / 56,14824

0, 1,492655 / 57,64089

3, 0,3352952 / 57,93426

0, 0,1174276 / 58,05169

1, 0,8657109 / 58,86697

StartAnim : touchMagazine / 58,90453

0, 0,1028385 / 58,96981

4, 0,2182109 / 59,16704

0, 3,873356 / 63,04037

5, 0,0304843 / 63,04037

0, 0,0693405 / 63,10971

5, 0,1819867 / 63,25364

0, 0,0678259 / 63,32147

4, 0,229577 / 63,52811

0, 0,0931714 / 63,62128

4, 0,0416204 / 63,62128

0, 0,9330398 / 64,55432

4, 0,0417854 / 64,55432

5, 0,0417854 / 64,55432

0, 0,2994928 / 64,85382

1, 0,6942117 / 65,5246

0, 0,1704497 / 65,69505

1, 0,1182471 / 65,77021

0, 0,5776081 / 66,34782

3, 0,0444826 / 66,34782

0, 0,3361732 / 66,684

2, 0,2682104 / 66,91349

4, 0,0481594 / 66,95073

0, 0,5883714 / 67,53912

4, 0,0278569 / 67,53912

**********------------scene2------------**********

0, 0,6681265 / 0,3271455

3, 0,1401313 / 0,4283796

0, 0,3685914 / 0,7969709

3, 0,2330458 / 1,002194

0, 0,1741615 / 1,176355

3, 0,0259405 / 1,176355

0, 0,1352143 / 1,31157

3, 0,4931 / 1,774893

0, 0,3946894 / 2,169582

1, 0,5956463 / 2,709882

0, 0,1763759 / 2,886257

3, 0,349886 / 3,182218

0, 0,7711149 / 3,953333

3, 0,0326321 / 3,953333

0, 0,4287815 / 4,382114

5, 0,6534249 / 4,999199

0, 0,0576039 / 5,056803

3, 0,0256236 / 5,056803

5, 0,1151589 / 5,175925

0, 0,0930149 / 5,26894

3, 0,024822 / 5,26894

0, 0,383007 / 5,651947

3, 0,1707425 / 5,809272

0, 1,571779 / 7,381051

1, 1,970412 / 9,324608

0, 1,160935 / 10,48554

3, 0,298344 / 10,73668

0, 0,1242043 / 10,86088

3, 0,0260434 / 10,86088

0, 2,654284 / 13,51516

6, 0,0342643 / 13,51516

0, 2,267984 / 15,78315

2, 0,0332337 / 15,78315

0, 0,0708809 / 15,85403

1, 0,0362666 / 15,85403

0, 0,2126247 / 16,06665

1, 0,4987623 / 16,53972

2, 0,0279995 / 16,56871

0, 0,4130201 / 16,98173

3, 0,4595752 / 17,39919

0, 2,909935 / 20,30912

1, 0,624989 / 20,89642

0, 0,1278185 / 21,02424

1, 0,2529346 / 21,24956

0, 0,4901485 / 21,7397

3, 0,0238275 / 21,7397

0, 1,14455 / 22,88424

3, 0,9999124 / 23,85462

0, 0,2751438 / 24,12977

3, 0,0314307 / 24,12977

0, 0,1252434 / 24,25501

3, 0,1715554 / 24,39906

0, 0,6563803 / 25,05544

3, 0,0281174 / 25,05544

0, 0,1323291 / 25,18777

1, 0,4412472 / 25,59874

0, 1,509555 / 27,1083

2, 0,1507728 / 27,22456

0, 0,7968955 / 28,02146

2, 0,0284258 / 28,02146

0, 0,9468707 / 28,96833

5, 0,3461119 / 29,26611

0, 0,0903283 / 29,35644

3, 0,0297532 / 29,35644

0, 1,372879 / 30,72932

1, 0,4501866 / 31,13797

0, 0,1172073 / 31,25517

1, 0,08132049 / 31,28695

0, 0,7815632 / 32,06852

3, 0,0302818 / 32,06852

0, 0,1305238 / 32,19904

4, 0,0563453 / 32,24087

0, 0,9124806 / 33,15335

3, 0,0883427 / 33,21695

0, 0,3124008 / 33,52935

2, 0,0311221 / 33,52935

0, 1,024829 / 34,55418

1, 0,841372 / 35,37199

0, 0,8928007 / 36,26479

1, 0,7273998 / 36,97257

StartAnim : shortLook / 38,81883

0, 2,353344 / 39,3259

2, 0,0310503 / 39,3259

1, 1,440916 / 40,75387

0, 0,0564913 / 40,81036

3, 0,1417655 / 40,92679

0, 0,2468121 / 41,1736

4, 0,06430539 / 41,21038

**********------------scene3------------**********

0, 0,6022407 / 0,5734454

3, 0,0212256 / 0,5734454

0, 0,0832015 / 0,656647

3, 0,2547457 / 0,8885601

0, 0,3744144 / 1,262974

1, 0,3113425 / 1,541187

2, 0,2152308 / 1,757708

0, 0,0616511 / 1,819359

4, 0,0282001 / 1,819359

0, 0,6817148 / 2,501074

3, 0,0551664 / 2,534001

0, 2,365455 / 4,899457

1, 0,9405929 / 5,818997

0, 1,026302 / 6,845299

4, 0,4844917 / 7,299998

0, 0,569553 / 7,869551

3, 0,2302351 / 8,068082

0, 0,1178188 / 8,185901

1, 0,4819895 / 8,644592

0, 0,7703575 / 9,414951

3, 0,0314479 / 9,414951

0, 0,0714162 / 9,486367

3, 0,0714162 / 9,51263

0, 0,4587024 / 9,971331

3, 0,3445513 / 10,29044

0, 0,6221683 / 10,91261

3, 0,3982846 / 11,28866

0, 1,341626 / 12,63029

2, 0,1132473 / 12,71395

0, 0,2911846 / 13,00514

3, 0,570932 / 13,54445

0, 0,0587544 / 13,6032

3, 0,0318649 / 13,6032

0, 0,058355 / 13,66156

3, 0,2896376 / 13,91497

0, 1,689539 / 15,60451

4, 0,5746925 / 16,1488

0, 0,3536224 / 16,50242

2, 0,0266785 / 16,50242

1, 0,437169 / 16,94247

0, 0,3890878 / 17,33155

1, 0,7455597 / 18,04563

0, 0,167684 / 18,21331

3, 0,2946567 / 18,49318

0, 0,0506373 / 18,54382

3, 0,0822195 / 18,60246

0, 0,3420289 / 18,94448

1, 0,6829731 / 19,60396

0, 1,168316 / 20,77229

3, 0,0297752 / 20,77229

0, 0,2531786 / 21,02546

4, 0,0332685 / 21,02546

0, 0,2322516 / 21,25772

2, 0,1091822 / 21,372

2, 0,0305053 / 21,5122

2, 0,030777 / 21,60048

5, 0,4313458 / 21,66389

4, 0,4387544 / 22,09948

0, 1,084227 / 23,1837

4, 0,0496928 / 23,21653

0, 0,2832075 / 23,49974

4, 0,0334008 / 23,49974

0, 0,0883685 / 23,58811

1, 0,2564185 / 23,78421

0, 0,2340033 / 24,01821

2, 0,2301018 / 24,2187

0, 0,249603 / 24,4683

2, 0,0373252 / 24,4683

1, 0,3315744 / 24,8113

0, 1,318766 / 26,13007

1, 0,8864218 / 26,98326

0, 0,4307124 / 27,41397

3, 0,3452273 / 27,73061

0, 0,0523574 / 27,78297

3, 0,2030883 / 27,95366

0, 0,4294888 / 28,38315

4, 0,7155837 / 29,07012

5, 0,3689532 / 29,4427

0, 0,0552445 / 29,49794

4, 0,0552445 / 29,52968

0, 0,1681507 / 29,69783

3, 0,139586 / 29,81662

4, 0,033372 / 29,84611

3, 0,0294929 / 29,8751

2, 0,0289923 / 29,90126

0, 0,4290147 / 30,33027

3, 0,0310895 / 30,33027

0, 0,1152448 / 30,44552

3, 0,0305801 / 30,44552

0, 0,1385682 / 30,58409

3, 0,60265 / 31,15379

0, 0,3448677 / 31,49866

3, 0,0207195 / 31,49866

0, 0,0554464 / 31,5541

5, 0,0315696 / 31,5541

2, 0,0554464 / 31,58305

0, 0,0843212 / 31,66737

1, 0,0269576 / 31,66737

0, 0,2869762 / 31,95435

2, 0,0569134 / 31,98235

3, 0,3408334 / 32,38158

5, 0,5135671 / 32,49852

StartAnim : armStretch / 32,81408

0, 0,6015638 / 33,10008

2, 0,8883305 / 33,9532

0, 0,5439585 / 34,49716

2, 0,0234967 / 34,49716

1, 0,3154985 / 34,81457

0, 0,0536715 / 34,86824

2, 0,0289403 / 34,86824

0, 0,6620103 / 35,53025

4, 0,0607187 / 35,55307

0, 0,6880379 / 36,2411

4, 0,030209 / 36,2411

0, 0,6028758 / 36,84398

4, 0,0322247 / 36,84398

0, 0,0546991 / 36,89868

2, 0,0256965 / 36,89868

0, 0,0556691 / 36,95435

StartAnim : longLook / 37,09846

StartAnim : handSalute / 37,41394

1, 0,9699331 / 37,90035

0, 0,0828453 / 37,98319

5, 0,052362 / 38,01367

4, 1,086328 / 39,06813

0, 0,0678427 / 39,13597

2, 0,0317257 / 39,13597

1, 0,6304566 / 39,75551

0, 0,0874238 / 39,84293

1, 0,0839205 / 39,89872

0, 0,0537879 / 39,95251

4, 0,1680988 / 40,103

0, 0,5650824 / 40,66808

3, 0,4255809 / 41,06802

0, 0,2609399 / 41,32896

6, 0,0868381 / 41,38211

0, 0,08597369 / 41,46809

6, 0,0550229 / 41,5018

StartAnim : faceSmile / 41,6142

0, 0,1968225 / 41,69862

2, 0,0548922 / 41,73816

0, 0,1166432 / 41,8548

2, 0,1994687 / 42,02528

1, 1,139471 / 43,17186

0, 0,1405795 / 43,31245

1, 0,0264642 / 43,31245

0, 0,059316 / 43,37176

3, 0,3979281 / 43,74051

0, 1,328445 / 45,06895

2, 0,2848231 / 45,32943

1, 1,167282 / 46,49894

0, 0,112328 / 46,61127

1, 0,0585856 / 46,6428

0, 0,399135 / 47,04194

2, 0,0313146 / 47,04194

1, 1,452876 / 48,49798

0, 0,0561798 / 48,55416

2, 0,0301354 / 48,55416

0, 0,1125625 / 48,66672

1, 0,0712071 / 48,71067

0, 0,0880539 / 48,79873

4, 0,4306437 / 49,20359

0, 0,594852 / 49,79844

6, 0,1761637 / 49,94142

0, 0,056049 / 49,99747

4, 0,5459428 / 50,50969

3, 0,0223189 / 50,54106

4, 0,0313704 / 50,57558

0, 0,1347198 / 50,7103

3, 0,0344227 / 50,7103

0, 0,3772631 / 51,08756

3, 0,3725269 / 51,42538

0, 0,2671826 / 51,69256

4, 0,0293828 / 51,69256

5, 0,5405106 / 52,22425

2, 0,5764905 / 52,79924

0, 0,1110927 / 52,91033

4, 0,4001303 / 53,28845

0, 0,7977971 / 54,08625

4, 0,029997 / 54,08625

0, 0,3984241 / 54,48467

6, 0,0860634 / 54,53991

0, 0,1514519 / 54,69137

4, 0,0373479 / 54,69137

0, 0,0488597 / 54,74023

5, 0,4205815 / 55,14257

2, 0,598124 / 55,74174

0, 0,0534595 / 55,7952

2, 0,0855414 / 55,85541

0, 2,054326 / 57,90973

2, 0,0294331 / 57,90973

0, 0,1141371 / 58,02386

2, 0,2231459 / 58,2282

0, 0,08160511 / 58,3098

4, 0,0307797 / 58,3098

StartAnim : LongLook / 58,3977

0, 1,029989 / 59,33979

4, 0,8960798 / 60,21277

0, 0,4548129 / 60,66759

3, 0,0306493 / 60,66759

0, 1,228794 / 61,89639

3, 0,0891223 / 61,95504

0, 0,1984499 / 62,1535

4, 0,0332599 / 62,1535

5, 0,2236692 / 62,38084

StartAnim : CaresseEntreCuisse / 62,86694

4, 0,885694 / 63,26721

0, 0,4636317 / 63,73085

4, 0,8285112 / 64,52902

0, 0,0523286 / 64,58135

2, 0,2843958 / 64,83921

1, 0,7386 / 65,58092

2, 0,291677 / 65,86723

0, 0,0608133 / 65,92805

3, 0,3994552 / 66,29591

0, 0,1704334 / 66,46635

3, 0,1706589 / 66,61471

0, 0,0824868 / 66,6972

4, 0,054717 / 66,73412

0, 0,3627697 / 67,09691

4, 0,0501899 / 67,12933

0, 0,1420093 / 67,27134

4, 0,0585879 / 67,29521

0, 0,3183924 / 67,61361

4, 0,1989951 / 67,7898

3, 0,287413 / 68,0671

4, 0,0271043 / 68,09468

3, 0,1478838 / 68,24136

StartAnim : faceSmile / 68,41895

4, 0,251865 / 68,49528

3, 0,150408 / 68,55923

0, 0,0541378 / 68,61337

2, 0,2541892 / 68,85213

1, 0,2714696 / 69,1098

2, 0,0580834 / 69,1757

0, 0,3356505 / 69,51136

3, 0,4594845 / 69,9385

4, 0,026181 / 69,96969

0, 0,2840825 / 70,25377

3, 0,0326543 / 70,25377

0, 0,0560448 / 70,30981

2, 0,3144307 / 70,59506

1, 0,3170556 / 70,91217

2, 0,0546844 / 70,97013

1, 0,4285819 / 71,39666

2, 0,3167329 / 71,71136

0, 0,0651467 / 71,7765

2, 0,1125653 / 71,85462

**********------------scene4------------**********

0, 0,7112052 / 0,5413233

5, 0,116566 / 0,6250804

0, 0,1144866 / 0,739567

2, 1,224126 / 1,939979

5, 0,2843705 / 1,939979

0, 0,0872916 / 2,027271

5, 0,0849724 / 2,085648

0, 0,0597425 / 2,14539

5, 0,0271652 / 2,14539

0, 0,3856917 / 2,531082

StartAnim : LongLook / 2,531082

2, 0,2449099 / 2,739774

StartAnim : HandSalute / 2,827533

1, 0,2884661 / 3,026204

0, 0,0587781 / 3,084982

2, 0,3282328 / 3,369119

4, 0,7037532 / 4,24041

5, 0,8868703 / 4,24041

0, 0,2720137 / 4,512424

2, 0,0307615 / 4,547331

StartAnim : SitCrossLegs / 4,713902

1, 0,3441787 / 4,881057

2, 0,0244541 / 4,905671

0, 0,26711 / 5,172781

3, 0,0254318 / 5,172781

0, 0,1664024 / 5,339183

3, 0,1591702 / 5,483237

0, 0,1159466 / 5,599184

7, 0,2695791 / 5,840002

0, 0,0427883 / 5,882791

4, 0,5754534 / 6,484313

5, 0,6443099 / 6,509958

7, 0,3031397 / 6,816444

0, 0,0854147 / 6,901859

7, 0,0270909 / 6,901859

2, 0,0324965 / 6,934

1, 0,1116448 / 7,037818

5, 0,241356 / 7,692165

2, 1,082508 / 8,101871

5, 0,2769161 / 8,368808

3, 0,0235511 / 8,395322

5, 0,1885219 / 8,585306

3, 0,5809575 / 9,152528

7, 0,0142413 / 9,174121

0, 0,1220001 / 9,296122

7, 0,1484828 / 9,437037

0, 1,199732 / 10,63677

7, 0,0210503 / 10,63677

0, 0,1338288 / 10,7706

7, 0,3700127 / 11,12696

4, 0,0302856 / 11,15435

2, 0,6158537 / 11,73854

3, 0,0260071 / 11,76961

0, 0,4432013 / 12,21281

4, 0,0422701 / 12,25254

5, 0,1878234 / 12,38201

2, 1,283863 / 13,67126

0, 0,0552592 / 13,72652

3, 0,0552592 / 13,75418

2, 0,1558094 / 13,89676

StartAnim : LongLook / 14,31063

0, 0,5287595 / 14,42552

7, 0,0233405 / 14,42552

0, 0,472956 / 14,89848

7, 1,084875 / 15,94048

0, 1,072468 / 17,01295

1, 0,1716195 / 17,17185

0, 0,1976063 / 17,36946

1, 0,601624 / 17,95118

2, 0,7969723 / 18,74105

5, 0,2711577 / 19,01119

4, 0,2872549 / 19,03733

2, 0,4877708 / 19,50992

3, 0,027049 / 19,53118

3, 0,0283119 / 19,93961

5, 0,6450654 / 20,18806

0, 0,7532564 / 20,94131

3, 0,3955984 / 21,29548

0, 0,4980336 / 21,79352

StartAnim : EyeBlink / 21,90287

7, 0,4712402 / 22,23988

0, 0,0442306 / 22,28411

7, 0,7543626 / 23,01036

0, 0,2722625 / 23,28262

7, 1,573551 / 24,83734

0, 0,0432013 / 24,88054

3, 0,022791 / 24,88054

5, 0,0204103 / 24,91038

2, 0,6614152 / 25,56889

5, 0,2955699 / 25,85641

3, 0,0188761 / 25,88011

5, 0,1120992 / 25,99384

2, 0,4009017 / 26,39541

0, 0,0703955 / 26,46581

2, 0,1085452 / 26,55281

0, 0,0615823 / 26,6144

3, 0,4805642 / 27,083

2, 0,3170992 / 27,39425

3, 0,1232533 / 27,56916

5, 0,1693627 / 27,56916

0, 0,0621073 / 27,63127

2, 0,029517 / 27,63127

1, 1,011345 / 28,63795

2, 0,0279303 / 28,66041

0, 0,1377823 / 28,79819

2, 0,7155704 / 29,48092

3, 0,4168021 / 29,95251

5, 0,473122 / 29,95251

StartAnim : OpenLegs / 29,98266

0, 0,7852914 / 30,73781

5, 0,8431676 / 31,56942

5, 0,1206067 / 32,11423

2, 1,183481 / 32,71132

4, 0,0309274 / 33,39469

5, 0,7350145 / 33,4371

4, 0,0221753 / 33,46635

2, 2,079874 / 35,51195

4, 0,959563 / 36,48286

4, 0,5152054 / 37,22534

5, 2,72576 / 37,86646

0, 0,3036565 / 38,17011

5, 0,6918337 / 38,83795

StartAnim : touchCouchInvite / 39,01416

0, 0,3430302 / 39,18098

2, 1,111562 / 40,25417

0, 0,0419386 / 40,29611

3, 0,0260194 / 40,29611

0, 0,0720731 / 40,36819

2, 0,0987227 / 40,45301

5, 0,1450924 / 40,59322

StartAnim : FaceSmile / 40,81387

0, 0,3593203 / 40,95254

5, 0,082754 / 41,01098

0, 0,2013314 / 41,21231

5, 0,0236939 / 41,21231

2, 0,3140381 / 41,50904

0, 0,6837567 / 42,19279

5, 0,0176445 / 42,19279

0, 0,0504425 / 42,24323

4, 0,07244261 / 42,27953

0, 0,2889564 / 42,56849

2, 0,4007669 / 42,95226

0, 0,5978522 / 43,55011

2, 0,556107 / 44,09721

0, 0,0963899 / 44,19361

2, 0,4278923 / 44,61036

5, 0,9584775 / 45,1814

3, 0,7422656 / 45,92444

0, 0,1832954 / 46,10773

5, 0,0319016 / 46,10773

0, 0,3485607 / 46,45629

2, 0,0599831 / 46,48062

0, 0,2157117 / 46,69633

2, 0,4041395 / 47,09977

0, 0,6532397 / 47,75301

2, 0,7575973 / 48,47883

5, 0,355411 / 48,8367

0, 0,0434095 / 48,88011

2, 0,1042443 / 48,96814

1, 0,3541295 / 49,32296

2, 0,4001843 / 49,72393

0, 0,173051 / 49,89698

2, 0,0316345 / 49,89698

0, 0,5822613 / 50,47925

5, 0,4326166 / 50,896

2, 0,5429763 / 51,43684

1, 0,2831011 / 51,72532

2, 0,0590209 / 51,78037

0, 0,2589263 / 52,0393

**********------------scene5------------**********

2, 0,339859 / 0,0244982

0, 0,3154901 / 0,3399883

3, 0,1985609 / 0,5156841

2, 1,245635 / 1,755752

5, 0,7676242 / 2,529286

2, 0,0596718 / 2,582666

1, 0,4541631 / 3,040772

2, 0,5874591 / 3,6241

5, 0,8878434 / 4,509694

0, 0,047303 / 4,556997

4, 0,0237463 / 4,556997

5, 0,08094729 / 4,616776

1, 0,8525748 / 5,46781

0, 0,064288 / 5,532098

2, 0,5112386 / 5,998025

1, 0,309891 / 6,310297

2, 0,9511608 / 7,268729

0, 0,0441458 / 7,312874

2, 0,0701064 / 7,369179

0, 0,0980042 / 7,467183

2, 0,4538475 / 7,8817

2, 0,0150616 / 8,608683

5, 0,730556 / 8,608683

0, 0,0427973 / 8,65148

5, 0,0620072 / 8,694777

1, 0,1970985 / 8,893614

2, 0,1078829 / 8,96791

StartAnim : ShortLook / 9,666051

1, 0,8532133 / 9,782907

5, 0,0456011 / 10,18312

2, 0,4443531 / 10,23925

5, 0,0850234 / 10,29964

2, 0,0315012 / 10,32445

2, 0,0284237 / 10,41211

4, 0,2281579 / 10,49785

5, 0,0560862 / 10,52693

StartAnim : FaceSmile / 10,62423

3, 0,1682046 / 10,69738

0, 0,0530353 / 10,75042

7, 0,2273243 / 10,95028

0, 0,5165868 / 11,46687

2, 0,0306958 / 11,46687

1, 0,9857927 / 12,45072

2, 0,8408206 / 13,2963

0, 0,2539247 / 13,55022

2, 2,027904 / 15,55434

0, 0,4118728 / 15,96621

5, 0,0249251 / 15,96621

0, 0,2842205 / 16,25043

3, 0,4149448 / 16,64957

2, 0,5008459 / 17,15001

0, 0,6593385 / 17,80935

7, 0,0867602 / 17,86645

0, 0,0583972 / 17,92484

7, 0,1730374 / 18,081

0, 0,069061 / 18,15006

5, 0,7579567 / 18,88198

4, 0,0399874 / 18,90917

StartAnim : OpenLegs / 20,12702

2, 1,616182 / 20,5073

3, 0,0258962 / 20,52859

5, 0,0258962 / 20,52859

2, 0,0730933 / 20,59513

3, 0,0147444 / 20,61576

3, 0,0569185 / 20,75003

5, 0,3014494 / 20,91052

0, 0,9726069 / 21,88313

5, 0,2423971 / 22,10675

StartAnim : TouchCouchInvite / 22,42193

StartAnim : LongLook / 22,95064

0, 0,8880759 / 22,99483

5, 0,0441946 / 23,01754

0, 0,0918369 / 23,10938

2, 0,2728606 / 23,36819

StartAnim : FaceSmile / 23,36819

1, 0,2113236 / 23,56895

2, 0,4473739 / 24,02557

5, 0,3983611 / 24,02557

0, 0,214868 / 24,24044

2, 1,269479 / 25,48206

5, 0,4715093 / 25,94965

0, 0,2174436 / 26,1671

5, 0,076257 / 26,22884

0, 1,093237 / 27,32208

5, 0,058949 / 27,36656

0, 0,08665501 / 27,45321

3, 0,1633299 / 29,06459

4, 0,1562286 / 29,8397

5, 2,800843 / 30,24014

0, 0,2710559 / 30,5112

5, 0,0161535 / 30,5112

0, 0,0542111 / 30,56541

2, 0,0284098 / 30,56541

0, 0,042889 / 30,6083

1, 0,3163736 / 30,90909

2, 0,0568181 / 30,96707

4, 0,0737672 / 31,22388

4, 0,014667 / 31,7089

5, 0,7421941 / 31,7089

StartAnim : PenisTouch / 31,73906

2, 0,201594 / 31,907

StartAnim : ShortLook / 32,36704

1, 0,484655 / 32,3984

2, 0,057563 / 32,4502

4, 0,2408034 / 32,68137

5, 0,2567638 / 32,70747

0, 0,0578814 / 32,76535

5, 0,4253794 / 33,18136

0, 0,1005566 / 33,28192

StartAnim : CloseEyes / 35,03832

4, 1,825527 / 35,30932

4, 0,2850068 / 35,65759

5, 2,841169 / 36,10909

0, 0,0657359 / 36,17482

4, 0,0306261 / 36,17482

5, 0,1137355 / 36,23902

0, 0,0885846 / 36,32761

4, 0,1831667 / 36,48078

5, 0,4420462 / 36,75079

0, 0,0710591 / 36,82185

2, 0,3960121 / 37,19585

StartAnim : OpenEyes / 37,86533

StartAnim : StartErect / 38,16663

1, 1,513498 / 38,70763

2, 0,0252487 / 38,73235

0, 0,0468239 / 38,77917

5, 0,7490821 / 39,50835

0, 0,7984686 / 40,30682

5, 0,1042547 / 40,39287

0, 0,1356779 / 40,52855

5, 0,1322412 / 40,63799

0, 0,1533465 / 40,79133

5, 0,0399803 / 40,81365

0, 0,9114122 / 41,72507

StartAnim : CloseEyes / 43,01135

StartAnim : OpenEyes / 44,52729

4, 0,0851902 / 46,79469

5, 5,113717 / 46,82233

2, 0,4270079 / 47,24021

1, 0,5857298 / 47,83983

StartAnim : CloseEyes / 47,8947

0, 0,1097741 / 47,9496

1, 0,0759939 / 47,99491

2, 0,1374443 / 48,13662

1, 0,932095 / 49,06582

2, 0,0478172 / 49,11472

4, 0,0856977 / 49,31762

StartAnim : OpenEyes / 50,26686

5, 1,618221 / 50,72356

StartAnim : StopTouchPenis / 50,74794

0, 0,1387602 / 50,86232

5, 0,5520921 / 51,38068

StartAnim : TouchCouchInvite / 51,69556

2, 0,3708287 / 51,72323

5, 0,5738096 / 52,26416

5, 0,0260041 / 53,00764

2, 1,334182 / 53,55313

2, 0,0324676 / 53,63852

5, 0,7418383 / 54,25047

**********------------scene6------------**********

0, 0,4718738 / 0,3141844

2, 0,1427738 / 0,4324359

StartAnim : OpenLegs / 0,6860642

5, 0,3126599 / 0,7180582

2, 0,8642163 / 1,556864

5, 1,023152 / 2,584064

2, 0,3998431 / 2,970061

5, 0,2391971 / 3,170478

0, 0,6842856 / 3,854764

3, 0,0606958 / 3,898462

0, 0,0453365 / 3,943799

5, 0,9125455 / 4,827322

5, 0,3578393 / 5,443651

2, 2,072167 / 6,083344

StartAnim : LongLook / 6,855499

StartAnim : StartTouchPenis / 6,886007

0, 1,388537 / 7,471881

2, 0,3716488 / 7,836555

4, 1,652601 / 9,47129

5, 1,670992 / 9,497711

2, 0,0851294 / 9,586536

0, 0,0416063 / 9,628143

1, 0,0248505 / 9,628143

StartAnim : CloseEyes / 10,01213

2, 0,4629803 / 10,10058

1, 1,397215 / 11,49893

0, 0,041519 / 11,54045

2, 0,0234771 / 11,54045

1, 0,0460464 / 11,58669

4, 0,282406 / 11,89792

5, 0,3294694 / 11,92613

StartAnim : OpenEyes / 11,94764

2, 0,0785446 / 11,96901

1, 0,4383681 / 12,41108

0, 0,0430597 / 12,45414

2, 0,4452088 / 12,88235

4, 1,239638 / 14,11216

5, 1,239638 / 14,11216

0, 1,079537 / 15,1917

4, 0,231076 / 15,39687

5, 0,231076 / 15,39687

0, 0,6735545 / 16,07042

4, 0,0249194 / 16,07042

5, 0,0427217 / 16,09814

2, 0,403115 / 16,48183

0, 0,309797 / 16,79163

4, 0,8294284 / 17,61053

5, 0,8586155 / 17,61053

0, 1,102906 / 18,71344

4, 0,4660253 / 19,1568

5, 0,4660253 / 19,1568

2, 0,0163889 / 19,19002

StartAnim : CloseEyes / 19,19002

1, 0,1184285 / 19,30461

0, 0,1068601 / 19,41147

2, 0,0553454 / 19,4332

0, 0,1254155 / 19,55861

2, 0,575668 / 20,09695

4, 0,2225894 / 20,32434

5, 0,5128683 / 20,61117

0, 0,2041945 / 20,81537

2, 0,0293535 / 20,81537

1, 0,8438385 / 21,65949

2, 0,0295383 / 21,68465

0, 0,0585441 / 21,74319

1, 0,0837522 / 21,78541

5, 0,0170134 / 21,81024

StartAnim : OpenEyes / 21,82993

0, 0,6643151 / 22,47456

4, 1,824261 / 24,27124

5, 1,824261 / 24,27124

0, 0,0540937 / 24,32533

3, 0,0760483 / 24,36651

0, 0,1094779 / 24,47599

3, 0,0253103 / 24,47599

StartAnim : CloseEyes / 24,63045

0, 0,2678552 / 24,74384

3, 0,0430867 / 24,76757

0, 0,1733242 / 24,94089

4, 0,0163818 / 24,94089

5, 0,0163818 / 24,94089

0, 0,0573291 / 24,99822

4, 0,0349392 / 24,99822

0, 0,3696848 / 25,36791

3, 0,0289833 / 25,36791

0, 0,2894628 / 25,65737

4, 0,0296527 / 25,65737

5, 0,0296527 / 25,65737

0, 0,0707608 / 25,72813

StartAnim : FastPenisTouch / 26,81073

StartAnim : OpenEyes / 26,95596

4, 1,392926 / 27,11677

5, 1,439528 / 27,11677

0, 0,4516379 / 27,56841

StartAnim : CloseEyes / 28,58541

4, 1,558095 / 29,11152

5, 1,543782 / 29,11152

0, 0,0465877 / 29,15811

4, 0,0282821 / 29,15811

5, 0,0282821 / 29,15811

0, 0,0701596 / 29,22827

4, 0,1567546 / 29,34013

5, 0,1567546 / 29,34013

0, 0,129246 / 29,46938

StartAnim : OpenEyes / 29,49562

4, 0,71355 / 30,15495

5, 0,6855769 / 30,18383

2, 0,2334205 / 30,41197

1, 0,2829956 / 30,69626

2, 0,0467437 / 30,74042

0, 0,0458761 / 30,7863

StartAnim : CloseEyes / 31,01683

StartAnim : OpenEyes / 32,7532

5, 2,102142 / 32,8717

4, 2,028491 / 32,89628

0, 0,0447674 / 32,94105

4, 0,2214521 / 33,1482

5, 0,2214521 / 33,1482

StartAnim : PenisEjac / 33,37317

0, 0,4929237 / 33,64112

5, 0,1580745 / 33,79171

4, 0,1505806 / 33,81193

0, 0,628145 / 34,44006

4, 1,129427 / 35,53815

5, 1,129427 / 35,53815

0, 0,0919521 / 35,63011

4, 0,0606578 / 35,65245

5, 0,0606578 / 35,65245

0, 0,2647613 / 35,91721

4, 0,2838606 / 36,16946

StartAnim : StopTouchPenis / 36,39582

4, 0,3756989 / 36,75302

4, 0,1424503 / 36,93849

StartAnim : DeErect / 37,21185

5, 1,829515 / 37,72742

0, 0,0576199 / 37,78504

4, 0,2249586 / 37,9697

0, 0,0470838 / 38,01678

5, 0,0272416 / 38,01678

4, 0,1869963 / 38,19761

5, 0,8865852 / 39,09778

0, 0,1291097 / 39,22689

5, 0,1385021 / 39,33986

0, 0,0446951 / 39,38455

5, 0,1141816 / 39,48526

0, 0,1698557 / 39,65511

5, 0,2144417 / 39,85229

0, 0,0592061 / 39,9115

5, 0,5253294 / 40,41437

0, 0,2862208 / 40,70059

5, 0,6308811 / 41,29561

**********------------Fin_Relaxation------------**********

