**********------------scene1------------**********

0, 0,0770509 / 0,0770509

1, 0,4721201 / 0,5157602

2, 0,0436401 / 0,5584889

0, 0,5594845 / 1,117974

1, 2,797168 / 3,871931

0, 0,0822044 / 3,954135

1, 0,3979849 / 4,297818

2, 0,229032 / 4,524204

1, 0,0252556 / 4,555686

2, 0,0689925 / 4,622647

1, 1,759362 / 6,380645

0, 0,0616104 / 6,442255

4, 0,330851 / 6,755901

5, 0,4124898 / 7,152526

2, 0,0595776 / 7,208127

0, 0,0717356 / 7,279863

1, 3,443308 / 10,68746

0, 1,854025 / 12,54148

1, 0,0476364 / 12,54148

0, 0,2560192 / 12,7975

2, 0,0404097 / 12,7975

0, 0,2571661 / 13,05467

5, 0,2338264 / 13,22727

2, 0,116887 / 13,30765

5, 0,0546977 / 13,30765

1, 1,286423 / 14,60221

2, 0,0338235 / 14,64102

1, 1,804026 / 16,44052

0, 0,3537047 / 16,79422

3, 0,0343008 / 16,79422

1, 1,304648 / 18,09124

2, 0,0231941 / 18,12062

1, 0,1884635 / 18,30976

2, 0,3268068 / 18,63828

4, 0,3151639 / 18,95484

5, 1,216414 / 19,84998

2, 0,0270542 / 19,88082

1, 0,2867361 / 20,16365

2, 0,0269377 / 20,19788

1, 7,159344 / 27,35459

2, 0,1851682 / 27,53887

4, 0,801201 / 28,3397

0, 1,040592 / 29,3803

3, 0,3847448 / 29,73598

0, 0,2496899 / 29,98567

3, 0,0568787 / 29,98567

0, 0,2674832 / 30,25315

5, 0,0352975 / 30,25315

0, 1,154593 / 31,40774

2, 0,0267584 / 31,40774

1, 1,271382 / 32,67785

2, 0,0254966 / 32,70694

0, 0,2016495 / 32,90859

2, 0,2499907 / 33,11067

1, 1,161635 / 34,26611

2, 0,5723196 / 34,84079

0, 0,315627 / 35,15641

3, 0,1601765 / 35,27638

1, 2,816043 / 38,09295

2, 0,2298732 / 38,33608

0, 0,7902537 / 39,12633

4, 0,8913521 / 39,98096

0, 0,1950992 / 40,17606

1, 1,979517 / 42,12186

2, 0,0312727 / 42,15412

1, 3,855915 / 46,0117

0, 0,0664498 / 46,07814

1, 0,1863774 / 46,23609

2, 0,494091 / 46,73221

5, 0,486605 / 47,2084

4, 0,3858875 / 47,59616

0, 0,0513058 / 47,64746

6, 0,0825166 / 47,71001

0, 0,1570521 / 47,86706

4, 0,0325915 / 47,86706

0, 0,2533612 / 48,12042

7, 0,2802718 / 48,32932

0, 0,0815405 / 48,41086

7, 0,3365389 / 48,71535

0, 1,31709 / 50,03244

7, 0,7828322 / 50,76697

0, 0,3411924 / 51,10817

5, 0,0454798 / 51,10817

1, 2,851897 / 53,93556

0, 0,1578107 / 54,09337

2, 0,0283675 / 54,09337

0, 0,3126429 / 54,40601

4, 0,0444706 / 54,40601

5, 2,026469 / 56,43621

2, 0,0613963 / 56,50795

5, 0,0809821 / 56,56989

StartAnim : touchMagazine / 58,89045

1, 3,230497 / 59,82253

2, 0,0419859 / 59,85156

4, 1,983882 / 61,83751

0, 0,52873 / 62,36623

5, 0,0258821 / 62,36623

2, 1,887649 / 64,26545

0, 0,0542579 / 64,31971

**********------------scene2------------**********

1, 3,600884 / 0,0310286

0, 0,2272564 / 0,258285

1, 0,1295693 / 0,3292846

0, 0,5568758 / 0,8861603

3, 0,0821916 / 0,9187624

0, 0,4533502 / 1,372112

3, 0,3018569 / 1,630132

0, 0,0817792 / 1,711912

3, 0,0422984 / 1,711912

0, 0,9602962 / 2,672209

1, 0,6420488 / 3,275318

2, 0,0329903 / 3,3213

1, 1,267271 / 4,586229

0, 0,070439 / 4,656668

3, 0,4462648 / 5,070209

0, 0,0579444 / 5,128153

5, 0,3580242 / 5,455679

0, 0,0897132 / 5,545393

3, 0,4132024 / 5,925064

1, 0,4907405 / 6,410506

2, 0,0233051 / 6,442945

1, 2,92927 / 9,369226

0, 0,5276797 / 9,896904

3, 0,3007442 / 10,15776

0, 0,0702949 / 10,22806

3, 0,0940319 / 10,28495

1, 0,6631044 / 10,94161

0, 0,4906133 / 11,43223

3, 0,3406718 / 11,72639

0, 0,0864773 / 11,81286

3, 0,0279519 / 11,81286

1, 0,8265049 / 12,63837

2, 0,026824 / 12,67031

1, 5,357875 / 18,02552

0, 0,0800996 / 18,10562

1, 0,6130502 / 18,67002

0, 1,446305 / 20,11632

1, 0,034658 / 20,11632

0, 2,156417 / 22,27274

1, 0,8446583 / 23,07614

0, 0,0690685 / 23,1452

3, 0,1796516 / 23,28304

0, 0,3731242 / 23,65617

5, 0,5297731 / 24,1568

0, 0,0687478 / 24,22555

3, 0,3587285 / 24,5666

0, 0,1770983 / 24,74369

3, 0,0263388 / 24,74369

0, 1,897699 / 26,64139

1, 1,666279 / 28,25546

0, 0,0657987 / 28,32126

1, 0,6290966 / 28,91587

0, 0,1706848 / 29,08655

2, 0,0378977 / 29,08655

1, 0,1624107 / 29,25546

0, 0,2153549 / 29,47082

1, 1,44166 / 30,88576

0, 0,0575468 / 30,94331

3, 0,0870512 / 30,99941

0, 0,2739625 / 31,27338

5, 0,4276003 / 31,67144

2, 0,0604643 / 31,74007

5, 0,0699852 / 31,81153

1, 0,9286767 / 32,72523

2, 0,8818396 / 33,60956

StartAnim : shortLook / 38,84381

1, 7,564608 / 41,18433

**********------------scene3------------**********

2, 0,0966201 / 0,0329187

5, 0,1500721 / 0,1944266

2, 0,0443545 / 0,2140979

1, 0,8206081 / 1,044537

0, 0,0872678 / 1,131804

3, 0,1700124 / 1,295489

0, 0,0808157 / 1,376304

3, 0,0837166 / 1,434711

0, 0,0887672 / 1,523478

5, 0,5385289 / 2,032435

4, 0,5714807 / 2,576851

2, 0,0297527 / 2,602406

4, 0,08092681 / 2,685765

1, 3,54081 / 6,231753

0, 0,4237603 / 6,655514

1, 1,630905 / 8,255558

2, 0,0226366 / 8,284641

0, 0,513996 / 8,798637

5, 0,0257097 / 8,798637

0, 0,0865118 / 8,88515

2, 0,5677954 / 9,432808

0, 0,0530164 / 9,485824

1, 1,42485 / 10,88729

2, 0,399107 / 11,28642

0, 0,319822 / 11,60624

4, 0,2896297 / 11,91709

5, 0,3719283 / 11,9441

2, 1,315584 / 13,23306

5, 0,0324782 / 13,2568

4, 0,3190807 / 13,55005

5, 0,0322369 / 13,55005

0, 0,2832842 / 13,83333

7, 0,0255537 / 13,83333

0, 0,1610685 / 13,9944

7, 0,1662883 / 14,11792

0, 0,0516 / 14,16953

5, 0,0277059 / 14,16953

2, 0,2964527 / 14,4754

1, 0,6322539 / 15,10226

2, 0,2822549 / 15,39412

1, 2,772528 / 18,1559

0, 0,276504 / 18,4324

1, 0,4197021 / 18,81716

0, 0,0831435 / 18,9003

3, 0,8011295 / 19,6742

0, 0,0821199 / 19,75632

3, 0,0223061 / 19,75632

1, 0,6854961 / 20,44156

2, 0,0275555 / 20,47353

1, 1,199691 / 21,67316

2, 0,7723455 / 22,44193

1, 1,826894 / 24,27265

2, 0,0321608 / 24,30216

1, 2,171349 / 26,47271

2, 0,0287065 / 26,50155

1, 0,0540886 / 26,55841

2, 0,0316149 / 26,58634

0, 0,079981 / 26,66632

1, 0,7017347 / 27,31878

0, 0,0549632 / 27,37375

3, 0,0273223 / 27,37375

0, 0,1779526 / 27,5517

3, 0,4843605 / 27,97129

0, 0,0602306 / 28,03153

4, 0,2052406 / 28,20214

0, 0,2533557 / 28,4555

5, 0,2840679 / 28,71494

0, 0,0784737 / 28,79342

5, 0,0283601 / 28,79342

4, 0,1325856 / 28,89799

3, 0,2771186 / 29,04267

0, 0,4550358 / 29,49771

3, 0,6346148 / 30,09742

0, 0,2895647 / 30,38698

1, 0,9575505 / 31,31232

0, 0,2298674 / 31,54219

1, 0,3216432 / 31,8548

2, 0,056962 / 31,93665

1, 0,1571944 / 32,07609

StartAnim : armStretch / 32,84124

5, 0,7651464 / 32,87519

2, 1,143498 / 33,2121

1, 0,2535076 / 33,47572

2, 0,0340171 / 33,49807

0, 0,9151575 / 34,41322

1, 0,540494 / 34,92645

2, 0,0288648 / 34,95705

0, 0,770352 / 35,72741

2, 0,0236171 / 35,72741

0, 0,0669816 / 35,79439

StartAnim : longLook / 37,0969

StartAnim : handSalute / 37,4119

1, 2,230612 / 37,99188

2, 0,0338551 / 38,01296

4, 0,7670069 / 38,78666

0, 0,0564489 / 38,84311

1, 2,132701 / 40,94463

0, 0,0557443 / 41,00037

2, 0,0278649 / 41,00037

StartAnim : faceSmile / 41,59881

1, 2,797357 / 43,80037

2, 0,6583353 / 44,46128

1, 1,168406 / 45,62775

0, 0,0554407 / 45,6832

1, 6,357413 / 52,0125

0, 0,2840135 / 52,29652

5, 0,2005601 / 52,47142

2, 0,4853193 / 52,75481

5, 0,0271488 / 52,78547

0, 0,061652 / 52,84713

2, 0,8278479 / 53,64138

5, 0,2784345 / 53,90277

0, 0,0533361 / 53,9561

4, 0,023824 / 53,9561

0, 0,1703156 / 54,12642

3, 0,0131215 / 54,12642

0, 0,0858039 / 54,21222

1, 3,652477 / 57,84006

0, 0,3161052 / 58,15617

StartAnim : LongLook / 58,41177

1, 1,999124 / 60,13454

2, 0,0368588 / 60,15382

0, 0,4320416 / 60,58587

5, 0,0256878 / 60,58587

2, 0,0561752 / 60,61396

4, 0,0535938 / 60,67189

5, 0,0324281 / 60,69941

2, 0,3407073 / 61,03926

5, 0,5166613 / 61,55547

0, 0,2839745 / 61,83945

2, 0,2256552 / 62,04042

0, 0,3468446 / 62,38726

4, 0,4232214 / 62,78839

StartAnim : CaresseEntreCuisse / 62,87161

2, 0,2254079 / 63,0409

5, 0,2849047 / 63,07074

4, 1,546254 / 64,61229

5, 0,370703 / 64,9864

2, 0,3741064 / 65,01219

StartAnim : faceSmile / 68,385

1, 4,083612 / 69,09643

2, 0,0263901 / 69,12444

0, 0,0624662 / 69,18691

1, 0,7725826 / 69,92601

0, 0,0566507 / 69,98266

1, 0,6578791 / 70,61045

2, 0,0265565 / 70,63986

1, 0,6302515 / 71,27396

0, 0,0523597 / 71,32631

1, 0,7375783 / 72,04166

**********------------scene4------------**********

0, 0,3201647 / 0,3201647

1, 0,2009358 / 0,4894036

2, 0,1985278 / 0,6904752

2, 0,4273936 / 1,17553

4, 0,4630286 / 1,665847

5, 0,9764053 / 1,665847

2, 0,0272879 / 1,705806

4, 0,1277822 / 1,822449

5, 0,1277822 / 1,822449

StartAnim : LongLook / 2,524049

1, 0,7304194 / 2,553575

2, 0,2686825 / 2,822242

StartAnim : HandSalute / 2,822242

1, 0,4137871 / 3,237785

2, 0,3626922 / 3,592637

5, 0,2436939 / 3,826399

3, 0,0134933 / 3,854481

0, 0,4507347 / 4,305216

2, 0,3209928 / 4,59111

0, 0,0797895 / 4,6709

StartAnim : SitCrossLegs / 4,696745

1, 0,4723491 / 5,088104

2, 0,8425553 / 5,936861

0, 0,3545898 / 6,291451

5, 0,0351708 / 6,291451

2, 0,0996077 / 6,385815

2, 0,018542 / 7,589965

1, 1,957823 / 8,27801

2, 1,970083 / 10,24975

1, 0,2674468 / 10,50435

2, 0,0461182 / 10,54626

1, 3,121141 / 13,64631

2, 0,5072772 / 14,1615

StartAnim : LongLook / 14,30297

1, 0,3454878 / 14,50605

2, 0,0277947 / 14,53158

1, 1,540578 / 16,0778

2, 0,2920126 / 16,36481

3, 0,5960522 / 16,96138

5, 0,5960522 / 16,96138

2, 0,5417667 / 17,50271

1, 0,2861073 / 17,78783

2, 0,0252685 / 17,81172

1, 2,115418 / 19,93288

2, 1,416721 / 21,34486

StartAnim : EyeBlink / 21,90351

1, 2,056072 / 23,32014

0, 0,4687985 / 23,78894

1, 0,9444726 / 24,72283

2, 0,0840935 / 24,80686

1, 1,596078 / 26,34577

2, 0,0268748 / 26,36541

1, 0,8984947 / 27,26122

2, 0,0474813 / 27,31919

1, 2,400101 / 29,6917

StartAnim : OpenLegs / 29,96251

0, 0,5832028 / 30,2749

1, 0,2855305 / 30,5446

2, 0,35406 / 30,89024

5, 0,7299587 / 31,6314

2, 0,0459999 / 31,67676

5, 0,07423159 / 31,73602

1, 2,463061 / 34,20361

2, 0,0158944 / 34,23313

1, 1,200261 / 35,43027

2, 0,0506353 / 35,47811

1, 1,595394 / 37,079

2, 0,2961143 / 37,37918

1, 0,3750343 / 37,74908

0, 0,0579624 / 37,80704

5, 0,2074099 / 37,96913

0, 0,2500014 / 38,21913

6, 0,4680085 / 38,67694

0, 0,0846244 / 38,76157

6, 0,0292712 / 38,76157

StartAnim : touchCouchInvite / 39,00605

5, 0,3559631 / 39,12004

0, 0,3135436 / 39,43359

4, 0,2857897 / 39,69029

0, 0,3739452 / 40,06424

2, 0,0292024 / 40,06424

1, 0,2917378 / 40,33949

2, 0,0126369 / 40,36905

StartAnim : FaceSmile / 40,78877

0, 0,6799265 / 41,04898

4, 0,8146186 / 41,82948

0, 0,0582908 / 41,88776

2, 0,0220671 / 41,88776

1, 0,1711137 / 42,07753

2, 0,032016 / 42,10159

1, 1,670657 / 43,77324

2, 0,4136567 / 44,18861

1, 1,241203 / 45,42885

2, 0,1304102 / 45,56429

5, 0,6409368 / 46,20717

3, 0,1651946 / 46,2666

0, 0,0526574 / 46,31926

2, 0,0211496 / 46,31926

3, 0,0600609 / 46,3714

1, 1,038829 / 47,40347

2, 0,0577415 / 47,45818

1, 0,674832 / 48,14487

2, 0,0256497 / 48,17042

1, 1,972052 / 50,13217

2, 0,2689155 / 50,40694

1, 1,116768 / 51,53286

2, 0,0302549 / 51,56405

**********------------scene5------------**********

1, 0,8107865 / 0,0262586

0, 0,1155729 / 0,1418315

1, 0,3157651 / 0,4316706

2, 0,8001245 / 1,227455

5, 0,7708085 / 2,001096

1, 2,827515 / 4,811255

2, 0,0124819 / 4,83507

1, 0,2582843 / 5,08492

2, 0,7867001 / 5,884635

4, 0,0283936 / 5,903828

5, 0,2569559 / 6,1287

2, 0,0482487 / 6,194705

5, 0,0833232 / 6,270202

2, 0,9997654 / 7,271244

1, 0,7412601 / 8,015944

0, 0,2980542 / 8,313997

1, 0,4872761 / 8,785213

0, 0,5432921 / 9,328505

7, 0,1851884 / 9,5007

StartAnim : ShortLook / 9,672566

0, 0,2604137 / 9,761115

4, 0,1666786 / 9,930387

4, 0,1207388 / 10,18712

5, 0,4587016 / 10,18712

StartAnim : FaceSmile / 10,63115

1, 3,199204 / 13,38309

2, 1,0417 / 14,42594

4, 0,0257758 / 14,44806

5, 0,2836693 / 14,71583

2, 0,0319997 / 14,74044

5, 0,1253447 / 14,87073

2, 0,3170202 / 15,18383

1, 0,8680512 / 16,04289

0, 0,583524 / 16,62641

1, 2,342291 / 18,94122

2, 0,036793 / 19,00704

StartAnim : OpenLegs / 20,12621

1, 1,309391 / 20,32045

2, 0,3329648 / 20,58318

StartAnim : TouchCouchInvite / 22,42691

5, 1,960258 / 22,54034

2, 0,6157542 / 22,78279

StartAnim : LongLook / 22,95692

StartAnim : FaceSmile / 23,35689

1, 1,84502 / 24,62558

0, 0,5311577 / 25,15674

2, 0,0440564 / 25,18265

3, 0,0259113 / 25,22268

3, 0,0242214 / 25,5847

5, 1,340084 / 26,48828

2, 0,0440274 / 26,52727

1, 1,458504 / 28,0028

0, 0,0395276 / 28,04233

2, 0,8402176 / 28,86851

1, 0,3389505 / 29,20006

2, 0,0443533 / 29,25572

1, 0,5987577 / 29,84247

2, 0,0466389 / 29,89645

4, 0,6384336 / 30,58375

5, 0,6871264 / 30,58375

0, 0,0587362 / 30,64249

4, 0,2590059 / 31,09826

StartAnim : PenisTouch / 31,74124

StartAnim : ShortLook / 32,37035

4, 1,298771 / 32,7266

5, 2,116058 / 32,7266

2, 0,0579906 / 32,7828

1, 0,9263161 / 33,71387

2, 0,4887108 / 34,20051

1, 0,0828546 / 34,30617

2, 0,0713525 / 34,3559

StartAnim : CloseEyes / 35,05524

1, 1,771673 / 36,12477

0, 0,084366 / 36,20914

4, 0,6266876 / 36,88338

5, 0,7078198 / 36,88338

2, 0,0271936 / 36,91379

4, 0,0304062 / 36,94125

5, 0,0304062 / 36,94125

2, 0,0274611 / 36,97329

StartAnim : OpenEyes / 37,86885

StartAnim : StartErect / 38,16886

1, 1,857548 / 38,82511

0, 0,1380322 / 38,96314

1, 0,0665626 / 38,98247

0, 0,2597796 / 39,24224

2, 0,3589486 / 39,58217

4, 2,21136 / 41,79896

5, 2,241448 / 41,79896

2, 0,030444 / 41,85913

4, 0,0835303 / 41,91202

5, 0,0835303 / 41,91202

1, 0,3845654 / 42,28578

2, 0,0187246 / 42,312

StartAnim : CloseEyes / 42,99865

1, 1,256254 / 43,56677

0, 0,0446602 / 43,61143

1, 0,0446602 / 43,66279

2, 0,6129256 / 44,24459

StartAnim : OpenEyes / 44,54239

1, 1,800987 / 46,04266

2, 0,0436465 / 46,08279

4, 1,128724 / 47,22733

5, 1,128724 / 47,22733

2, 0,0296453 / 47,25824

4, 0,0771938 / 47,31808

5, 0,0771938 / 47,31808

StartAnim : CloseEyes / 47,91286

1, 1,77903 / 49,11273

2, 0,0291547 / 49,13608

4, 0,9861234 / 50,12437

5, 0,9861234 / 50,12437

StartAnim : OpenEyes / 50,27027

2, 0,6143589 / 50,73201

StartAnim : StopTouchPenis / 50,73201

4, 0,018802 / 50,76982

5, 0,6858979 / 51,42588

2, 0,0267857 / 51,44866

5, 0,0934732 / 51,53236

2, 0,0364822 / 51,58073

StartAnim : TouchCouchInvite / 51,71946

1, 2,226782 / 53,80001

2, 0,0173946 / 53,82304

1, 0,3580143 / 54,1829

2, 0,024881 / 54,212

**********------------scene6------------**********

1, 0,2515189 / 0,0253238

0, 0,1415605 / 0,1668843

2, 0,2140058 / 0,3665523

StartAnim : OpenLegs / 0,6843995

5, 0,3360796 / 0,7108588

5, 0,1162805 / 1,065832

2, 0,5372977 / 1,141698

0, 0,2003002 / 1,341999

2, 0,5709589 / 1,885037

0, 0,0570352 / 1,942073

2, 0,089451 / 2,020936

1, 0,9808348 / 2,986181

2, 0,3283639 / 3,313763

2, 0,0734718 / 3,504441

5, 0,7736636 / 4,087071

0, 1,399271 / 5,486341

2, 0,0284936 / 5,513016

5, 0,0597238 / 5,513016

0, 0,0585731 / 5,571589

2, 0,4575609 / 6,000891

0, 0,5968443 / 6,597735

2, 0,0555313 / 6,622763

StartAnim : LongLook / 6,83796

StartAnim : StartTouchPenis / 6,882386

4, 0,387844 / 7,011997

5, 0,387844 / 7,011997

0, 0,2862288 / 7,298226

4, 0,5753688 / 7,868688

5, 0,5753688 / 7,868688

0, 0,4129521 / 8,281639

4, 0,2302394 / 8,503814

5, 0,2302394 / 8,503814

0, 0,3766939 / 8,880507

5, 0,0170096 / 8,880507

2, 0,2972213 / 9,172379

StartAnim : CloseEyes / 10,01256

1, 2,302131 / 11,48099

StartAnim : OpenEyes / 11,94179

2, 0,6114661 / 12,0831

4, 1,102116 / 13,18452

5, 1,102116 / 13,18452

2, 0,0160754 / 13,21573

1, 1,955783 / 15,16663

2, 0,0535169 / 15,21182

4, 1,103974 / 16,3233

5, 1,103974 / 16,3233

0, 0,0593042 / 16,38261

4, 0,7333527 / 17,08197

5, 0,7586672 / 17,10564

2, 0,0682357 / 17,15521

1, 1,199758 / 18,3523

2, 0,2575291 / 18,61191

5, 0,0297148 / 18,6349

2, 0,2540015 / 18,88251

StartAnim : CloseEyes / 19,18299

1, 2,517267 / 21,41074

StartAnim : OpenEyes / 21,8127

2, 0,915872 / 22,32258

4, 0,7816561 / 23,0982

5, 0,799666 / 23,0982

0, 0,4844105 / 23,58262

3, 0,0258741 / 23,58262

StartAnim : CloseEyes / 24,61006

4, 1,186445 / 24,77139

5, 1,186445 / 24,77139

2, 0,0193784 / 24,79801

4, 0,0832925 / 24,90614

5, 0,0832925 / 24,90614

2, 0,0514548 / 24,93726

1, 0,7361337 / 25,66986

0, 0,0780715 / 25,74793

2, 0,5880395 / 26,28432

0, 0,0391994 / 26,32352

2, 0,2134114 / 26,52357

StartAnim : FastPenisTouch / 26,82724

StartAnim : OpenEyes / 26,94332

4, 1,129932 / 27,65524

5, 1,129932 / 27,65524

2, 0,2705281 / 27,92225

StartAnim : CloseEyes / 28,58095

1, 1,340635 / 29,2672

StartAnim : OpenEyes / 29,4822

2, 0,9696811 / 30,22641

4, 0,7363275 / 30,97658

5, 0,7622012 / 30,97658

StartAnim : CloseEyes / 31,00587

3, 0,20027 / 31,16632

4, 0,0212116 / 31,19188

5, 0,0212116 / 31,19188

StartAnim : OpenEyes / 32,74193

0, 1,690036 / 32,88192

4, 0,1065756 / 32,95104

5, 0,1065756 / 32,95104

0, 0,0603234 / 33,01136

4, 0,1310455 / 33,13623

5, 0,1310455 / 33,13623

2, 0,0541484 / 33,17072

StartAnim : PenisEjac / 33,36132

1, 0,7204971 / 33,88203

2, 0,0252982 / 33,90998

0, 0,2787313 / 34,18871

4, 2,113696 / 36,26603

StartAnim : StopTouchPenis / 36,38163

StartAnim : DeErect / 37,21283

5, 3,95344 / 38,09536

2, 0,0621381 / 38,16555

5, 0,0773151 / 38,23001

1, 0,5472065 / 38,79806

0, 0,3246831 / 39,12275

5, 0,0504923 / 39,16624

2, 0,4177325 / 39,5236

1, 1,240964 / 40,76569

2, 0,6414271 / 41,39722

**********------------Fin_Relaxation------------**********

