**********------------scene1------------**********

0, 0,5484029 / 0,5484029

2, 0,2021751 / 0,7253046

0, 0,2292502 / 0,9545549

2, 0,0417687 / 0,9545549

0, 4,655425 / 5,60998

2, 0,0373251 / 5,60998

1, 0,6106198 / 6,21225

0, 0,09199139 / 6,304242

2, 0,3579544 / 6,610923

5, 0,3990621 / 7,013569

2, 0,0443026 / 7,051799

1, 0,0382298 / 7,088511

0, 0,0810989 / 7,169609

1, 2,032789 / 9,154554

0, 0,3677218 / 9,522276

2, 0,3271832 / 9,803015

5, 0,2880963 / 9,803015

1, 1,026433 / 10,82467

0, 0,0989314 / 10,9236

1, 0,0674225 / 10,96328

0, 0,2899655 / 11,25324

2, 0,5710993 / 11,77605

1, 0,4881055 / 12,26349

2, 0,6141035 / 12,87614

0, 1,061657 / 13,9378

1, 1,831711 / 15,73782

2, 0,352969 / 16,09228

4, 0,331984 / 16,42177

5, 0,8318294 / 16,61145

2, 0,0418013 / 16,64681

1, 0,7948426 / 17,43623

2, 0,0299376 / 17,4629

0, 0,3546259 / 17,81753

2, 0,0277732 / 17,81753

5, 0,3850507 / 18,20605

2, 0,029532 / 18,23315

1, 1,070927 / 19,30985

0, 0,5174065 / 19,82726

2, 0,5422409 / 20,33319

0, 0,7997589 / 21,13295

4, 0,0359899 / 21,13295

5, 0,3737922 / 21,47721

4, 0,3239214 / 21,6769

4, 0,0532359 / 21,976

5, 0,43846 / 22,00696

2, 0,0309635 / 22,04102

1, 0,2878602 / 22,32621

0, 0,4497809 / 22,77599

2, 0,2974734 / 23,04852

0, 0,0568325 / 23,10535

1, 0,6453099 / 23,71767

3, 0,1703328 / 23,88937

0, 0,8424199 / 24,73179

1, 1,068117 / 25,77641

2, 1,159686 / 26,93342

0, 0,287029 / 27,22045

1, 0,0348334 / 27,22045

0, 0,1005389 / 27,32099

1, 1,089178 / 28,38172

0, 0,7271167 / 29,10883

2, 0,6139256 / 29,69202

5, 0,5176563 / 30,20725

2, 0,184441 / 30,39319

3, 0,1869382 / 30,57931

0, 0,0525301 / 30,63184

3, 0,0248226 / 30,63184

5, 0,2429334 / 30,87794

2, 0,0588301 / 30,9043

1, 1,240522 / 32,14936

0, 0,0770517 / 32,22641

1, 0,6158123 / 32,79359

2, 0,652352 / 33,45264

1, 1,082448 / 34,53075

2, 0,3026684 / 34,83326

5, 0,7186638 / 35,56165

2, 0,4704922 / 36,01801

3, 0,2879394 / 36,30334

4, 0,0542439 / 36,37244

5, 0,2457172 / 36,58958

4, 0,0405181 / 36,61907

0, 0,0596813 / 36,67875

6, 0,6567613 / 37,30833

0, 0,0516229 / 37,35995

4, 0,0871432 / 37,41832

5, 0,639074 / 37,97469

4, 0,3381696 / 38,00563

0, 1,069356 / 39,07499

1, 1,453226 / 40,49378

0, 0,337704 / 40,83149

1, 1,985538 / 42,79135

0, 0,0683414 / 42,85969

2, 0,8120555 / 43,63266

0, 0,4845961 / 44,11726

1, 2,239092 / 46,31852

0, 0,2478196 / 46,56634

1, 0,2986261 / 46,83469

2, 0,1411865 / 46,97314

5, 0,1400427 / 47,03865

4, 0,033212 / 47,07751

0, 0,241623 / 47,31913

4, 0,0315685 / 47,31913

5, 0,2798228 / 47,58972

4, 0,0284728 / 47,61932

0, 0,3163862 / 47,93571

2, 0,0292259 / 47,93571

1, 0,8584554 / 48,79062

2, 0,028915 / 48,82527

0, 0,3186904 / 49,14396

2, 0,2990707 / 49,40718

0, 0,0703657 / 49,47754

1, 2,452744 / 51,88847

0, 0,7721311 / 52,66061

1, 1,031082 / 53,67524

0, 0,0837023 / 53,75894

3, 0,08410519 / 53,81623

0, 0,2781024 / 54,09433

3, 0,2257593 / 54,28901

0, 0,8696068 / 55,15862

3, 0,3581408 / 55,48983

0, 2,000858 / 57,49067

5, 0,4399647 / 57,89257

2, 0,0320007 / 57,92124

0, 0,0530778 / 57,97432

StartAnim : touchMagazine / 58,9193

1, 1,198534 / 59,14632

2, 0,0554116 / 59,20613

5, 0,1141666 / 59,32182

4, 0,9481578 / 60,19476

0, 1,146623 / 61,34139

4, 0,5934666 / 61,90026

5, 0,0455037 / 61,93975

2, 0,3531894 / 62,29402

0, 0,09361009 / 62,38763

1, 1,269266 / 63,60946

2, 0,0461665 / 63,65093

5, 0,1402597 / 63,78126

4, 0,4152263 / 64,104

2, 0,0378499 / 64,13785

0, 0,0708807 / 64,20872

1, 1,595469 / 65,76418

0, 0,08284751 / 65,84703

4, 0,8757421 / 66,74696

5, 0,9305722 / 66,74696

0, 0,2704255 / 67,0174

2, 0,0422667 / 67,0174

1, 0,7786915 / 67,79501

**********------------scene2------------**********

0, 0,2071981 / 0,082598

2, 0,2818339 / 0,3290844

0, 0,4628382 / 0,7919226

3, 0,1392197 / 0,8832679

0, 1,332414 / 2,215681

2, 0,032428 / 2,215681

1, 0,3570246 / 2,568786

0, 1,168347 / 3,737133

1, 0,5088917 / 4,204213

0, 0,7798467 / 4,98406

3, 0,0350084 / 4,98406

0, 0,3771747 / 5,361234

3, 0,0316788 / 5,361234

0, 0,6585034 / 6,019739

1, 0,3747635 / 6,37082

3, 0,032646 / 6,406393

0, 0,0812143 / 6,487607

1, 0,0519159 / 6,522757

0, 0,0987123 / 6,621469

1, 2,890598 / 9,477933

0, 0,1593968 / 9,63733

2, 0,09584371 / 9,70509

0, 0,8407798 / 10,54587

1, 0,3989607 / 10,91956

0, 0,1363056 / 11,05587

4, 0,0346732 / 11,2859

5, 1,758191 / 12,77923

2, 0,4296744 / 13,20647

0, 0,0809046 / 13,28737

1, 0,7209061 / 13,97248

0, 0,0827403 / 14,05522

6, 0,0342155 / 14,05522

0, 0,1355294 / 14,19075

6, 0,0903445 / 14,2282

4, 0,0447663 / 15,29692

5, 1,065278 / 15,29692

3, 0,0408917 / 15,3509

0, 0,6435403 / 15,99444

1, 0,5693163 / 16,54379

2, 0,0476015 / 16,61318

0, 0,2102148 / 16,82339

5, 0,2320505 / 17,01379

0, 0,0951315 / 17,10892

7, 0,3388375 / 17,39294

0, 0,1972997 / 17,59024

7, 0,0382424 / 17,59024

0, 0,7015178 / 18,29176

6, 0,2861663 / 18,55205

0, 0,6088207 / 19,16087

6, 0,3618892 / 19,49108

0, 0,6463603 / 20,13744

5, 0,3365972 / 20,45047

4, 0,1997624 / 20,61296

5, 0,7460112 / 21,35155

2, 1,538561 / 22,89153

0, 0,4613358 / 23,35287

2, 0,0379925 / 23,35287

5, 0,1954105 / 23,53274

0, 0,5268404 / 24,05958

2, 0,2053203 / 24,24625

5, 0,3211199 / 24,56152

2, 0,1798808 / 24,74534

1, 1,096468 / 25,83975

0, 2,168408 / 28,00815

1, 1,216272 / 29,19232

2, 0,4460382 / 29,63347

4, 0,0256203 / 29,66302

5, 0,8255452 / 30,46001

2, 0,0682923 / 30,53156

5, 0,0637049 / 30,59464

1, 1,413169 / 32,01796

0, 0,358693 / 32,37665

2, 0,759353 / 33,10868

0, 0,2368652 / 33,34554

1, 0,8278884 / 34,14694

2, 0,5865294 / 34,70766

1, 3,309585 / 38,01784

2, 0,0293754 / 38,04813

3, 0,0302871 / 38,07723

StartAnim : shortLook / 38,84474

0, 0,88709 / 38,96432

2, 0,0278108 / 38,96432

**********------------scene3------------**********

1, 2,31636 / 0,0283148

0, 0,1532898 / 0,1816046

1, 0,4297899 / 0,5747352

0, 0,0515792 / 0,6263143

3, 0,0271516 / 0,6263143

0, 0,9175233 / 1,543838

1, 0,8258448 / 2,344583

0, 0,1152025 / 2,459786

3, 0,0290855 / 2,459786

0, 0,4437702 / 2,903556

3, 0,2944956 / 3,153568

0, 0,0587747 / 3,212343

1, 1,176082 / 4,360328

5, 0,1132419 / 4,95928

2, 0,6555378 / 5,012267

0, 0,4288521 / 5,44112

2, 0,1701581 / 5,587773

1, 0,7985163 / 6,388293

2, 0,6585364 / 7,040247

0, 0,3713005 / 7,411547

4, 0,170773 / 7,558262

6, 0,2605444 / 7,814507

4, 0,0278091 / 7,840981

0, 0,0698215 / 7,910802

2, 0,0298209 / 7,910802

1, 0,7273122 / 8,626722

0, 0,3465293 / 8,97325

1, 0,4613796 / 9,40115

0, 0,3954986 / 9,79665

2, 0,9716974 / 10,74507

1, 1,713854 / 12,45854

0, 0,9170139 / 13,37556

4, 0,0636268 / 13,39828

0, 0,5135664 / 13,91185

4, 0,201703 / 14,08496

0, 0,0576383 / 14,1426

2, 0,113053 / 14,23218

0, 0,2041808 / 14,43636

1, 0,1236904 / 14,51489

2, 0,5884554 / 15,1125

1, 2,531459 / 17,64539

0, 0,2888584 / 17,93424

2, 0,2528857 / 18,16208

1, 1,283046 / 19,4428

0, 0,3850921 / 19,82789

1, 2,506061 / 22,31389

0, 0,3393124 / 22,6532

2, 1,173357 / 23,79719

1, 4,400959 / 28,19979

0, 0,2306365 / 28,43043

2, 0,2862365 / 28,68434

0, 0,1139087 / 28,79825

3, 0,1705291 / 28,99711

4, 0,2561056 / 29,03011

2, 0,3728162 / 29,39864

0, 0,0565858 / 29,45523

3, 0,4291468 / 29,854

0, 0,7158746 / 30,56988

1, 0,5148796 / 31,05689

2, 0,3216172 / 31,37361

5, 0,3084498 / 31,65718

2, 0,3131516 / 31,97144

5, 0,2033703 / 32,17041

2, 0,0531377 / 32,19912

1, 0,3395943 / 32,54091

2, 0,0883636 / 32,62502

StartAnim : armStretch / 32,79857

5, 0,257662 / 32,82927

2, 0,5414852 / 33,3686

0, 0,5429869 / 33,91158

2, 0,0332517 / 33,91158

1, 0,4280474 / 34,33955

4, 0,0519044 / 34,68512

2, 0,6531668 / 35,00059

0, 0,200597 / 35,20118

5, 0,2942207 / 35,45411

0, 0,1163783 / 35,57048

2, 0,0276562 / 35,57048

0, 0,055011 / 35,62549

1, 0,6563941 / 36,25403

2, 0,398639 / 36,65435

0, 0,0612388 / 36,71558

StartAnim : longLook / 37,08571

StartAnim : handSalute / 37,39979

1, 1,372346 / 38,05478

2, 0,0280807 / 38,08334

0, 0,066489 / 38,14983

4, 0,2842955 / 38,4001

0, 0,0835202 / 38,48362

StartAnim : faceSmile / 41,60191

1, 3,683077 / 42,14098

0, 0,1246668 / 42,26565

1, 0,829005 / 43,0563

0, 0,3165198 / 43,37283

1, 1,017071 / 44,35782

0, 0,3141335 / 44,67196

1, 0,6015118 / 45,24133

0, 0,2321777 / 45,47351

1, 0,5381506 / 45,98366

0, 0,0946656 / 46,07832

1, 1,943292 / 47,99235

2, 0,6556485 / 48,63924

5, 0,5992151 / 48,63924

0, 1,031948 / 49,67118

6, 0,4598886 / 50,09573

0, 0,0596574 / 50,15538

4, 0,3446112 / 50,47057

0, 0,08612029 / 50,55669

1, 1,800611 / 52,3238

2, 0,0266666 / 52,35139

1, 0,7583286 / 53,11197

0, 0,0583678 / 53,17033

2, 0,3121614 / 53,45776

0, 0,0589153 / 53,51667

4, 0,8324864 / 54,3121

5, 0,2369879 / 54,55741

0, 0,0542187 / 54,61163

4, 0,2582051 / 54,84255

5, 0,02694 / 54,87287

2, 0,2250661 / 55,09608

1, 0,9420567 / 56,04142

0, 0,0546718 / 56,09609

2, 0,9437519 / 57,0101

0, 0,3991808 / 57,40929

StartAnim : LongLook / 58,38134

1, 3,57106 / 60,96037

2, 0,1417887 / 61,09545

5, 0,3045782 / 61,32693

2, 0,2961048 / 61,6137

1, 0,6223153 / 62,23974

2, 0,2592175 / 62,49661

5, 0,027422 / 62,49661

StartAnim : CaresseEntreCuisse / 62,84143

4, 0,9964559 / 63,49825

5, 0,3684547 / 63,84417

2, 0,231942 / 64,04229

1, 0,0833427 / 64,12664

2, 0,0302845 / 64,15442

1, 0,3996185 / 64,55448

2, 0,0282386 / 64,58268

0, 0,0622574 / 64,64494

4, 0,6299514 / 65,2388

2, 0,0261697 / 65,2665

0, 0,0862918 / 65,35279

1, 1,161472 / 66,49912

2, 0,0559202 / 66,55387

0, 0,0580835 / 66,61195

4, 0,3438676 / 66,92402

5, 0,6002101 / 67,24644

0, 0,2019668 / 67,4484

4, 0,6840699 / 68,09695

3, 0,0307013 / 68,12846

StartAnim : faceSmile / 68,38228

0, 0,5103228 / 68,63881

1, 1,885899 / 70,49811

2, 0,0302743 / 70,52976

0, 0,0511201 / 70,58088

4, 0,4514554 / 71,01184

0, 0,0853662 / 71,09721

4, 0,0581542 / 71,12297

**********------------scene4------------**********

0, 2,991291 / 2,100977

5, 0,1461291 / 2,216078

StartAnim : LongLook / 2,530701

2, 0,5674694 / 2,676462

StartAnim : HandSalute / 2,850632

1, 0,2873563 / 2,965842

2, 0,6698882 / 3,632566

1, 1,387815 / 5,017164

2, 0,3711758 / 5,392284

4, 0,1848862 / 5,575442

5, 0,1848862 / 5,575442

4, 0,2788006 / 7,373532

5, 0,2609819 / 7,373532

2, 4,240361 / 9,806566

1, 0,2045909 / 9,986799

2, 0,8706805 / 10,85673

4, 0,291943 / 10,85673

5, 0,2437462 / 10,85673

0, 0,9853308 / 11,84206

4, 0,2433838 / 12,08541

5, 0,2623109 / 12,08541

0, 0,3912764 / 12,47669

5, 0,0286133 / 12,47669

4, 0,3162049 / 12,77565

2, 0,7168409 / 13,20034

1, 0,8728789 / 13,97005

StartAnim : LongLook / 14,32916

2, 0,7976019 / 14,77366

4, 0,76494 / 15,42952

5, 0,9391673 / 15,57164

4, 0,0557154 / 15,59203

0, 0,2946821 / 15,88672

4, 0,3250898 / 16,3209

5, 0,4691645 / 16,3209

2, 0,0859191 / 16,40045

1, 3,584113 / 19,96082

2, 0,3314343 / 20,28581

0, 0,3417292 / 20,62754

2, 0,90277 / 21,51547

0, 0,2712519 / 21,78672

2, 0,0689158 / 21,82851

StartAnim : EyeBlink / 21,91428

1, 2,241829 / 24,04524

2, 0,4311528 / 24,3567

1, 2,944475 / 27,30052

2, 0,8285958 / 28,09954

1, 0,4438875 / 28,54411

2, 1,112369 / 29,6584

StartAnim : OpenLegs / 29,97143

1, 0,7849642 / 30,43367

2, 0,343007 / 30,75639

4, 0,0594038 / 31,03222

5, 0,8278949 / 31,5303

0, 0,5127136 / 32,04301

6, 0,1440168 / 32,17187

0, 0,0693962 / 32,24127

5, 0,6526257 / 32,88773

2, 0,0834481 / 32,9701

0, 0,0431191 / 33,01321

2, 0,0157374 / 33,01321

1, 0,0273817 / 33,04812

2, 0,0593872 / 33,09976

1, 0,0271623 / 33,11919

0, 0,4139727 / 33,53316

1, 0,8573371 / 34,36003

0, 0,8836852 / 35,24371

1, 0,2808239 / 35,51517

0, 0,6292414 / 36,14442

2, 1,768813 / 37,90018

1, 0,6413419 / 38,52891

2, 0,2173127 / 38,76164

0, 0,0542141 / 38,81586

5, 0,1839974 / 38,97597

StartAnim : touchCouchInvite / 39,01348

0, 1,09448 / 40,07045

2, 0,025472 / 40,07045

1, 0,5150314 / 40,59011

StartAnim : FaceSmile / 40,80508

0, 0,4128081 / 41,00293

2, 0,2995357 / 41,27022

0, 0,044258 / 41,31448

1, 1,117013 / 42,41846

0, 0,0557362 / 42,47419

4, 0,6036729 / 43,07028

0, 0,0725093 / 43,14279

2, 0,9104441 / 44,03761

5, 1,007148 / 44,99001

2, 0,5117805 / 45,23097

1, 3,745843 / 48,97057

2, 0,153105 / 49,12914

5, 2,385159 / 51,39901

2, 1,059662 / 51,63039

**********------------scene5------------**********

1, 0,7400824 / 0,0283923

0, 0,8897309 / 0,9181232

7, 0,0606525 / 0,9897044

0, 0,0552903 / 1,044995

7, 0,0817459 / 1,10337

0, 0,217988 / 1,321358

4, 0,2531747 / 1,575925

5, 0,2861685 / 1,575925

2, 0,2159533 / 1,790149

0, 0,0838125 / 1,873962

2, 0,0605281 / 1,911089

0, 1,519163 / 3,430252

3, 0,0830989 / 3,48929

0, 0,1776712 / 3,666962

5, 0,0346136 / 3,666962

2, 0,1901117 / 3,862369

4, 0,311035 / 3,937985

5, 0,0863097 / 3,937985

2, 0,3425677 / 4,287015

1, 0,657657 / 4,94439

2, 0,0604935 / 5,00443

4, 0,2834285 / 5,290166

5, 0,2834285 / 5,290166

2, 0,06393179 / 5,34452

5, 0,0773275 / 5,415175

2, 0,0154011 / 5,441517

1, 1,314049 / 6,754768

2, 0,0549387 / 6,80046

4, 0,2916969 / 7,069356

4, 0,0178089 / 7,657222

5, 0,8463789 / 7,657222

2, 0,3273322 / 7,986431

1, 0,5558262 / 8,528161

2, 0,0569835 / 8,58541

4, 0,3016802 / 8,901964

5, 0,3264088 / 8,901964

2, 0,0614458 / 8,967057

0, 0,4461497 / 9,413207

2, 0,0309109 / 9,413207

0, 0,101683 / 9,51489

StartAnim : ShortLook / 9,672101

4, 0,2239975 / 9,714477

StartAnim : FaceSmile / 10,64039

5, 1,835854 / 11,32736

4, 0,2961805 / 11,59975

2, 0,9623188 / 12,28793

1, 0,6310875 / 12,887

2, 0,7269052 / 13,61564

5, 0,4575276 / 14,06917

4, 0,4818721 / 14,09214

2, 0,5455348 / 14,64203

1, 1,94306 / 16,58534

2, 0,3139824 / 16,88308

5, 0,2446579 / 17,13992

4, 0,2681741 / 17,16162

2, 1,443559 / 18,58326

1, 0,541152 / 19,12865

0, 0,4431521 / 19,5718

2, 0,1165433 / 19,67443

StartAnim : OpenLegs / 20,12957

4, 0,4856918 / 20,15508

5, 0,4856918 / 20,15508

2, 0,0536777 / 20,20728

1, 0,2899 / 20,50637

2, 0,0577629 / 20,55634

4, 0,196556 / 20,7545

5, 0,7380599 / 21,28695

0, 0,3574174 / 21,64437

5, 0,397948 / 22,02698

2, 0,0699542 / 22,08795

5, 0,0430064 / 22,14433

2, 0,0314946 / 22,17008

StartAnim : TouchCouchInvite / 22,42679

StartAnim : LongLook / 22,95817

1, 0,8981298 / 23,07089

2, 0,0567618 / 23,12981

StartAnim : FaceSmile / 23,36351

5, 0,3435838 / 23,47447

0, 2,58164 / 26,05612

5, 0,6697714 / 26,69696

2, 0,2781714 / 26,98546

1, 0,3801645 / 27,36984

2, 0,0267184 / 27,39198

0, 0,0495986 / 27,44158

5, 0,5057227 / 27,91378

0, 0,4694792 / 28,38326

5, 0,48607 / 28,83973

0, 0,7760255 / 29,61576

5, 0,3258485 / 29,90155

2, 0,4183765 / 30,31236

4, 0,2125078 / 30,81227

5, 0,5164353 / 30,81227

2, 0,0539501 / 30,85556

1, 0,5737562 / 31,43946

2, 0,0688019 / 31,5011

StartAnim : PenisTouch / 31,74511

StartAnim : ShortLook / 32,3689

4, 1,194257 / 32,67203

5, 1,440757 / 32,93317

0, 0,4623562 / 33,39553

4, 0,3997105 / 33,79807

5, 0,4174715 / 33,79807

2, 0,0847434 / 33,8837

4, 0,0263423 / 33,91183

5, 0,0263423 / 33,91183

2, 0,1429162 / 34,04192

0, 0,0411052 / 34,08302

StartAnim : CloseEyes / 35,04123

1, 0,9993141 / 35,06152

2, 0,042619 / 35,11161

4, 0,5019959 / 35,61159

5, 0,5243256 / 35,61159

2, 0,0776142 / 35,68249

1, 0,8326193 / 36,51452

2, 0,0456368 / 36,5691

4, 0,8313053 / 37,39648

5, 0,8786386 / 37,44162

StartAnim : OpenEyes / 37,88233

0, 0,4841104 / 37,92574

StartAnim : StartErect / 38,17195

4, 0,8791061 / 38,80175

4, 1,961726 / 41,94035

5, 4,033302 / 41,94035

2, 0,0247107 / 41,967

1, 0,4325791 / 42,39637

2, 0,04391 / 42,44173

4, 0,2225352 / 42,66842

5, 0,2225352 / 42,66842

2, 0,0290561 / 42,70056

StartAnim : CloseEyes / 43,01031

1, 0,5880302 / 43,28195

2, 0,0480278 / 43,32839

4, 0,5230536 / 43,85435

StartAnim : OpenEyes / 44,54106

4, 1,36461 / 45,57014

5, 2,248955 / 45,57014

2, 0,4022533 / 45,95568

StartAnim : CloseEyes / 47,91197

1, 2,010691 / 47,95238

0, 0,0745571 / 48,02693

StartAnim : OpenEyes / 50,2702

4, 2,426824 / 50,42379

5, 2,426824 / 50,42379

2, 0,0226489 / 50,45305

4, 0,0879718 / 50,53919

5, 0,0879718 / 50,53919

StartAnim : StopTouchPenis / 50,73976

1, 0,8714178 / 51,39521

2, 0,0553047 / 51,45737

StartAnim : TouchCouchInvite / 51,70511

5, 1,017638 / 52,48458

2, 0,3432777 / 52,82609

5, 0,3139249 / 53,14165

2, 0,3716676 / 53,51189

1, 0,4297828 / 53,93858

2, 0,4097084 / 54,34353

**********------------scene6------------**********

0, 0,3095034 / 0,2535671

1, 0,2015916 / 0,4304408

StartAnim : OpenLegs / 0,700565

2, 0,5002078 / 0,9298883

5, 0,4302405 / 1,356385

0, 0,1995319 / 1,555917

5, 0,1993284 / 1,730926

2, 0,0311664 / 1,755316

5, 0,0848528 / 1,84972

2, 0,341914 / 2,187052

0, 0,227868 / 2,41492

1, 0,9769319 / 3,356226

2, 0,1240519 / 3,484011

5, 0,5855538 / 4,001225

4, 0,3292472 / 4,33112

2, 0,4028579 / 4,740685

5, 0,1854189 / 4,927276

2, 0,0563013 / 4,949258

1, 0,4297901 / 5,383857

2, 0,0748436 / 5,458353

5, 0,3225343 / 5,773572

0, 0,2260641 / 5,999637

5, 0,024782 / 5,999637

2, 0,4557147 / 6,442538

0, 0,2591612 / 6,701699

StartAnim : LongLook / 6,884382

StartAnim : StartTouchPenis / 6,902865

2, 0,4689079 / 7,157749

1, 1,189037 / 8,343101

2, 0,052422 / 8,38306

4, 1,627871 / 10,01741

5, 1,627871 / 10,01741

2, 0,0196817 / 10,05119

StartAnim : CloseEyes / 10,05119

1, 1,465425 / 11,50089

2, 0,2614669 / 11,77005

StartAnim : OpenEyes / 11,96971

4, 0,5419906 / 12,32793

5, 0,5677305 / 12,32793

2, 0,0464667 / 12,38675

1, 1,097273 / 13,48412

0, 0,2582695 / 13,74239

2, 0,3737882 / 14,09758

0, 0,7732229 / 14,8708

2, 0,1013354 / 14,94102

0, 0,1585643 / 15,09958

4, 0,8963383 / 15,98339

5, 0,8963383 / 15,98339

2, 0,6311953 / 16,61252

4, 0,526726 / 17,14242

5, 0,526726 / 17,14242

StartAnim : CloseEyes / 19,21179

0, 3,001627 / 20,14405

4, 0,9011035 / 21,04348

5, 0,9011035 / 21,04348

2, 0,3160875 / 21,35489

StartAnim : OpenEyes / 21,83992

1, 1,514925 / 22,86896

2, 0,0681631 / 22,92852

4, 1,497935 / 24,44152

StartAnim : CloseEyes / 24,62567

4, 0,6426983 / 25,5715

4, 0,0139885 / 25,70206

5, 2,788563 / 25,72551

2, 0,2435701 / 25,94999

StartAnim : FastPenisTouch / 26,82727

StartAnim : OpenEyes / 26,97016

StartAnim : CloseEyes / 28,59794

StartAnim : OpenEyes / 29,50126

1, 3,718787 / 29,67371

0, 0,6841326 / 30,35785

StartAnim : CloseEyes / 31,02516

4, 1,513089 / 31,83944

5, 1,746383 / 32,07108

2, 0,5841572 / 32,6614

StartAnim : OpenEyes / 32,76867

0, 0,1701889 / 32,83159

2, 0,0217798 / 32,83159

StartAnim : PenisEjac / 33,36141

1, 0,9888831 / 33,82912

2, 0,0286843 / 33,85727

0, 0,4253154 / 34,28258

5, 0,0546682 / 34,47015

5, 0,0280674 / 34,51087

4, 0,2675429 / 34,5335

0, 0,0794946 / 34,613

6, 0,0216629 / 34,613

0, 0,3460961 / 34,95909

7, 1,071929 / 36,01004

0, 0,0733284 / 36,08337

7, 0,1099728 / 36,1692

0, 0,1574929 / 36,32669

4, 0,084327 / 36,41397

StartAnim : StopTouchPenis / 36,41397

5, 0,3652821 / 36,66967

0, 0,2584538 / 36,92812

7, 0,2842689 / 37,18143

StartAnim : DeErect / 37,22571

0, 0,473555 / 37,65499

5, 1,241259 / 38,86856

0, 0,4142304 / 39,28279

7, 0,6561182 / 39,91098

0, 0,0711619 / 39,98214

7, 0,1296188 / 40,09841

0, 0,6713634 / 40,76977

**********------------Fin_Relaxation------------**********

