**********------------scene1------------**********

0, 0,3550344 / 0,3550344

1, 0,2512669 / 0,5544993

0, 0,2705327 / 0,825032

3, 0,0359126 / 0,825032

0, 0,4518393 / 1,276871

1, 0,9348387 / 2,180432

2, 0,3592877 / 2,542621

0, 0,7626705 / 3,305292

1, 1,139802 / 4,421222

2, 0,1650504 / 4,582546

1, 0,7779977 / 5,364241

0, 0,0587177 / 5,422958

2, 0,0246634 / 5,422958

5, 0,3468758 / 5,765428

2, 0,3211559 / 6,054653

7, 0,0295213 / 6,085757

5, 0,0986981 / 6,181385

0, 3,915588 / 10,09697

4, 0,0267718 / 10,09697

5, 0,3863451 / 10,45444

0, 0,0898403 / 10,54428

6, 0,3550355 / 10,83892

0, 4,682501 / 15,52141

5, 0,0358496 / 15,52141

0, 0,79228 / 16,3137

1, 0,6414832 / 16,91379

0, 0,1979217 / 17,11171

1, 1,007041 / 18,08332

2, 0,4885109 / 18,56398

0, 0,0871495 / 18,65113

3, 0,2265159 / 18,85152

0, 0,3422503 / 19,19377

2, 0,0327739 / 19,19377

5, 0,2591559 / 19,42125

4, 0,0286506 / 19,45032

0, 0,4987062 / 19,94902

4, 0,1884625 / 20,26724

4, 0,3144098 / 21,78165

5, 1,856626 / 21,78165

2, 0,4024811 / 22,18265

1, 0,5811031 / 22,76793

2, 0,0325353 / 22,79488

1, 0,08377591 / 22,88021

0, 0,0895478 / 22,96976

5, 0,4900743 / 23,43594

2, 0,1977218 / 23,63742

1, 2,124426 / 25,75099

0, 1,316042 / 27,06703

1, 0,4122727 / 27,45588

0, 0,109565 / 27,56544

1, 0,0249209 / 27,56544

0, 0,4619184 / 28,02736

1, 0,4970511 / 28,4817

0, 0,0576978 / 28,5394

3, 0,1268575 / 28,64416

0, 0,4523065 / 29,09646

2, 0,1024446 / 29,16526

0, 0,1145906 / 29,27985

5, 0,0257356 / 29,27985

0, 0,2105769 / 29,49043

2, 0,2305214 / 29,69139

3, 0,0852192 / 29,80586

3, 0,086789 / 30,00854

4, 0,3433428 / 30,0355

0, 0,2289782 / 30,26448

3, 0,114896 / 30,35812

0, 0,0649938 / 30,42312

3, 0,1230214 / 30,5072

0, 0,2150454 / 30,72225

3, 0,0272837 / 30,72225

2, 0,1035837 / 30,82135

5, 0,3718315 / 31,1207

0, 0,0611551 / 31,18186

4, 0,1309453 / 31,28062

0, 0,0533284 / 31,33395

5, 0,1139277 / 31,42556

6, 0,2663759 / 31,69225

0, 1,460293 / 33,15255

5, 0,8592076 / 33,98243

0, 0,6376997 / 34,62014

5, 0,7029663 / 35,30941

6, 0,0403306 / 35,33858

0, 0,2138694 / 35,55244

3, 0,2462035 / 35,76657

0, 0,5963736 / 36,36295

1, 0,8140621 / 37,15173

2, 0,5298553 / 37,67863

0, 0,0769891 / 37,75563

1, 0,5282041 / 38,23867

2, 0,0318349 / 38,26696

4, 0,1953297 / 38,4629

5, 0,4535973 / 38,72435

0, 0,0805443 / 38,80489

5, 0,2264372 / 39,00731

6, 0,0292013 / 39,0402

7, 0,0328975 / 39,06713

0, 0,0732741 / 39,1404

6, 0,1938225 / 39,29368

0, 0,0610446 / 39,35472

4, 0,4297575 / 39,75508

2, 0,0316431 / 39,79636

1, 0,7761576 / 40,56335

0, 0,3414249 / 40,90477

1, 0,8362575 / 41,72166

0, 0,0838799 / 41,80554

1, 0,0541609 / 41,83721

0, 0,3292637 / 42,16647

1, 0,6146598 / 42,75372

0, 7,654559 / 50,40828

4, 0,026047 / 50,40828

0, 2,425363 / 52,83365

1, 1,186783 / 53,99341

0, 0,4707104 / 54,46412

5, 0,3028716 / 54,73698

2, 0,0244856 / 54,7633

0, 0,763333 / 55,52663

1, 0,0298093 / 55,52663

0, 1,778733 / 57,30537

2, 0,2277382 / 57,49664

0, 0,0824134 / 57,57905

1, 0,2745081 / 57,81022

0, 0,0858442 / 57,89606

1, 0,0858442 / 57,92958

StartAnim : touchMagazine / 58,92592

0, 1,429754 / 59,35934

1, 0,144525 / 59,46893

0, 0,1113776 / 59,58031

2, 0,0354058 / 59,58031

5, 0,6647704 / 60,24347

0, 0,3791807 / 60,62265

5, 0,2246463 / 60,82537

4, 0,0876172 / 60,88282

5, 0,125673 / 60,99697

1, 1,129106 / 62,10863

2, 1,240313 / 63,34769

0, 1,031956 / 64,37963

1, 0,5586043 / 64,90854

**********------------scene2------------**********

0, 3,055993 / 0,0870816

3, 0,3288428 / 0,3848305

0, 0,3997875 / 0,7846181

3, 0,2566746 / 1,014021

0, 0,9031332 / 1,917154

1, 0,4140286 / 2,303189

0, 0,0661984 / 2,369387

1, 0,1243459 / 2,455842

3, 0,2441968 / 2,698743

0, 0,328256 / 3,026999

5, 0,8851888 / 3,873332

0, 0,1134382 / 3,98677

5, 0,1164353 / 4,07315

0, 0,1125744 / 4,185724

5, 0,1408069 / 4,298683

0, 0,7150908 / 5,013772

2, 0,0278451 / 5,013772

1, 0,27133 / 5,284343

2, 1,682345 / 6,973379

1, 0,5001356 / 7,478388

0, 0,4935755 / 7,971963

1, 1,460149 / 9,39962

0, 0,0611619 / 9,460782

1, 0,0328594 / 9,460782

0, 0,3095445 / 9,770327

3, 0,2433953 / 9,984753

0, 0,2980858 / 10,28284

3, 0,0269791 / 10,28284

0, 0,6145705 / 10,89741

3, 0,3531893 / 11,22822

0, 0,1140903 / 11,34231

3, 0,0258412 / 11,34231

0, 0,0641074 / 11,40641

2, 0,418124 / 11,78763

0, 0,9250706 / 12,7127

3, 0,3862277 / 13,07226

0, 0,9016941 / 13,97395

1, 0,3591809 / 14,29887

0, 2,805884 / 17,10475

5, 0,109882 / 17,16959

0, 2,227395 / 19,39698

2, 0,341096 / 19,71426

4, 0,0318876 / 19,74505

5, 0,2725929 / 19,9825

0, 0,2867569 / 20,26926

2, 0,2078022 / 20,45161

0, 0,0625251 / 20,51414

1, 0,8186436 / 21,29728

0, 0,4162676 / 21,71355

3, 0,091878 / 21,78279

0, 0,898973 / 22,68176

3, 0,0565929 / 22,71296

0, 3,800199 / 26,51317

2, 0,3833904 / 26,85646

0, 0,0750774 / 26,93154

5, 0,3064501 / 27,21405

4, 0,32137 / 27,24277

0, 0,3169936 / 27,55976

6, 1,280011 / 28,79866

0, 1,948095 / 30,74675

7, 0,7024914 / 31,41635

6, 0,384065 / 31,80001

0, 0,0586773 / 31,85869

5, 0,462654 / 32,3011

0, 0,12785 / 32,42895

4, 0,1337833 / 32,53832

6, 0,3989782 / 32,92955

0, 0,9313974 / 33,86094

2, 0,0372786 / 33,86094

1, 2,081117 / 35,92851

0, 0,7246289 / 36,65314

1, 0,6823205 / 37,31185

0, 0,3982613 / 37,71011

4, 0,4034565 / 38,09706

5, 0,216687 / 38,09706

StartAnim : shortLook / 38,85553

0, 1,244916 / 39,34198

2, 0,0194407 / 39,34198

**********------------scene3------------**********

1, 1,945822 / 0,030997

0, 0,1204543 / 0,1514513

2, 0,5142694 / 0,632468

0, 0,5092284 / 1,141697

2, 0,6260392 / 1,742174

5, 0,08495229 / 1,828625

5, 0,0300309 / 1,92091

2, 0,4268991 / 2,228163

1, 0,4278821 / 2,65662

0, 0,113274 / 2,769894

1, 0,0916851 / 2,830432

0, 0,4833217 / 3,313754

1, 1,00064 / 4,286118

0, 0,9169735 / 5,203092

2, 0,0301238 / 5,203092

0, 0,0529256 / 5,256017

2, 0,0804235 / 5,319399

0, 0,164513 / 5,483912

2, 0,0263261 / 5,483912

1, 1,026906 / 6,514815

0, 0,0415451 / 6,556361

2, 0,2417766 / 6,784174

1, 0,3708901 / 7,155524

0, 0,0592214 / 7,214745

1, 0,0864931 / 7,27133

0, 0,4855676 / 7,756897

3, 0,1965255 / 7,929287

2, 0,0292975 / 7,955182

2, 0,4334528 / 8,44591

2, 0,0220463 / 8,528932

5, 0,5700872 / 8,528932

0, 0,4870779 / 9,016009

3, 0,1128985 / 9,104619

0, 4,136892 / 13,24151

1, 0,667233 / 13,88511

2, 0,9301342 / 14,81503

0, 0,0533738 / 14,8684

1, 1,997926 / 16,84562

2, 12,04588 / 28,88189

5, 0,0230703 / 28,91178

0, 0,0572627 / 28,96904

2, 0,1464811 / 29,08343

0, 0,0950874 / 29,17852

3, 1,406678 / 30,54454

StartAnim : armStretch / 32,83021

0, 2,399062 / 32,94361

3, 0,0320738 / 32,94361

2, 0,2263764 / 33,16944

1, 0,3168894 / 33,48348

2, 0,5113633 / 33,99884

0, 0,5976722 / 34,59652

2, 0,0309781 / 34,65535

4, 0,1123276 / 34,68248

0, 0,1154983 / 34,79797

2, 0,4822223 / 35,2563

0, 0,2022462 / 35,45855

3, 0,2299727 / 35,66019

0, 0,0514285 / 35,71162

StartAnim : longLook / 37,11095

StartAnim : handSalute / 37,42768

1, 2,36694 / 38,05824

0, 0,3845078 / 38,44275

4, 0,2839441 / 38,69739

2, 0,2359901 / 38,93009

StartAnim : faceSmile / 41,59964

1, 5,363996 / 44,29835

0, 0,0855806 / 44,38393

1, 0,2873916 / 44,64077

0, 0,3416596 / 44,98243

1, 0,9707664 / 45,93053

0, 0,0886797 / 46,01921

1, 0,3152785 / 46,30006

0, 0,4233626 / 46,72343

2, 0,5275277 / 47,22486

0, 0,6861902 / 47,91105

1, 0,9425224 / 48,83026

2, 0,5277813 / 49,3539

0, 0,2608657 / 49,61477

2, 0,2265695 / 49,81897

0, 0,0510789 / 49,87005

1, 0,1662939 / 50,01745

0, 1,135688 / 51,15314

1, 0,2553675 / 51,38625

2, 0,3321391 / 51,71248

1, 0,6824815 / 52,40241

2, 0,3160736 / 52,712

1, 0,4000329 / 53,11137

0, 0,0594746 / 53,17084

2, 0,8266011 / 53,97091

2, 0,0845454 / 54,3703

5, 0,4888213 / 54,45233

2, 0,8574678 / 55,31079

3, 0,2006751 / 55,50967

0, 0,4031437 / 55,91281

4, 0,342195 / 56,22591

0, 0,9118772 / 57,13779

2, 0,3404093 / 57,45721

5, 0,258508 / 57,71394

2, 0,0568066 / 57,7702

StartAnim : LongLook / 58,39846

1, 1,112636 / 58,88607

0, 0,6865852 / 59,57265

1, 3,115361 / 62,65394

StartAnim : CaresseEntreCuisse / 62,85409

2, 0,2656847 / 62,91118

5, 0,0187066 / 62,94005

0, 0,4843905 / 63,42445

4, 0,1995252 / 63,59722

0, 0,05649 / 63,65371

2, 0,030588 / 63,65371

1, 3,145858 / 66,79663

0, 0,0598605 / 66,85649

1, 0,1142379 / 66,94043

0, 0,404029 / 67,34447

1, 0,8012784 / 68,1099

StartAnim : faceSmile / 68,39823

2, 0,3160311 / 68,42462

1, 1,741371 / 70,17154

0, 0,0855684 / 70,25711

1, 1,500516 / 71,72734

2, 0,2832861 / 72,01429

**********------------scene4------------**********

1, 0,0607764 / 0,0437963

0, 0,2575532 / 0,3013495

1, 0,0228147 / 0,3013495

0, 0,2855455 / 0,586895

5, 0,3951031 / 1,300597

2, 1,485353 / 2,043997

StartAnim : LongLook / 2,528184

StartAnim : HandSalute / 2,813921

1, 1,416495 / 3,45577

5, 0,3246327 / 4,026246

2, 0,9408134 / 4,400568

1, 0,7166213 / 5,113372

2, 2,013218 / 7,129597

1, 0,5268105 / 7,653702

0, 0,5026575 / 8,156359

1, 0,5573363 / 8,684663

0, 0,4873185 / 9,171981

1, 0,1109716 / 9,269444

2, 0,2119866 / 9,398743

1, 0,2328067 / 9,642868

0, 1,4424 / 11,08527

1, 0,3685157 / 11,42828

2, 2,256921 / 13,67057

0, 0,4428275 / 14,1134

StartAnim : LongLook / 14,30151

1, 1,584887 / 15,68312

2, 0,3996284 / 16,0864

1, 0,4449406 / 16,52909

0, 0,0396051 / 16,5687

1, 0,0396051 / 16,58459

2, 0,3442889 / 16,93074

1, 0,9738222 / 17,91143

2, 0,4744261 / 18,38462

1, 0,9375564 / 19,31245

2, 0,3438231 / 19,66982

StartAnim : EyeBlink / 21,89789

1, 3,774766 / 23,44174

2, 0,2543526 / 23,69861

1, 0,3290311 / 24,01127

2, 0,0982622 / 24,1131

1, 0,0782208 / 24,17123

2, 0,0298049 / 24,17123

0, 0,4436414 / 24,61487

1, 1,739534 / 26,33609

2, 0,5740302 / 26,91449

1, 0,1217283 / 27,02918

2, 0,1485404 / 27,18443

5, 0,1883068 / 27,36827

4, 0,4485668 / 27,69767

2, 0,6978236 / 28,05561

StartAnim : OpenLegs / 29,97086

1, 2,346102 / 30,40067

2, 0,3544358 / 30,74244

5, 0,4755543 / 31,21281

2, 0,0258484 / 31,23382

5, 0,1024733 / 31,34057

1, 1,040193 / 32,36812

2, 0,0126574 / 32,38942

0, 0,0487285 / 32,43815

3, 0,024779 / 32,43815

0, 0,0915256 / 32,52968

5, 0,5738273 / 33,02693

3, 0,4472969 / 33,48134

5, 0,0409044 / 33,52491

2, 1,485675 / 34,98418

4, 0,3756715 / 35,35635

5, 0,8759201 / 35,46866

2, 0,4702243 / 35,84298

4, 1,857704 / 37,6988

5, 2,27225 / 38,1146

0, 0,2113889 / 38,32598

4, 0,0139302 / 38,44064

5, 0,5583088 / 38,87166

StartAnim : touchCouchInvite / 39,01208

0, 0,3392266 / 39,21088

4, 0,1852508 / 39,36779

0, 0,0577145 / 39,42551

4, 0,210298 / 39,61073

0, 0,5858003 / 40,19653

2, 0,4465384 / 40,64255

StartAnim : FaceSmile / 40,82021

1, 0,4253651 / 41,07273

2, 0,0310379 / 41,10398

0, 0,2832003 / 41,38718

2, 0,058792 / 41,41403

1, 2,066683 / 43,46978

2, 0,1023128 / 43,58891

5, 0,0327349 / 43,61524

2, 0,4352291 / 44,04478

1, 0,4891715 / 44,5417

2, 0,1641561 / 44,69649

1, 0,5774307 / 45,2875

0, 0,2885367 / 45,57604

2, 0,7283425 / 46,27006

1, 1,498209 / 47,76146

0, 0,0497795 / 47,81124

2, 0,0306741 / 47,87407

5, 0,0804536 / 47,87407

1, 0,0651289 / 47,92806

2, 0,065716 / 48,00042

5, 0,0887376 / 48,08593

2, 0,1411139 / 48,17192

0, 0,1710386 / 48,34296

3, 0,1854016 / 48,51172

0, 0,185953 / 48,69767

2, 0,1028564 / 48,78823

0, 0,1392518 / 48,92748

2, 0,2699235 / 49,16931

1, 0,5169576 / 49,68701

2, 0,0303395 / 49,71233

0, 0,114142 / 49,82647

2, 0,6452814 / 50,43932

1, 0,6292365 / 51,08115

5, 0,2429787 / 51,85552

2, 1,026801 / 52,11517

**********------------scene5------------**********

1, 0,2754367 / 0,0296534

0, 0,1176683 / 0,1473217

2, 0,060205 / 0,1740943

0, 0,1412343 / 0,3153286

1, 0,4269194 / 0,7143197

2, 0,7454425 / 1,466541

0, 2,009187 / 3,475728

1, 0,2140871 / 3,657787

2, 0,6728119 / 4,329862

0, 0,0420611 / 4,371922

2, 0,0183554 / 4,371922

0, 1,015611 / 5,387533

1, 0,4294019 / 5,80207

2, 0,2423005 / 6,047054

4, 0,3142187 / 6,349813

4, 0,0137886 / 7,344406

5, 1,310277 / 7,344406

2, 0,5886053 / 7,946376

4, 0,3972503 / 8,30287

1, 0,4460169 / 8,761506

2, 0,2703552 / 9,014817

0, 0,6164572 / 9,631276

StartAnim : ShortLook / 9,658061

1, 0,9280976 / 10,54479

StartAnim : FaceSmile / 10,62877

5, 0,1722307 / 10,71435

0, 0,0419705 / 10,75632

5, 0,1135031 / 10,85611

2, 0,0752547 / 10,93055

5, 0,1716623 / 11,10214

0, 0,1725443 / 11,27468

1, 0,2454709 / 11,49868

0, 0,114846 / 11,61353

1, 0,8391852 / 12,42845

2, 0,4298922 / 12,87254

1, 0,8132736 / 13,67384

2, 0,4278191 / 14,10418

1, 0,3878312 / 14,50099

2, 1,314536 / 15,81372

5, 0,0850248 / 15,89923

4, 0,1294156 / 15,94516

4, 0,3539256 / 16,42739

2, 0,7978838 / 16,65645

3, 0,301769 / 16,98758

5, 0,323911 / 16,98758

0, 0,0637107 / 17,05128

1, 1,028735 / 18,0281

0, 0,07923649 / 18,10733

1, 0,1983706 / 18,28715

0, 1,711478 / 19,99863

StartAnim : OpenLegs / 20,12797

1, 0,5592252 / 20,5428

2, 0,2426227 / 20,78519

3, 0,1283503 / 21,243

3, 0,0208806 / 21,29961

3, 0,2454972 / 21,57067

5, 1,302531 / 22,08717

2, 0,3170005 / 22,40032

StartAnim : TouchCouchInvite / 22,42359

StartAnim : LongLook / 22,95598

StartAnim : FaceSmile / 23,35762

1, 2,411547 / 24,81593

2, 0,0289026 / 24,83396

1, 0,4115143 / 25,24626

2, 0,3029455 / 25,55941

1, 3,697526 / 29,24298

0, 0,0427502 / 29,28573

2, 0,1436908 / 29,51356

5, 1,358719 / 30,61487

2, 0,2993944 / 30,91304

5, 0,2462901 / 31,15723

2, 0,0414581 / 31,17768

1, 0,5311742 / 31,71531

StartAnim : PenisTouch / 31,73856

2, 0,0705693 / 31,78949

4, 0,4566213 / 32,24292

4, 0,0320734 / 32,35533

StartAnim : ShortLook / 32,37728

4, 0,9542174 / 33,45501

5, 1,682984 / 33,45501

2, 0,3599014 / 33,82718

StartAnim : CloseEyes / 35,04025

1, 2,168735 / 35,98401

2, 0,0134295 / 36,00883

0, 0,0491226 / 36,05795

4, 0,0760606 / 36,14092

4, 0,5774828 / 36,84271

5, 0,8030851 / 36,84271

2, 0,0308112 / 36,87511

0, 0,0401837 / 36,91529

1, 0,3997718 / 37,30005

2, 0,0480097 / 37,34124

StartAnim : OpenEyes / 37,87011

StartAnim : StartErect / 38,18562

4, 2,409053 / 39,78509

5, 2,447217 / 39,78509

2, 0,2650093 / 40,04306

1, 0,6211389 / 40,6554

2, 0,012677 / 40,67749

0, 0,0536619 / 40,73115

4, 1,265153 / 41,95579

5, 1,265153 / 41,95579

2, 0,072359 / 42,04253

StartAnim : CloseEyes / 43,0112

1, 1,06956 / 43,09861

0, 0,0628156 / 43,16143

4, 0,2052732 / 43,34271

5, 1,01128 / 44,15951

2, 0,316761 / 44,4607

StartAnim : OpenEyes / 44,54374

1, 0,7569845 / 45,19796

2, 0,0290472 / 45,24244

4, 1,163827 / 46,89921

5, 1,660137 / 46,89921

2, 0,0242227 / 46,93293

StartAnim : CloseEyes / 47,91333

1, 1,556735 / 48,47036

2, 0,3596616 / 48,84317

0, 0,0400316 / 48,88321

StartAnim : OpenEyes / 50,26888

4, 1,445684 / 50,31531

5, 1,445684 / 50,31531

2, 0,3379125 / 50,64355

StartAnim : StopTouchPenis / 50,75581

StartAnim : TouchCouchInvite / 51,71976

1, 1,588126 / 52,24286

0, 0,5552506 / 52,79811

2, 0,2712358 / 53,05711

5, 0,6133247 / 53,65832

2, 0,0178648 / 53,67735

0, 0,3948674 / 54,07222

**********------------scene6------------**********

1, 0,3844099 / 0,0269487

0, 0,1426084 / 0,1695571

1, 0,0287156 / 0,1695571

2, 0,3102103 / 0,4836392

1, 0,1417098 / 0,6271697

StartAnim : OpenLegs / 0,691963

2, 0,8857336 / 1,513251

1, 0,3590664 / 1,870843

0, 1,059044 / 2,929886

5, 0,0856965 / 2,98532

2, 0,199637 / 3,099392

5, 0,6165401 / 3,715126

0, 0,1534433 / 3,868569

5, 0,0239061 / 3,868569

0, 0,1745588 / 4,043128

5, 0,1566711 / 4,172753

0, 0,3415505 / 4,514304

6, 0,3262367 / 4,816445

0, 0,1397498 / 4,956195

2, 0,1417015 / 5,071465

5, 0,6724879 / 5,743317

2, 0,0289862 / 5,770923

5, 0,0853704 / 5,840697

2, 0,28416 / 6,141761

1, 0,6179504 / 6,756689

2, 0,0258928 / 6,792961

StartAnim : LongLook / 6,873627

StartAnim : StartTouchPenis / 6,898318

4, 0,7275643 / 7,51588

5, 0,7275643 / 7,51588

2, 0,06382699 / 7,568245

1, 0,7672288 / 8,341076

2, 0,0257666 / 8,368073

4, 1,187578 / 9,553024

5, 1,187578 / 9,553024

0, 0,0422541 / 9,595279

4, 0,2180377 / 9,798097

5, 0,2180377 / 9,798097

StartAnim : CloseEyes / 10,02601

2, 0,4004543 / 10,20099

1, 0,8285452 / 11,02708

2, 0,8531926 / 11,86599

StartAnim : OpenEyes / 11,95495

1, 0,460898 / 12,34013

2, 0,2676533 / 12,5998

4, 0,5865422 / 13,20578

5, 0,5865422 / 13,20578

2, 0,4468131 / 13,64016

4, 0,4255105 / 14,05281

5, 0,437651 / 14,07371

2, 0,8702475 / 14,92648

1, 0,0155603 / 14,95471

2, 0,0727187 / 15,03427

1, 0,5123717 / 15,54055

2, 0,0289767 / 15,55976

0, 0,0352675 / 15,59502

4, 0,7198545 / 16,32585

5, 0,7411188 / 16,32585

0, 0,0566592 / 16,38251

4, 0,0566592 / 16,4047

5, 0,0566592 / 16,4047

0, 0,8934749 / 17,29818

2, 0,5154405 / 17,78469

1, 1,014588 / 18,81047

StartAnim : CloseEyes / 19,19775

2, 0,4130296 / 19,22074

0, 0,0466439 / 19,26739

1, 1,791684 / 21,02579

2, 0,4849137 / 21,52892

StartAnim : OpenEyes / 21,83919

4, 1,601067 / 23,12499

5, 1,601067 / 23,12499

StartAnim : CloseEyes / 24,6385

0, 1,534333 / 24,65933

4, 1,174281 / 25,81141

5, 1,174281 / 25,81141

0, 0,6290948 / 26,4405

StartAnim : FastPenisTouch / 26,82655

StartAnim : OpenEyes / 26,96892

4, 1,084422 / 27,51159

5, 1,084422 / 27,51159

2, 0,3573227 / 27,87032

StartAnim : CloseEyes / 28,5982

StartAnim : OpenEyes / 29,49685

1, 1,929034 / 29,79684

0, 0,0460391 / 29,84288

1, 0,1606836 / 29,97973

5, 0,1805062 / 30,161

2, 0,2246018 / 30,19778

4, 0,4400497 / 30,6393

5, 0,4611834 / 30,6393

StartAnim : CloseEyes / 31,02274

2, 0,748632 / 31,39639

4, 1,25446 / 32,6565

5, 1,25446 / 32,6565

StartAnim : OpenEyes / 32,76715

2, 0,1852191 / 32,82541

StartAnim : PenisEjac / 33,37273

1, 1,013203 / 33,84109

2, 0,0174002 / 33,87078

0, 0,085735 / 33,95651

5, 0,8263519 / 34,76722

4, 1,000408 / 34,92367

5, 0,130988 / 34,92367

1, 0,3833242 / 35,29641

2, 0,4015307 / 35,71251

1, 0,614732 / 36,32655

2, 0,0287745 / 36,34707

StartAnim : StopTouchPenis / 36,39898

4, 0,257736 / 36,88093

5, 0,5543872 / 36,89918

StartAnim : DeErect / 37,22731

2, 0,6449878 / 37,55159

5, 1,140592 / 38,68075

1, 0,4433986 / 39,12541

2, 0,3423075 / 39,46747

2, 0,2440995 / 40,09293

5, 0,9873298 / 40,46849

0, 0,0401987 / 40,50869

5, 0,29937 / 40,77977

2, 0,1926317 / 40,9816

1, 0,425602 / 41,41043

2, 0,0243234 / 41,42756

**********------------Fin_Relaxation------------**********

