**********------------scene1------------**********

0, 0,359109 / 0,359109

2, 0,0559588 / 0,6771266

0, 16,53896 / 17,21608

2, 0,1248258 / 17,30197

0, 0,07697751 / 17,37895

2, 0,2695216 / 17,60954

0, 0,0774408 / 17,68698

1, 0,3246958 / 17,97621

2, 0,483857 / 18,46039

5, 0,6674307 / 18,97126

0, 0,3619532 / 19,33321

4, 0,1965111 / 19,4911

2, 0,0459762 / 19,53099

4, 0,0398834 / 19,57478

1, 0,6693405 / 20,22457

0, 0,5218228 / 20,74639

2, 0,2252717 / 20,94343

1, 0,3792854 / 21,3269

2, 0,0354649 / 21,39771

5, 0,499533 / 21,85591

0, 0,08659 / 21,9425

5, 0,1595022 / 22,0614

0, 0,5101816 / 22,57158

4, 0,26927 / 22,80496

0, 0,2687241 / 23,07369

2, 0,1936747 / 23,23486

0, 0,0819663 / 23,31683

1, 1,136479 / 24,41342

5, 0,2999517 / 24,71304

2, 1,929279 / 26,64211

1, 1,19975 / 27,82522

5, 0,0900555 / 27,94446

2, 0,4558123 / 28,28954

5, 0,6120472 / 28,62772

0, 1,255287 / 29,88301

5, 0,4354149 / 30,2844

2, 0,3085029 / 30,59871

1, 0,6544999 / 31,24354

0, 0,0888146 / 31,33235

1, 0,059865 / 31,36945

0, 0,0873759 / 31,45683

1, 0,1134382 / 31,55176

2, 0,2143837 / 31,76093

0, 0,2200236 / 31,98095

1, 0,2917878 / 32,24007

2, 0,0341614 / 32,27435

5, 0,1335153 / 32,426

0, 0,0629397 / 32,48894

4, 0,1635206 / 32,68729

5, 0,2612977 / 32,72914

2, 0,0418425 / 32,77441

5, 0,527637 / 33,28667

0, 0,6177109 / 33,90438

5, 0,312738 / 34,18932

2, 0,4998108 / 34,4128

1, 0,6847495 / 35,08489

0, 0,068684 / 35,15358

2, 0,0293212 / 35,15358

2, 0,0288121 / 35,49753

2, 0,0299002 / 35,86988

5, 1,01018 / 36,15551

2, 0,1894233 / 36,34201

0, 0,1987648 / 36,54077

1, 0,4114831 / 36,90096

2, 0,0295092 / 36,93161

1, 0,2279447 / 37,17342

0, 0,5695708 / 37,743

5, 0,0293834 / 37,743

2, 0,05832 / 37,77718

0, 0,3929172 / 38,17009

5, 0,3299418 / 38,52921

2, 0,6995834 / 38,82924

1, 1,482832 / 40,30993

0, 0,602401 / 40,91233

1, 0,0250409 / 40,91233

2, 0,0318982 / 40,99225

0, 0,0596561 / 41,05191

1, 0,4355513 / 41,45194

0, 0,503338 / 41,95528

2, 0,2009403 / 42,13195

1, 0,0342022 / 42,17165

0, 0,1976058 / 42,36926

1, 0,2786702 / 42,61187

2, 0,107328 / 42,72739

1, 0,2135947 / 42,92965

2, 0,0303555 / 42,95938

5, 0,3332953 / 43,30249

2, 0,3801985 / 43,40216

0, 0,1076221 / 43,50978

2, 0,1384167 / 43,59851

1, 0,0872172 / 43,69071

0, 0,1384468 / 43,82915

1, 0,957665 / 44,75577

2, 0,0274011 / 44,78595

1, 0,2715243 / 45,05465

5, 0,3869564 / 45,4406

0, 0,0603625 / 45,50096

5, 0,0299422 / 45,50096

2, 0,8314407 / 46,3282

0, 4,489094 / 50,8173

7, 0,0313539 / 50,8173

0, 0,338521 / 51,15582

7, 0,5939402 / 51,71332

0, 3,812817 / 55,52611

4, 0,3726496 / 55,88523

2, 0,0422318 / 55,92945

5, 0,0422318 / 55,92945

4, 0,0442153 / 55,97698

2, 0,4561156 / 56,41571

1, 1,387284 / 57,81112

2, 0,0714435 / 57,88546

0, 0,1370905 / 58,02255

1, 0,6219071 / 58,62407

StartAnim : touchMagazine / 58,93803

0, 0,3449923 / 58,96906

2, 0,5276994 / 59,47257

0, 0,203443 / 59,67601

4, 0,0355987 / 59,67601

0, 0,1160605 / 59,79207

4, 0,4711399 / 60,21227

0, 1,417042 / 61,62931

4, 0,0408307 / 61,62931

0, 0,0845995 / 61,71391

2, 0,0426063 / 61,71391

5, 0,4399875 / 62,10065

2, 0,2637721 / 62,37647

0, 0,0804397 / 62,45691

2, 0,1541994 / 62,57468

1, 0,3236903 / 62,88421

0, 0,4410313 / 63,32524

2, 0,6429359 / 63,92831

0, 1,395147 / 65,32347

1, 0,8852343 / 66,186

2, 0,6784738 / 66,86676

1, 0,035311 / 66,91817

0, 0,2763564 / 67,19453

1, 0,1852342 / 67,354

**********------------scene2------------**********

0, 0,6179196 / 0,0746254

2, 0,4913549 / 0,5323318

5, 0,4142564 / 0,9139526

0, 0,9882702 / 1,902223

2, 0,0595392 / 1,93982

1, 0,8986369 / 2,827689

5, 0,08833911 / 3,330141

2, 1,140746 / 3,974933

5, 0,3000044 / 3,974933

0, 0,0658014 / 4,040734

5, 0,1262593 / 4,126428

0, 0,1633277 / 4,289755

5, 0,0455982 / 4,289755

0, 0,2140067 / 4,503762

5, 0,0307984 / 4,503762

0, 0,0700327 / 4,573795

5, 0,5328518 / 5,075784

0, 0,1305894 / 5,206373

5, 0,1228905 / 5,285551

0, 0,4353643 / 5,720915

7, 0,3727788 / 6,033391

0, 0,3005977 / 6,333989

2, 0,2079718 / 6,489946

1, 0,1919933 / 6,692576

0, 2,050552 / 8,743129

1, 1,312819 / 10,01639

0, 0,9986671 / 11,01506

1, 0,4575198 / 11,44571

0, 0,4709403 / 11,91665

5, 0,4000543 / 12,28206

2, 0,0703451 / 12,34842

5, 0,075305 / 12,42791

2, 0,3988696 / 12,83171

1, 0,0403315 / 12,87396

2, 0,0732505 / 12,94529

1, 0,7083355 / 13,64217

2, 0,3861285 / 14,02691

5, 0,0274891 / 14,05773

2, 0,4488349 / 14,50032

4, 0,0564953 / 14,58583

2, 0,2579773 / 14,90852

5, 0,4327691 / 14,94226

0, 2,878131 / 17,82039

3, 0,2465599 / 18,03156

0, 0,286258 / 18,31782

3, 0,2423593 / 18,51625

0, 0,4283426 / 18,94459

1, 0,0317341 / 18,94459

0, 0,4430914 / 19,38768

1, 0,0381113 / 19,38768

0, 1,608539 / 20,99622

1, 0,5950825 / 21,55718

0, 0,0592807 / 21,61646

2, 0,0284842 / 21,61646

0, 0,0678268 / 21,68429

2, 0,0406413 / 21,68429

1, 0,0648376 / 21,75934

0, 0,7017217 / 22,46107

2, 0,0255124 / 22,46107

0, 0,0678883 / 22,52896

2, 0,5081974 / 22,99803

0, 0,4328129 / 23,43084

1, 0,17056 / 23,57407

0, 0,1805311 / 23,75461

1, 0,1810555 / 23,89754

0, 0,062608 / 23,96015

5, 0,0333003 / 23,96015

2, 0,9184915 / 24,84185

0, 0,0551835 / 24,89704

2, 0,4200532 / 25,31086

4, 0,0850771 / 25,38566

0, 1,099282 / 26,48494

5, 0,5778167 / 27,04376

0, 0,6706035 / 27,71437

2, 0,0280495 / 27,71437

0, 0,1802587 / 27,89462

2, 0,6367084 / 28,48966

0, 0,0669695 / 28,55663

1, 0,3958441 / 28,91584

0, 2,166293 / 31,08214

2, 0,0350325 / 31,08214

1, 0,1820633 / 31,25414

0, 0,7858868 / 32,04003

2, 0,714272 / 32,73151

0, 0,5104184 / 33,24194

3, 0,0354001 / 33,24194

0, 2,017203 / 35,25913

2, 0,0253091 / 35,25913

0, 1,523279 / 36,78241

1, 0,4709968 / 37,22588

0, 0,2727561 / 37,49863

1, 0,3651589 / 37,84223

0, 0,2303611 / 38,07259

1, 0,0665622 / 38,1144

2, 0,2294597 / 38,34345

0, 0,3300424 / 38,67349

StartAnim : shortLook / 38,82724

**********------------scene3------------**********

2, 2,6148 / 0,0162438

0, 2,647161 / 2,663405

2, 0,1165876 / 2,756865

0, 0,1184591 / 2,875324

2, 0,4008846 / 3,245117

2, 0,0540533 / 3,412574

5, 0,3143806 / 3,532585

0, 0,0798805 / 3,612465

5, 0,0491178 / 3,646409

0, 0,1169367 / 3,763346

5, 0,06417 / 3,790584

0, 0,4376504 / 4,228235

5, 0,1719308 / 4,372268

2, 0,0587889 / 4,435495

0, 0,4813452 / 4,91684

2, 0,3705664 / 5,256969

1, 1,740471 / 7,001492

2, 0,4005696 / 7,408295

6, 0,03866 / 7,435036

0, 0,0495921 / 7,484628

4, 0,1666258 / 7,632802

0, 0,1377027 / 7,770505

5, 0,0584268 / 7,801998

0, 0,2540412 / 8,056039

5, 0,0295283 / 8,056039

0, 0,2308424 / 8,28688

5, 0,0294317 / 8,28688

2, 0,0276626 / 8,327395

0, 0,0890731 / 8,416469

2, 0,2304993 / 8,616215

1, 0,3986323 / 9,016029

0, 0,0540833 / 9,070113

3, 0,0259405 / 9,070113

0, 0,7982273 / 9,868339

4, 0,0319815 / 9,868339

0, 0,1839142 / 10,05225

5, 0,0914906 / 10,09941

0, 0,0541373 / 10,15355

5, 0,0303948 / 10,15355

0, 0,1207755 / 10,27432

5, 0,0823768 / 10,3287

0, 0,8884685 / 11,21717

2, 0,3147516 / 11,50066

1, 1,309505 / 12,81279

2, 1,432984 / 14,24184

0, 0,08378311 / 14,32562

2, 0,1698422 / 14,4684

1, 1,372962 / 15,84151

0, 0,7467821 / 16,58829

2, 0,0894873 / 16,64096

0, 0,2742069 / 16,91517

5, 0,0337116 / 16,91517

1, 0,0562711 / 16,97207

2, 0,0241806 / 17,00174

0, 0,1985217 / 17,20026

1, 0,5723945 / 17,74059

2, 0,0271049 / 17,7713

1, 0,0602942 / 17,82683

2, 0,0259496 / 17,85666

0, 0,3132539 / 18,16992

1, 0,2892593 / 18,42503

0, 1,804612 / 20,22964

1, 0,0308686 / 20,22964

5, 0,0259688 / 20,26217

0, 0,1097149 / 20,37189

1, 1,087891 / 21,42885

2, 0,0268784 / 21,45329

1, 0,142719 / 21,60122

0, 0,060477 / 21,6617

1, 0,060477 / 21,68563

0, 0,0540006 / 21,73963

1, 0,0540006 / 21,77301

0, 0,1441266 / 21,91713

1, 0,1357936 / 22,0285

0, 0,1725712 / 22,20107

1, 0,3447071 / 22,51108

0, 0,1736909 / 22,68477

2, 0,0328821 / 22,68477

0, 0,2273447 / 22,91211

4, 0,0566814 / 22,94368

0, 0,0838177 / 23,02749

4, 0,0572141 / 23,05331

0, 0,3995514 / 23,45286

2, 0,052715 / 23,48601

0, 2,111296 / 25,5973

1, 0,7446188 / 26,3111

0, 0,2014521 / 26,51256

1, 0,1936288 / 26,68998

2, 0,0567583 / 26,73997

5, 0,2578548 / 26,99753

2, 0,2417846 / 27,23984

5, 0,1452202 / 27,3834

0, 0,3756167 / 27,75901

5, 0,3162602 / 28,04273

0, 0,3994324 / 28,44217

5, 0,4854141 / 28,89997

5, 0,0255475 / 28,98416

2, 0,519304 / 29,38885

5, 0,3410833 / 29,72444

0, 0,5307629 / 30,25521

4, 0,2413286 / 30,47075

0, 0,0838054 / 30,55456

4, 0,0320641 / 30,55456

0, 0,0585798 / 30,61314

4, 0,142642 / 30,7278

StartAnim : armStretch / 32,81203

0, 2,884796 / 33,61258

2, 0,7404195 / 34,3283

0, 0,4262465 / 34,75454

2, 0,7989725 / 35,52953

0, 0,2272536 / 35,75678

1, 0,6810017 / 36,41146

0, 0,0889086 / 36,50037

1, 0,0823437 / 36,55278

0, 0,1155296 / 36,66831

1, 0,0559038 / 36,70821

0, 0,2222761 / 36,93049

StartAnim : longLook / 37,10024

StartAnim : handSalute / 37,38293

1, 0,8689435 / 37,7715

0, 0,5242363 / 38,29573

1, 0,4254793 / 38,69592

2, 0,0287448 / 38,7274

1, 0,0314796 / 38,75493

0, 0,056086 / 38,81102

1, 1,655605 / 40,44104

2, 0,0304895 / 40,4683

1, 0,6270599 / 41,09975

2, 0,0316485 / 41,12997

StartAnim : faceSmile / 41,58036

1, 3,08314 / 44,21365

2, 0,5453709 / 44,755

0, 0,055289 / 44,81029

1, 0,455927 / 45,24294

0, 0,7377465 / 45,98069

1, 1,699396 / 47,65339

2, 0,4135874 / 48,07056

5, 0,5123549 / 48,58134

2, 0,060855 / 48,63841

0, 0,0578917 / 48,6963

1, 0,0271621 / 48,6963

0, 0,0585543 / 48,75486

1, 0,9599314 / 49,6813

2, 0,3979673 / 50,08159

1, 0,8988068 / 50,98129

0, 0,1162418 / 51,09754

2, 1,160382 / 52,2259

0, 0,0568581 / 52,28276

2, 0,0568581 / 52,3132

0, 0,1418976 / 52,4551

2, 0,3151769 / 52,74136

1, 2,201206 / 54,93972

2, 0,0261862 / 54,97051

5, 0,0589661 / 55,02634

0, 0,7456583 / 55,772

2, 0,3374585 / 56,0824

0, 1,088751 / 57,17115

5, 0,7375745 / 57,88251

0, 0,1128496 / 57,99537

5, 0,1134762 / 58,08328

2, 0,2587866 / 58,34737

StartAnim : LongLook / 58,39767

0, 0,0785302 / 58,4259

1, 1,28415 / 59,68529

0, 0,0540263 / 59,73932

1, 2,838558 / 62,55298

StartAnim : CaresseEntreCuisse / 62,84103

2, 0,971468 / 63,52638

1, 0,9738799 / 64,49934

2, 0,0547828 / 64,55382

5, 0,3451707 / 64,89674

0, 0,0862496 / 64,98298

5, 0,4580837 / 65,41128

2, 0,4868502 / 65,89401

1, 1,367959 / 67,27081

StartAnim : faceSmile / 68,38235

2, 1,347622 / 68,61181

4, 0,0260129 / 68,63898

2, 0,174123 / 68,81168

0, 0,8847318 / 69,69645

2, 0,0568738 / 69,73147

1, 2,056866 / 71,7802

2, 0,0269125 / 71,81003

1, 0,1440046 / 71,95382

**********------------scene4------------**********

2, 0,0853024 / 0,0395051

StartAnim : LongLook / 2,519978

StartAnim : HandSalute / 2,808348

StartAnim : SitCrossLegs / 4,694993

0, 5,627979 / 5,667484

2, 1,165937 / 6,803554

4, 0,3972499 / 7,172567

4, 0,0577537 / 7,257206

5, 0,6498187 / 7,423248

0, 1,11887 / 8,542117

3, 0,0298212 / 8,542117

5, 0,0324937 / 8,581861

0, 0,0576019 / 8,639463

2, 0,0576019 / 8,676858

2, 0,1473888 / 8,852842

4, 0,5558305 / 9,196581

5, 0,3732231 / 9,196581

2, 0,197583 / 9,395685

2, 0,3551497 / 10,32314

1, 1,015252 / 10,41492

4, 0,064701 / 10,53945

2, 2,15368 / 12,4916

1, 0,3763235 / 12,53503

2, 0,4270563 / 12,96468

0, 0,0532664 / 13,01795

2, 0,2696162 / 13,24876

4, 0,8543615 / 14,07791

5, 0,8280587 / 14,07791

0, 0,0441109 / 14,12202

5, 0,1700014 / 14,27791

StartAnim : LongLook / 14,27791

0, 0,2977287 / 14,57564

2, 0,1674143 / 14,72768

1, 1,625672 / 16,3496

0, 0,0698288 / 16,41943

1, 0,5132317 / 16,87567

2, 0,0334917 / 16,91815

0, 0,2710444 / 17,1892

2, 0,3765795 / 17,55049

0, 0,097785 / 17,64828

2, 0,4850044 / 18,09033

4, 0,0132144 / 18,1153

5, 0,5014856 / 18,61045

0, 2,122892 / 20,73335

7, 0,372064 / 21,07608

0, 0,0583987 / 21,13448

7, 0,1739722 / 21,2768

4, 0,0554956 / 21,33541

StartAnim : EyeBlink / 21,87778

5, 1,099189 / 22,37752

2, 0,0282784 / 22,40964

4, 0,6827372 / 22,40964

0, 0,1682192 / 22,57786

2, 0,2718353 / 22,82231

1, 0,4191888 / 23,23566

1, 0,034354 / 23,66129

1, 0,0450463 / 23,73146

2, 2,217598 / 25,30388

2, 0,0209249 / 25,34887

1, 0,152052 / 25,44693

1, 0,4284192 / 26,88947

1, 0,0160782 / 28,25974

StartAnim : OpenLegs / 29,96011

5, 0,1686853 / 30,67695

5, 0,0468995 / 30,79198

2, 5,402637 / 30,81718

5, 0,0252064 / 30,8353

2, 0,2147826 / 31,05013

4, 0,5400397 / 31,05013

4, 0,0258137 / 31,50416

5, 0,4570843 / 31,50416

2, 0,040919 / 31,53346

5, 0,1167709 / 31,64776

2, 0,5850782 / 32,23216

0, 0,6149575 / 32,84711

2, 0,0141738 / 32,84711

0, 0,083236 / 32,93034

1, 1,379087 / 34,27688

2, 0,0175143 / 34,30505

1, 0,9999799 / 35,30347

2, 0,5983546 / 35,88998

4, 1,484581 / 37,3641

4, 0,0290293 / 37,47537

5, 1,622612 / 37,51981

2, 0,0692672 / 37,58914

5, 0,0463825 / 37,63145

0, 0,0447589 / 37,6762

5, 0,0219045 / 37,6762

2, 0,1814571 / 37,86079

StartAnim : touchCouchInvite / 38,9784

StartAnim : FaceSmile / 40,78901

1, 3,083946 / 40,94742

2, 0,3840838 / 41,3183

1, 0,8733472 / 42,20341

0, 0,0488139 / 42,25223

1, 0,0200912 / 42,25223

2, 0,9817978 / 43,23229

0, 0,8859077 / 44,1182

2, 1,871586 / 45,97594

1, 1,468903 / 47,44616

2, 0,0284422 / 47,46525

0, 1,268829 / 48,73408

2, 0,0289798 / 48,73408

0, 0,5147995 / 49,24888

2, 0,3558234 / 49,57499

1, 1,515993 / 51,10414

0, 0,0570885 / 51,16123

1, 0,270898 / 51,38976

**********------------scene5------------**********

2, 1,679823 / 0,7691535

4, 0,2622829 / 1,027647

4, 0,0847133 / 1,140462

4, 0,0300856 / 1,261141

5, 0,8026385 / 1,572139

0, 0,0535763 / 1,625716

4, 0,3156455 / 1,941337

5, 0,342022 / 1,941337

0, 0,0840125 / 2,025349

5, 1,427298 / 3,425899

4, 0,1284579 / 3,554769

5, 0,0567147 / 3,619347

4, 0,1721026 / 3,789183

2, 0,6437999 / 4,25406

1, 0,0268176 / 4,286515

2, 0,0871679 / 4,372061

1, 1,10973 / 5,467579

4, 0,0528707 / 6,794164

2, 1,625484 / 7,08458

4, 0,0312038 / 7,11146

5, 0,0312038 / 7,11146

0, 0,1751478 / 7,286608

4, 0,0541166 / 8,151206

5, 1,031302 / 8,287652

StartAnim : ShortLook / 9,66621

2, 2,080887 / 10,35318

StartAnim : FaceSmile / 10,6422

1, 2,841777 / 13,19424

2, 1,272018 / 14,46931

0, 0,0406216 / 14,50993

2, 0,0614042 / 14,5516

0, 0,0440666 / 14,59566

2, 1,647939 / 16,22338

1, 1,968599 / 18,19648

2, 0,1582414 / 18,35228

0, 0,3449958 / 18,69727

2, 0,1549249 / 18,83173

StartAnim : OpenLegs / 20,123

1, 1,359505 / 20,16875

2, 0,0261532 / 20,19676

1, 0,0280045 / 20,23281

2, 0,1179903 / 20,33963

1, 0,3254083 / 20,6673

2, 0,0690538 / 20,74178

4, 0,200907 / 20,92278

5, 0,3708122 / 21,08034

StartAnim : TouchCouchInvite / 22,44073

StartAnim : LongLook / 22,96768

StartAnim : FaceSmile / 23,35342

0, 2,386083 / 23,46641

5, 0,519457 / 23,96655

0, 0,0721398 / 24,03869

2, 0,1744869 / 24,19604

1, 2,625763 / 26,8243

2, 0,0485505 / 26,86617

5, 0,3425711 / 27,19276

0, 1,274482 / 28,46725

5, 0,1621714 / 28,63143

0, 0,5083251 / 29,13976

5, 0,0429118 / 29,16556

2, 0,0257962 / 29,18783

0, 0,1092876 / 29,29712

2, 0,275354 / 29,53894

StartAnim : PenisTouch / 31,73903

1, 2,509881 / 32,03749

0, 0,0420211 / 32,07952

StartAnim : ShortLook / 32,3792

1, 1,44213 / 33,49764

2, 0,0475832 / 33,55321

4, 0,7866807 / 34,33855

5, 0,7866807 / 34,33855

StartAnim : CloseEyes / 35,03881

0, 0,8126103 / 35,15116

4, 0,1190279 / 35,39503

5, 0,2601926 / 35,39503

2, 0,0946873 / 35,48259

4, 0,0586671 / 35,55185

5, 0,0586671 / 35,55185

1, 2,054608 / 37,59532

2, 0,058752 / 37,6672

StartAnim : OpenEyes / 37,86654

StartAnim : StartErect / 38,16557

1, 1,630346 / 39,29764

0, 0,073724 / 39,37136

1, 0,0279798 / 39,37136

2, 0,0195146 / 39,39859

1, 0,1792409 / 39,56854

2, 0,0179316 / 39,63404

1, 0,5399173 / 40,12363

2, 0,0452756 / 40,18129

4, 0,497458 / 40,66571

5, 0,497458 / 40,66571

0, 1,441215 / 42,10693

4, 0,0167608 / 42,10693

5, 0,0167608 / 42,10693

2, 0,049702 / 42,17584

0, 0,077243 / 42,25308

2, 0,1534627 / 42,38778

1, 0,1871466 / 42,56718

StartAnim : CloseEyes / 42,99731

0, 1,500253 / 44,06745

2, 0,0290406 / 44,06745

0, 0,0576997 / 44,12515

StartAnim : OpenEyes / 44,53975

2, 0,6979294 / 44,78074

5, 0,0611232 / 44,8526

2, 0,0260937 / 44,88017

5, 0,0275682 / 44,90253

2, 0,6574668 / 45,55368

0, 0,0666132 / 45,6203

2, 0,7272912 / 46,29488

1, 0,8588965 / 47,16827

2, 0,0988274 / 47,27263

1, 0,3553192 / 47,61165

2, 0,0176421 / 47,63764

StartAnim : CloseEyes / 47,90827

1, 1,512486 / 49,1364

2, 0,0122606 / 49,1567

1, 0,0203053 / 49,18877

0, 0,0374832 / 49,22626

2, 0,0187757 / 49,22626

1, 0,1148785 / 49,33619

2, 0,0390832 / 49,38426

StartAnim : OpenEyes / 50,26695

1, 1,118951 / 50,49584

2, 0,0405328 / 50,53845

StartAnim : StopTouchPenis / 50,73697

4, 0,2159611 / 50,77779

4, 0,1148693 / 50,98263

5, 0,6317812 / 51,17848

0, 0,1003987 / 51,27888

5, 0,1844259 / 51,42061

0, 0,102355 / 51,52296

5, 0,1113961 / 51,59264

StartAnim : TouchCouchInvite / 51,70798

2, 0,3031308 / 51,90781

1, 2,240773 / 54,15139

2, 0,2067338 / 54,35028

**********------------scene6------------**********

5, 0,1148477 / 0,0247779

0, 0,1582767 / 0,1830546

StartAnim : OpenLegs / 0,7148086

2, 0,7639807 / 0,9166333

5, 1,029161 / 1,942148

0, 0,6265615 / 2,56871

5, 0,0272323 / 2,56871

2, 0,2029323 / 2,772055

0, 0,1973145 / 2,96937

5, 0,7095425 / 3,654468

0, 0,4035534 / 4,058022

5, 0,026465 / 4,058022

2, 0,5759108 / 4,641953

0, 0,2700948 / 4,912047

2, 0,3750013 / 5,257136

0, 0,0579035 / 5,31504

1, 0,3403344 / 5,641066

0, 0,0417173 / 5,682783

2, 0,9428864 / 6,614624

StartAnim : LongLook / 6,854694

StartAnim : StartTouchPenis / 6,897783

0, 1,599252 / 8,213874

2, 0,0175689 / 8,213874

4, 0,0287198 / 8,255034

4, 0,0269163 / 8,397078

5, 0,3150514 / 8,527523

0, 0,458205 / 8,985727

5, 0,0309914 / 8,985727

0, 0,1693786 / 9,155106

5, 0,0567856 / 9,18332

0, 0,1273545 / 9,310675

5, 0,0416629 / 9,332125

0, 0,308337 / 9,640463

5, 0,3577784 / 10,00052

StartAnim : CloseEyes / 10,02501

0, 1,625367 / 11,62588

4, 0,0552537 / 11,66543

2, 0,0395421 / 11,69028

5, 0,3712111 / 11,97104

StartAnim : OpenEyes / 11,97104

5, 0,0237741 / 12,05721

2, 0,7137012 / 12,68562

1, 0,228845 / 12,90154

0, 0,0564591 / 12,958

1, 0,6253841 / 13,55533

0, 0,041677 / 13,597

2, 0,1000131 / 13,68322

4, 0,1868912 / 13,86749

5, 0,2019568 / 13,86749

0, 0,0626326 / 13,93012

5, 0,1068452 / 14,02831

0, 0,2137063 / 14,24201

4, 0,0545459 / 14,3191

5, 0,0545459 / 14,3191

0, 0,6246923 / 14,94379

4, 0,023651 / 14,94379

5, 0,023651 / 14,94379

0, 0,1665713 / 15,11036

5, 0,3797141 / 15,53064

2, 0,6850416 / 15,76831

0, 0,2161265 / 15,98443

2, 0,7675988 / 16,72749

0, 0,5701023 / 17,2976

2, 0,2997072 / 17,56922

0, 0,0845706 / 17,65379

1, 0,8574606 / 18,48567

StartAnim : CloseEyes / 19,20998

2, 0,7607335 / 19,25441

1, 1,210172 / 20,4706

0, 0,0538489 / 20,52445

5, 0,0275324 / 20,52445

2, 1,26966 / 21,78301

StartAnim : OpenEyes / 21,8421

0, 0,9003624 / 22,68338

2, 1,683641 / 24,35387

StartAnim : CloseEyes / 24,62525

4, 0,5583658 / 24,91105

5, 0,5583658 / 24,91105

0, 0,1560206 / 25,06707

5, 0,06468689 / 25,10948

4, 0,1069661 / 25,15579

0, 0,1281933 / 25,28399

4, 0,0428519 / 25,31197

0, 0,257085 / 25,56905

5, 1,18459 / 26,74037

StartAnim : FastPenisTouch / 26,82519

StartAnim : OpenEyes / 26,95543

StartAnim : CloseEyes / 28,61126

StartAnim : OpenEyes / 29,51162

StartAnim : CloseEyes / 31,02991

0, 4,404831 / 31,14519

2, 0,3766997 / 31,48273

StartAnim : OpenEyes / 32,76638

StartAnim : PenisEjac / 33,36704

1, 2,952547 / 34,44059

2, 0,3001702 / 34,7394

4, 0,0266748 / 34,76178

5, 0,0266748 / 34,76178

0, 0,0525986 / 34,81437

4, 0,0917585 / 34,91066

5, 0,1488883 / 34,93349

0, 1,034245 / 35,96775

4, 0,0406356 / 36,01169

5, 0,0676138 / 36,01169

StartAnim : StopTouchPenis / 36,41224

0, 1,059737 / 37,07143

StartAnim : DeErect / 37,2232

5, 0,3443002 / 37,40013

2, 0,2441307 / 37,6527

5, 2,583431 / 40,02365

0, 0,8579225 / 40,88156

5, 0,0853268 / 40,9391

0, 0,044136 / 40,98324

5, 0,1990215 / 41,16743

0, 0,0543629 / 41,22179

5, 0,09453271 / 41,29978

0, 0,0388089 / 41,33859

**********------------Fin_Relaxation------------**********

