**********------------scene1------------**********

0, 2,5917 / 2,5917

2, 0,0477468 / 2,5917

1, 0,3908974 / 2,987083

0, 0,1194441 / 3,106527

3, 0,1690681 / 3,229166

0, 0,2012251 / 3,430391

1, 0,5484968 / 3,943051

0, 0,8888461 / 4,831898

1, 0,2857446 / 5,08003

0, 0,1205806 / 5,200611

3, 0,8218031 / 5,978773

1, 0,3725177 / 6,355271

3, 0,4794098 / 6,836461

0, 1,273986 / 8,110449

3, 0,07768489 / 8,144565

0, 0,5580078 / 8,702575

2, 0,7835994 / 9,439576

1, 0,4314292 / 9,870528

0, 4,405096 / 14,27563

1, 0,0268235 / 14,27563

0, 0,2937412 / 14,56937

3, 0,2182886 / 14,75641

1, 0,9948252 / 15,74802

3, 0,7195842 / 16,47519

1, 0,4148902 / 16,88847

0, 5,152798 / 22,04126

5, 0,0552476 / 22,07707

4, 0,2921299 / 22,37426

5, 0,2971924 / 22,41525

0, 5,529726 / 27,94497

7, 0,1707724 / 28,07181

6, 0,3262938 / 28,40252

0, 0,127208 / 28,52973

3, 0,0368929 / 28,52973

0, 0,1732953 / 28,70302

3, 1,091051 / 29,74428

0, 0,2893159 / 30,0336

3, 0,0875288 / 30,07635

0, 0,3070652 / 30,38341

3, 0,1444824 / 30,48074

0, 0,4346137 / 30,91536

1, 1,515762 / 32,39294

0, 0,4764717 / 32,86942

1, 2,130634 / 34,9732

0, 3,734654 / 38,70784

1, 0,5190056 / 39,21534

0, 0,4812309 / 39,69657

1, 0,5265237 / 40,1853

2, 0,1178831 / 40,30353

0, 0,6613019 / 40,96484

1, 2,355266 / 43,28616

0, 0,8238093 / 44,10997

2, 0,0439079 / 44,10997

5, 0,2329707 / 44,30264

0, 0,3731868 / 44,67583

5, 0,0278159 / 44,67583

4, 0,312966 / 44,98674

0, 0,205351 / 45,19209

2, 0,6726254 / 45,83403

1, 0,5448171 / 46,3715

0, 0,7865722 / 47,15807

1, 1,542731 / 48,64861

2, 0,0354656 / 48,68988

0, 2,32823 / 51,01809

5, 0,0335706 / 51,01809

4, 0,208069 / 51,22171

5, 0,7650159 / 51,98789

2, 1,034488 / 53,01237

1, 1,048091 / 54,06725

0, 2,970773 / 57,03803

StartAnim : touchMagazine / 58,92067

1, 2,229569 / 59,23901

0, 0,0726494 / 59,31166

2, 0,033463 / 59,31166

4, 0,0818081 / 59,43763

5, 0,1651588 / 59,474

0, 0,2334843 / 59,70748

4, 0,1133591 / 59,78559

5, 0,2753781 / 59,95258

0, 0,6420356 / 60,59462

4, 0,4547631 / 61,02796

0, 0,2016071 / 61,22957

4, 0,0433727 / 61,22957

2, 0,083947 / 61,30718

1, 4,806887 / 66,12231

2, 0,2413971 / 66,35545

0, 0,6148731 / 66,97031

6, 0,3321719 / 67,26126

0, 0,3946551 / 67,65592

**********------------scene2------------**********

6, 0,3267395 / 0,0264427

0, 4,24533 / 4,271772

3, 0,2034994 / 4,432356

0, 0,0870169 / 4,519373

5, 0,0451749 / 4,519373

0, 0,0797516 / 4,599124

2, 0,1554305 / 4,71837

0, 0,3133683 / 5,031739

1, 0,6075657 / 5,589122

0, 0,0903989 / 5,679521

3, 0,1274272 / 5,750738

0, 6,645305 / 12,39604

2, 0,2665676 / 12,64384

0, 0,0727696 / 12,71661

2, 0,1741471 / 12,8594

0, 0,142305 / 13,0017

3, 0,3018428 / 13,2643

0, 0,0799331 / 13,34423

5, 0,2324978 / 13,52922

2, 0,067006 / 13,60033

0, 0,0628086 / 13,66314

2, 0,0314667 / 13,66314

1, 0,3405203 / 14,00098

0, 0,136045 / 14,13703

3, 0,0430864 / 14,13703

0, 0,2314654 / 14,36849

3, 0,0990345 / 14,43218

0, 0,4406359 / 14,87282

3, 0,1134098 / 14,94614

0, 0,0859786 / 15,03212

5, 0,0465642 / 15,03212

2, 0,4093532 / 15,38705

4, 0,0366972 / 15,7035

5, 0,5094578 / 15,7035

0, 0,0699852 / 15,77348

3, 0,2417381 / 15,97376

0, 0,3875266 / 16,36129

3, 0,0310078 / 16,36129

0, 0,6268179 / 16,9881

1, 1,096609 / 18,04186

3, 0,1882976 / 18,2363

0, 2,278317 / 20,5146

1, 1,285398 / 21,75845

0, 0,2297013 / 21,98815

3, 0,1619253 / 22,1123

0, 0,0619205 / 22,17422

3, 0,1883555 / 22,32765

2, 0,0269866 / 22,35837

1, 1,126063 / 23,48344

2, 0,2008806 / 23,68343

0, 0,06367899 / 23,74711

2, 0,030142 / 24,49552

5, 0,9023018 / 24,6195

1, 3,610971 / 28,22817

0, 0,0926304 / 28,3208

3, 0,0669395 / 28,35971

0, 1,004857 / 29,36457

1, 0,9023666 / 30,21206

0, 0,0681665 / 30,28023

2, 0,0303125 / 30,28023

0, 0,5921076 / 30,87234

2, 0,0593013 / 30,90074

0, 0,2227503 / 31,12349

1, 0,6752748 / 31,7718

0, 0,4160158 / 32,18781

1, 2,911455 / 35,05343

0, 1,103021 / 36,15644

2, 0,0285967 / 36,15644

1, 0,5471042 / 36,70275

0, 0,3304952 / 37,03325

StartAnim : shortLook / 38,82851

**********------------scene3------------**********

1, 4,266051 / 0,0300473

5, 0,0864467 / 0,115384

0, 0,0619171 / 0,1773011

2, 0,2026341 / 0,3518651

0, 0,0477625 / 0,3996276

3, 0,2787557 / 0,6635357

0, 0,1395915 / 0,8031272

3, 0,0872823 / 0,8646187

0, 0,2214796 / 1,086098

1, 1,343735 / 2,40327

0, 0,0568954 / 2,460166

2, 0,8841354 / 3,316004

1, 1,261696 / 4,574988

0, 0,4265626 / 5,001551

1, 4,198647 / 9,17586

0, 0,0537251 / 9,229586

2, 0,8275781 / 10,0332

1, 2,057927 / 12,09024

2, 1,825891 / 13,91615

0, 0,4599023 / 14,37606

1, 3,950945 / 18,2864

0, 0,09021281 / 18,37662

3, 1,6 / 19,9457

0, 0,0841486 / 20,02985

1, 2,215898 / 22,21984

0, 0,855275 / 23,07511

1, 1,339219 / 24,38932

0, 0,4854506 / 24,87477

1, 0,8255965 / 25,6747

0, 0,5685115 / 26,24322

1, 2,30759 / 28,52767

2, 0,201401 / 28,73914

0, 0,0618237 / 28,80096

3, 0,2077479 / 28,98266

4, 0,2435201 / 29,00137

0, 1,399964 / 30,40133

1, 0,7691588 / 31,14663

2, 0,371403 / 31,51628

2, 0,1215884 / 32,26202

StartAnim : armStretch / 32,81732

5, 1,435389 / 32,84504

2, 0,2254686 / 33,07032

1, 0,7171422 / 33,78659

0, 0,2333172 / 34,01991

4, 0,0860322 / 34,64808

2, 0,6919091 / 34,67385

StartAnim : longLook / 37,1024

StartAnim : handSalute / 37,3892

StartAnim : faceSmile / 41,58879

1, 18,41021 / 53,08614

0, 0,0572993 / 53,14344

2, 1,373564 / 54,48529

0, 0,6859638 / 55,17125

4, 0,343227 / 55,48486

0, 0,0584815 / 55,54334

4, 0,4587198 / 55,97066

2, 0,0583068 / 56,03393

1, 1,797997 / 57,82822

2, 0,4034689 / 58,22747

0, 0,0596482 / 58,28712

StartAnim : LongLook / 58,40406

1, 4,344849 / 62,59941

StartAnim : CaresseEntreCuisse / 62,86248

2, 0,2901543 / 62,88364

5, 0,2024456 / 63,06049

4, 0,4869246 / 63,54779

0, 0,051298 / 63,59909

4, 0,1148847 / 63,68429

2, 0,0216179 / 63,71262

1, 3,916645 / 67,62948

2, 0,0285263 / 67,66302

0, 0,1090888 / 67,77211

4, 0,2850649 / 68,02853

0, 0,0543495 / 68,08289

4, 0,1182882 / 68,18078

0, 0,08854599 / 68,26933

StartAnim : faceSmile / 68,39026

4, 0,5419052 / 68,78731

0, 0,082108 / 68,86942

5, 0,0519575 / 68,9009

0, 0,1193079 / 69,0202

5, 0,0294822 / 69,0202

0, 0,0527244 / 69,07292

4, 0,027292 / 69,10136

5, 0,0527244 / 69,10136

0, 0,055964 / 69,15733

2, 0,055964 / 69,18359

0, 0,08537871 / 69,26897

2, 0,1094751 / 69,35686

**********------------scene4------------**********

1, 2,687663 / 0,0413542

0, 0,3446129 / 0,3859671

5, 0,2331379 / 1,333073

2, 1,567801 / 1,934482

StartAnim : LongLook / 2,528382

StartAnim : HandSalute / 2,818782

1, 1,830625 / 3,760418

2, 0,5679278 / 4,316203

4, 0,4990123 / 4,817339

5, 0,517742 / 4,845316

2, 0,0552047 / 4,903727

1, 0,701766 / 5,598384

2, 0,856111 / 6,462469

1, 1,258239 / 7,714964

2, 1,109556 / 8,828774

1, 0,4600421 / 9,272384

2, 0,0141248 / 9,299654

1, 1,861787 / 11,15811

2, 0,4514512 / 11,61552

0, 1,142051 / 12,75757

2, 0,0567512 / 12,78587

4, 0,4629699 / 13,21689

3, 0,2262207 / 13,6719

5, 0,9979219 / 13,77474

2, 0,5717418 / 14,26969

StartAnim : LongLook / 14,31407

1, 2,55607 / 16,81594

0, 0,0427756 / 16,85871

1, 0,1413997 / 16,9852

2, 0,0717746 / 17,05763

StartAnim : EyeBlink / 21,90229

StartAnim : OpenLegs / 29,97613

1, 13,38202 / 30,4145

2, 0,2113341 / 30,62834

4, 0,0641052 / 30,74166

4, 0,0483265 / 30,85643

5, 1,017822 / 31,64153

2, 0,0450888 / 31,68535

1, 2,137844 / 33,82901

2, 0,5339557 / 34,35976

5, 0,6828752 / 34,57612

0, 0,4825666 / 35,05869

3, 0,0249158 / 35,05869

0, 0,2142965 / 35,27298

4, 1,837137 / 37,32904

5, 2,082952 / 37,32904

2, 0,0270092 / 37,35738

4, 0,1695448 / 37,51888

5, 0,1412046 / 37,51888

2, 0,1300551 / 37,65789

1, 0,9495211 / 38,59992

2, 0,0512653 / 38,6586

5, 0,1442993 / 38,79742

StartAnim : touchCouchInvite / 38,99794

0, 0,4744783 / 39,2719

4, 0,0298095 / 39,2719

0, 0,1286131 / 39,40051

4, 0,1019999 / 39,48394

0, 0,0488449 / 39,53278

4, 0,088507 / 39,59898

0, 0,0610797 / 39,66006

4, 0,0364358 / 39,66006

0, 0,296343 / 39,9564

2, 0,0296267 / 39,9564

StartAnim : FaceSmile / 40,79884

1, 4,555989 / 44,51216

0, 0,0420134 / 44,55417

2, 0,0232113 / 44,55417

1, 0,0188021 / 44,58474

5, 0,0305688 / 44,61814

1, 0,0333998 / 44,63948

2, 0,0213408 / 44,6636

1, 0,8163371 / 45,48519

2, 1,679917 / 47,16653

5, 1,469033 / 48,6307

2, 0,4297835 / 49,02964

0, 0,0529683 / 49,08261

2, 0,2579423 / 49,31305

0, 1,08463 / 50,39767

5, 0,0884721 / 50,51492

5, 0,3159592 / 50,88657

2, 0,7097563 / 51,08313

1, 0,4485351 / 51,54678

2, 0,1266046 / 51,65798

0, 0,3567932 / 52,01477

5, 0,042675 / 52,0402

**********------------scene5------------**********

0, 0,6618493 / 0,3697993

1, 0,2269019 / 0,571038

2, 0,4312713 / 1,000449

5, 0,2552952 / 1,260538

2, 0,0630675 / 1,312774

1, 0,3963995 / 1,709197

0, 0,802115 / 2,511312

1, 2,569213 / 5,04292

0, 0,0414513 / 5,084371

2, 0,7977353 / 5,866467

5, 0,2142107 / 6,09582

0, 0,0442413 / 6,140061

3, 0,1873074 / 6,31457

5, 0,5145016 / 6,709908

2, 0,0495769 / 6,754269

1, 1,394049 / 8,154457

0, 1,286294 / 9,440753

StartAnim : ShortLook / 9,667975

StartAnim : FaceSmile / 10,6245

1, 4,2413 / 13,66711

4, 0,0997148 / 15,84652

4, 0,0962089 / 16,1086

2, 2,48532 / 16,1319

4, 0,0233069 / 16,15367

5, 0,0233069 / 16,15367

2, 0,1813331 / 16,34119

StartAnim : OpenLegs / 20,12854

1, 4,1951 / 20,52745

2, 0,1995911 / 20,73381

5, 0,5807849 / 21,28368

0, 0,0446475 / 21,32833

5, 0,1129189 / 21,4128

0, 0,0531456 / 21,46595

5, 0,0723706 / 21,50876

0, 0,0710873 / 21,57984

3, 0,0295145 / 21,57984

5, 0,0295145 / 21,57984

0, 0,0613117 / 21,64116

3, 0,0261134 / 21,66746

5, 0,0613117 / 21,66746

0, 0,09505931 / 21,76252

3, 0,0367396 / 21,78195

5, 0,0367396 / 21,78195

0, 0,4299211 / 22,21188

StartAnim : TouchCouchInvite / 22,42354

5, 0,2881366 / 22,46693

2, 0,0814891 / 22,5572

StartAnim : LongLook / 22,95056

StartAnim : FaceSmile / 23,3523

1, 2,871894 / 25,42442

0, 0,0418349 / 25,46625

1, 0,0418349 / 25,49073

5, 0,0244766 / 25,50951

1, 0,0405303 / 25,56218

2, 0,0309259 / 25,58185

1, 0,6214607 / 26,2123

2, 0,0579565 / 26,26632

5, 0,188903 / 26,42495

0, 0,0404754 / 26,46543

5, 0,0239935 / 26,46543

0, 0,1752812 / 26,64071

3, 0,0331303 / 26,64071

5, 0,0331303 / 26,64071

0, 0,0554915 / 26,6962

5, 0,1889706 / 26,85135

0, 0,1290153 / 26,98036

5, 0,08576819 / 27,04537

0, 0,0487657 / 27,09414

5, 0,1794418 / 27,25761

0, 0,1096993 / 27,36731

5, 0,0406399 / 27,39734

0, 0,3698471 / 27,76719

5, 0,0712403 / 27,82275

0, 0,0435999 / 27,86635

5, 0,0697914 / 27,91074

0, 0,0555377 / 27,96628

5, 0,1742254 / 28,11622

0, 0,0650976 / 28,18132

5, 0,0274179 / 28,18132

0, 0,062199 / 28,24352

5, 0,088755 / 28,3307

2, 0,0573417 / 28,37971

0, 0,0650039 / 28,44472

1, 3,220743 / 31,6537

2, 0,0582775 / 31,7167

StartAnim : PenisTouch / 31,74068

4, 0,1240078 / 31,88219

4, 0,2263952 / 32,13642

5, 0,4248917 / 32,13642

0, 0,0870698 / 32,22348

4, 0,2248267 / 32,38141

StartAnim : ShortLook / 32,38141

5, 0,2449894 / 32,40779

0, 0,0439313 / 32,45173

4, 0,1473204 / 32,58525

5, 0,232717 / 32,6661

0, 0,1023205 / 32,76842

5, 0,172489 / 32,9242

0, 0,1172896 / 33,04149

5, 0,0591636 / 33,06487

0, 0,0437824 / 33,10865

4, 0,0437824 / 33,12798

4, 0,0247899 / 33,28674

4, 0,1668567 / 33,48775

4, 0,0214572 / 33,5253

4, 0,6259824 / 34,16753

5, 1,137115 / 34,22502

2, 0,2321125 / 34,40736

0, 0,0761814 / 34,48355

StartAnim : CloseEyes / 35,04072

StartAnim : OpenEyes / 37,86967

1, 3,43941 / 37,90018

2, 0,0832348 / 37,96623

StartAnim : StartErect / 38,16997

4, 1,414905 / 39,40258

5, 1,774691 / 39,74966

0, 0,0574984 / 39,80716

4, 0,076256 / 39,85258

5, 0,2307167 / 40,00366

1, 1,821002 / 41,82467

0, 0,0586227 / 41,88329

4, 0,2428578 / 42,24216

4, 0,0696708 / 42,33783

5, 0,4591639 / 42,33783

2, 0,0551407 / 42,37439

StartAnim : CloseEyes / 42,99903

StartAnim : OpenEyes / 44,54015

1, 3,018698 / 45,38304

2, 0,4419592 / 45,82476

4, 0,7687852 / 46,59686

4, 0,0678998 / 46,68083

4, 0,0791081 / 46,77996

4, 0,0599724 / 46,87291

5, 1,041428 / 46,87291

0, 0,0811569 / 46,95407

4, 0,0869247 / 47,03957

5, 0,1104134 / 47,03957

2, 0,0284565 / 47,07917

4, 0,0864327 / 47,1561

5, 0,0864327 / 47,1561

1, 0,0300929 / 47,18144

2, 0,0253389 / 47,21206

StartAnim : CloseEyes / 47,90775

1, 2,185387 / 49,3986

2, 0,0317724 / 49,425

0, 0,0414016 / 49,4664

4, 0,3138525 / 49,75264

4, 0,3304728 / 50,10735

5, 0,6581199 / 50,10735

2, 0,0760694 / 50,16575

StartAnim : OpenEyes / 50,26397

4, 0,1221396 / 50,28682

5, 0,1221396 / 50,28682

0, 0,0517244 / 50,33855

StartAnim : StopTouchPenis / 50,74216

1, 1,13908 / 51,45239

0, 0,2549422 / 51,70732

StartAnim : TouchCouchInvite / 51,70732

4, 0,7522619 / 52,42402

0, 0,0860223 / 52,51004

4, 0,0265779 / 52,51004

0, 0,9152901 / 53,42533

2, 0,0312094 / 53,42533

**********------------scene6------------**********

1, 1,012547 / 0,0229324

0, 0,1327509 / 0,1556833

2, 0,3177191 / 0,4393626

5, 0,3668312 / 0,6943644

StartAnim : OpenLegs / 0,6943644

2, 0,7741914 / 1,468351

5, 0,6589257 / 1,899392

0, 0,1783429 / 2,077736

3, 0,1699708 / 2,209609

5, 0,0302891 / 2,244179

2, 1,244805 / 3,454627

5, 1,440685 / 4,180152

2, 0,0375749 / 4,229773

1, 2,264032 / 6,496444

0, 0,0914897 / 6,587934

StartAnim : LongLook / 6,865726

2, 0,3395822 / 6,890353

StartAnim : StartTouchPenis / 6,890353

4, 2,374978 / 9,281528

5, 2,399605 / 9,281528

0, 0,0578036 / 9,339332

4, 0,085496 / 9,399299

5, 0,085496 / 9,399299

2, 0,0875323 / 9,480881

0, 0,0666159 / 9,547497

StartAnim : CloseEyes / 10,02187

1, 1,373434 / 10,88399

2, 0,9432554 / 11,82299

StartAnim : OpenEyes / 11,95784

1, 0,7571 / 12,58272

2, 0,2122055 / 12,78351

0, 0,4820268 / 13,26554

2, 0,3589683 / 13,59712

0, 0,0443465 / 13,64147

2, 0,128091 / 13,75667

0, 1,039932 / 14,7966

2, 0,7686367 / 15,55861

0, 0,0391825 / 15,59779

5, 0,5235259 / 16,11294

4, 0,5543238 / 16,14065

0, 0,1124527 / 16,25311

5, 0,0292816 / 16,2742

0, 0,208861 / 16,48306

4, 0,0438221 / 16,50994

4, 0,1379405 / 16,86556

5, 0,378796 / 16,86556

0, 0,1351045 / 17,00066

4, 0,0206764 / 17,00066

4, 0,0934552 / 17,11213

5, 0,1406293 / 17,11213

2, 0,103644 / 17,22999

StartAnim : CloseEyes / 19,21087

StartAnim : OpenEyes / 21,83944

1, 6,757057 / 23,97968

StartAnim : CloseEyes / 24,62625

2, 0,7128001 / 24,69376

0, 0,0440788 / 24,73784

2, 0,1036547 / 24,83472

0, 1,249992 / 26,08471

StartAnim : FastPenisTouch / 26,82346

StartAnim : OpenEyes / 26,95335

1, 1,314523 / 27,38228

0, 0,0583309 / 27,44061

1, 0,09789801 / 27,49547

StartAnim : CloseEyes / 28,59699

0, 1,8709 / 29,36637

StartAnim : OpenEyes / 29,49351

1, 0,430948 / 29,77999

2, 0,0237929 / 29,8008

0, 0,0389248 / 29,83973

4, 0,8992451 / 30,7546

5, 0,9220266 / 30,7546

0, 0,0832861 / 30,83788

4, 0,0526701 / 30,86492

5, 0,0526701 / 30,86492

0, 0,0992373 / 30,96416

4, 0,0958194 / 31,03402

5, 0,0958194 / 31,03402

StartAnim : CloseEyes / 31,03402

0, 0,0614626 / 31,09548

4, 0,0614626 / 31,12214

5, 0,0614626 / 31,12214

2, 0,1517406 / 31,26435

StartAnim : OpenEyes / 32,75351

StartAnim : PenisEjac / 33,36405

1, 2,697127 / 33,97296

2, 0,0573485 / 34,02453

0, 0,0399838 / 34,06452

5, 0,2017009 / 34,25151

4, 0,2269692 / 34,26801

0, 0,0385741 / 34,30659

4, 0,1036868 / 34,40022

0, 0,3683294 / 34,76855

4, 0,0467236 / 34,80279

5, 0,0467236 / 34,80279

0, 0,2509782 / 35,05376

5, 0,0231806 / 35,05376

4, 0,0880939 / 35,10704

4, 0,0735718 / 35,19851

5, 0,0914401 / 35,19851

0, 0,1201841 / 35,31869

5, 0,0310866 / 35,31869

4, 0,2120153 / 35,48066

5, 0,09849609 / 35,48066

0, 0,1188016 / 35,59946

2, 0,0260243 / 35,59946

0, 0,0528921 / 35,65236

StartAnim : StopTouchPenis / 36,39671

1, 0,9112981 / 36,5387

2, 0,0901053 / 36,62407

4, 0,1225118 / 36,75475

4, 0,0527361 / 36,82407

5, 0,2066144 / 36,82407

2, 0,0165839 / 36,85003

5, 0,1138168 / 36,95539

StartAnim : DeErect / 37,22002

5, 0,3550346 / 37,33596

4, 0,6604309 / 37,50846

0, 0,0443615 / 37,55283

4, 0,0630036 / 37,59717

0, 0,08329169 / 37,68046

4, 0,1220056 / 37,80111

0, 0,0828677 / 37,88398

4, 0,0863057 / 37,93612

0, 0,0605307 / 37,99665

4, 0,0397661 / 38,02253

0, 0,4436251 / 38,46616

5, 0,0446871 / 38,49346

2, 0,4190962 / 38,91022

**********------------Fin_Relaxation------------**********

