**********------------scene1------------**********

0, 0,1112039 / 0,1112039

1, 0,1488885 / 0,2134984

0, 0,110378 / 0,3238764

1, 7,120683 / 7,418017

0, 0,0829555 / 7,500973

1, 0,2178647 / 7,684744

0, 0,6124055 / 8,297149

1, 0,5908114 / 8,837591

0, 0,3308233 / 9,168415

1, 0,2787381 / 9,415898

0, 0,8867463 / 10,30265

1, 0,3281987 / 10,57079

0, 0,261966 / 10,83275

1, 0,0282155 / 10,83275

0, 0,0864772 / 10,91923

1, 1,05178 / 11,92226

0, 0,0587936 / 11,98106

1, 0,0298543 / 11,98106

0, 0,1702298 / 12,15129

1, 1,554801 / 13,66805

0, 0,1936996 / 13,86175

1, 0,5552813 / 14,38597

0, 0,0678011 / 14,45377

1, 1,516519 / 15,93756

0, 0,2164864 / 16,15404

2, 0,1544266 / 16,27157

1, 0,4805105 / 16,75456

0, 0,2543747 / 17,00893

1, 1,149982 / 18,12765

0, 0,07640339 / 18,20405

1, 2,060476 / 20,21279

0, 0,2858703 / 20,49866

1, 2,317445 / 22,78877

0, 0,1350835 / 22,92386

3, 0,1893475 / 23,05609

2, 0,459782 / 23,52275

1, 0,1944664 / 23,70617

3, 0,1737491 / 23,90984

0, 0,5632936 / 24,47314

1, 4,168605 / 28,6119

0, 0,1130995 / 28,725

3, 0,148668 / 28,81808

0, 0,2733845 / 29,09147

3, 0,352731 / 29,40877

0, 0,2989458 / 29,70772

1, 0,0902602 / 29,77678

0, 0,8743345 / 30,65111

2, 0,0233167 / 30,65111

0, 0,1019955 / 30,7531

1, 6,860064 / 37,53585

0, 0,0769011 / 37,61275

1, 1,077513 / 38,64112

0, 0,1297597 / 38,77088

1, 0,0380197 / 38,77088

0, 0,3409743 / 39,11185

1, 1,123671 / 40,19419

0, 0,5517645 / 40,74596

1, 14,39974 / 55,10064

2, 0,2124233 / 55,32406

0, 0,3381003 / 55,66216

3, 0,5611627 / 56,20152

0, 0,5341914 / 56,73571

1, 0,7731673 / 57,46373

0, 0,422179 / 57,88591

StartAnim : touchMagazine / 58,92334

1, 1,619055 / 59,47192

2, 0,0321529 / 59,50665

5, 0,0347336 / 59,55653

4, 0,3803326 / 59,92093

5, 0,1991899 / 60,13501

0, 0,1347443 / 60,26975

5, 0,0822792 / 60,30377

1, 3,551188 / 63,84986

2, 0,0289251 / 63,88804

4, 0,2346368 / 64,15687

5, 0,2728132 / 64,15687

0, 0,0637077 / 64,22057

1, 1,81534 / 66,00623

0, 0,0950936 / 66,10131

4, 0,5199205 / 66,58888

**********------------scene2------------**********

1, 1,334569 / 0,0339609

0, 0,1992405 / 0,2332014

3, 0,1744594 / 0,3480617

0, 0,07561371 / 0,4236754

1, 0,1504256 / 0,5319942

0, 0,0662809 / 0,5982751

1, 1,082402 / 1,649257

0, 0,0761569 / 1,725414

3, 0,2900211 / 1,9658

0, 0,0676455 / 2,033446

3, 0,1331805 / 2,15221

1, 1,312807 / 3,451476

0, 0,0541191 / 3,505595

3, 0,4823163 / 3,966828

4, 0,033035 / 3,999761

5, 0,2840325 / 4,283772

3, 0,0329122 / 4,317804

0, 0,0573149 / 4,375119

3, 0,0907194 / 4,450885

0, 0,4539883 / 4,904873

1, 1,19985 / 6,083539

0, 1,584025 / 7,667564

1, 0,9676858 / 8,602475

0, 1,118801 / 9,721279

3, 0,626168 / 10,32319

0, 0,1542749 / 10,47746

3, 0,0201108 / 10,47746

0, 0,2246041 / 10,70207

1, 4,317798 / 14,98758

2, 0,0327918 / 15,02068

0, 0,5160627 / 15,53674

5, 0,1997224 / 15,73034

4, 0,9716578 / 16,46476

0, 1,345778 / 17,81054

1, 3,687857 / 21,45

0, 2,840799 / 24,2908

6, 0,8784764 / 25,1415

0, 0,1649406 / 25,30645

1, 0,9328215 / 26,20728

0, 0,1601695 / 26,36745

1, 0,5162449 / 26,85914

0, 0,5494963 / 27,40864

5, 0,5178043 / 27,89307

0, 0,1067534 / 27,99983

5, 0,1200071 / 28,07704

1, 2,900623 / 30,97701

0, 0,0663754 / 31,04338

3, 0,09984569 / 31,10969

0, 1,100441 / 32,21012

2, 0,3339544 / 32,51316

5, 0,3004987 / 32,51316

0, 0,06365331 / 32,57682

3, 0,06365331 / 32,61417

0, 0,4972215 / 33,11138

3, 0,2994811 / 33,37783

0, 0,250339 / 33,62818

1, 1,301091 / 34,89383

0, 0,5357457 / 35,42957

1, 1,398887 / 36,79744

0, 0,6315192 / 37,42897

1, 0,06147 / 37,4833

0, 1,079478 / 38,56277

StartAnim : shortLook / 38,84567

**********------------scene3------------**********

1, 2,751178 / 0,0286833

2, 0,1159978 / 0,1449145

0, 0,1703338 / 0,3152483

1, 0,2310339 / 0,5125362

0, 0,152349 / 0,6648853

3, 0,2019799 / 0,8529463

0, 0,04684 / 0,8997863

3, 0,0843658 / 0,9688339

0, 0,0767773 / 1,045611

1, 3,230454 / 4,229475

2, 0,5842406 / 4,8169

0, 0,2199701 / 5,03687

2, 0,2811177 / 5,257866

1, 1,551372 / 6,798417

0, 0,1521643 / 6,950581

4, 0,3674978 / 7,28569

0, 0,1159482 / 7,401639

1, 5,635676 / 13,03973

0, 0,3351509 / 13,37488

1, 3,30067 / 16,6473

0, 0,1076826 / 16,75499

1, 5,399328 / 22,13352

0, 0,4522508 / 22,58577

3, 0,0292911 / 22,58577

2, 0,0275474 / 22,61269

3, 0,0269265 / 22,66633

1, 3,31534 / 25,95767

0, 0,1867848 / 26,14446

1, 0,07368051 / 26,17813

0, 0,9189566 / 27,09709

1, 1,703532 / 28,75805

0, 0,5913377 / 29,34939

StartAnim : armStretch / 32,82478

StartAnim : longLook / 37,11109

StartAnim : handSalute / 37,4281

StartAnim : faceSmile / 41,63469

StartAnim : LongLook / 58,40656

StartAnim : CaresseEntreCuisse / 62,87716

1, 34,03552 / 63,34204

2, 0,195766 / 63,52676

StartAnim : faceSmile / 68,3948

1, 5,991731 / 69,50837

0, 0,224336 / 69,7327

**********------------scene4------------**********

1, 2,387461 / 0,0298108

0, 0,3579513 / 0,3877621

1, 0,2004749 / 0,586376

5, 0,3441843 / 1,258571

2, 0,8698548 / 1,453351

StartAnim : LongLook / 2,517093

1, 1,347359 / 2,786322

StartAnim : HandSalute / 2,819542

5, 0,2816377 / 3,601167

2, 0,8877687 / 3,646584

1, 1,738546 / 5,402693

2, 0,2746778 / 5,671628

4, 0,3709103 / 5,846117

5, 0,180745 / 5,846117

2, 0,5329175 / 6,386747

1, 0,6414875 / 7,022418

2, 0,7453253 / 7,748192

StartAnim : LongLook / 14,28911

1, 13,37597 / 21,10404

0, 0,0415448 / 21,14558

1, 0,0415448 / 21,17421

0, 0,2591769 / 21,43339

StartAnim : EyeBlink / 21,91123

StartAnim : OpenLegs / 29,97941

1, 8,789186 / 30,17656

0, 0,2887154 / 30,46528

1, 3,83291 / 34,26008

0, 0,070728 / 34,33081

1, 0,1143451 / 34,40042

0, 0,0590996 / 34,45953

1, 4,330823 / 38,76578

2, 0,0345145 / 38,79856

StartAnim : touchCouchInvite / 38,98425

0, 0,4671616 / 39,26572

1, 0,712765 / 39,96007

2, 0,0318929 / 39,98999

0, 0,1589585 / 40,14895

2, 0,2576541 / 40,38705

StartAnim : FaceSmile / 40,79946

1, 0,5889481 / 40,98261

2, 0,0343289 / 41,01458

0, 0,3996351 / 41,41422

2, 0,0442586 / 41,41422

**********------------scene5------------**********

1, 10,93793 / 0,0463482

0, 0,2561518 / 0,3025

2, 0,1699269 / 0,4474605

0, 0,0835614 / 0,5310219

2, 0,158156 / 0,6617728

2, 0,1587903 / 0,9074967

5, 0,4966879 / 1,148993

2, 0,0456286 / 1,180889

1, 2,499293 / 3,663431

2, 0,1481051 / 3,815691

5, 0,5508532 / 4,376872

1, 2,31617 / 6,685518

2, 0,2409206 / 6,934366

StartAnim : ShortLook / 9,664247

StartAnim : FaceSmile / 10,63279

StartAnim : OpenLegs / 20,13113

1, 13,67027 / 20,58667

2, 0,3439817 / 20,94535

5, 0,5130931 / 21,46051

StartAnim : TouchCouchInvite / 22,42168

StartAnim : LongLook / 22,95581

1, 1,740893 / 23,18885

2, 0,0509704 / 23,23638

StartAnim : FaceSmile / 23,37676

3, 0,2155734 / 23,65655

3, 0,9336373 / 25,45748

3, 0,4721732 / 26,5059

5, 3,282369 / 26,53107

0, 0,0450744 / 26,57615

3, 0,1598559 / 26,70609

5, 0,1598559 / 26,70609

1, 0,8005378 / 27,50538

2, 0,0368427 / 27,57738

0, 0,047113 / 27,6245

5, 0,4920681 / 28,09348

2, 0,4467208 / 28,52895

5, 0,6863404 / 29,20267

1, 2,428788 / 31,64125

2, 0,0395943 / 31,69541

StartAnim : PenisTouch / 31,74356

StartAnim : ShortLook / 32,37598

4, 1,356503 / 33,0424

5, 1,402787 / 33,08448

0, 0,0664879 / 33,15097

2, 0,0664879 / 33,17617

StartAnim : CloseEyes / 35,04142

1, 2,627012 / 35,79026

2, 0,0414048 / 35,84191

StartAnim : OpenEyes / 37,89563

StartAnim : StartErect / 38,1778

4, 2,998894 / 38,8621

5, 3,021413 / 38,8621

1, 1,606515 / 40,46351

2, 0,0548762 / 40,51615

4, 0,5143318 / 41,04395

5, 0,5143318 / 41,04395

0, 0,0656913 / 41,10964

2, 0,1011195 / 41,17164

0, 0,0751153 / 41,24676

1, 0,1376851 / 41,32942

0, 0,1101884 / 41,43961

2, 0,0443565 / 41,46354

StartAnim : CloseEyes / 43,02995

1, 2,2258 / 43,69764

2, 0,0835175 / 43,78016

StartAnim : OpenEyes / 44,54626

4, 2,948677 / 46,70927

5, 2,948677 / 46,70927

2, 0,0116637 / 46,73818

4, 0,1242379 / 46,86842

5, 0,1242379 / 46,86842

StartAnim : CloseEyes / 47,9155

1, 1,949005 / 48,79449

StartAnim : OpenEyes / 50,29989

StartAnim : StopTouchPenis / 50,73586

StartAnim : TouchCouchInvite / 51,70399

0, 3,289366 / 52,08386

5, 0,2290961 / 52,2632

2, 0,0326991 / 52,28528

0, 0,0820591 / 52,36734

2, 0,0254821 / 52,36734

5, 0,0315305 / 52,41301

1, 1,450172 / 53,85162

**********------------scene6------------**********

0, 0,8707926 / 0,3212588

1, 0,08545449 / 0,372112

2, 0,0488527 / 0,4396652

StartAnim : OpenLegs / 0,6963865

5, 0,9641306 / 1,402534

2, 0,0695864 / 1,471363

5, 0,0321724 / 1,504824

0, 0,0668863 / 1,57171

1, 2,651236 / 4,189375

2, 1,334895 / 5,524169

StartAnim : LongLook / 6,875671

StartAnim : StartTouchPenis / 6,906355

1, 1,737564 / 7,257608

2, 0,0290899 / 7,290773

2, 0,0327647 / 7,371818

5, 0,314352 / 7,606132

0, 0,1979808 / 7,804112

2, 0,1548416 / 7,959585

0, 0,2997223 / 8,259308

1, 1,429737 / 9,655876

StartAnim : CloseEyes / 10,04156

0, 0,6225066 / 10,27838

StartAnim : OpenEyes / 11,96092

StartAnim : CloseEyes / 19,20128

StartAnim : OpenEyes / 21,83004

StartAnim : CloseEyes / 24,64368

StartAnim : FastPenisTouch / 26,84827

StartAnim : OpenEyes / 26,96004

StartAnim : CloseEyes / 28,59796

1, 18,83993 / 29,09611

2, 0,2042291 / 29,31362

StartAnim : OpenEyes / 29,51115

StartAnim : CloseEyes / 31,04508

1, 3,034429 / 32,35011

StartAnim : OpenEyes / 32,75585

StartAnim : PenisEjac / 33,35648

0, 1,685991 / 34,0361

4, 1,083149 / 35,10098

5, 1,083149 / 35,10098

StartAnim : StopTouchPenis / 36,39887

0, 1,525338 / 36,62632

StartAnim : DeErect / 37,23627

2, 1,146838 / 37,75559

5, 1,969686 / 38,58644

3, 0,1789867 / 38,75748

5, 0,4341842 / 39,18139

2, 0,08279189 / 39,27072

**********------------Fin_Relaxation------------**********

