**********------------scene1------------**********

0, 0,387312 / 0,387312

3, 0,4657012 / 0,831315

0, 0,3237451 / 1,15506

1, 0,9193249 / 2,02944

0, 0,4033388 / 2,432779

5, 0,0911994 / 2,497885

4, 0,2988705 / 2,696635

5, 0,4007971 / 3,07287

2, 0,1451721 / 3,127221

1, 1,31313 / 4,429438

0, 0,6860152 / 5,115453

1, 0,9696108 / 6,058376

2, 0,4888241 / 6,549201

0, 0,0907609 / 6,639962

5, 0,229087 / 6,815979

2, 0,0919276 / 6,891359

5, 0,3023258 / 7,212995

1, 1,486493 / 8,699821

2, 1,664501 / 10,35481

1, 0,9501812 / 11,31529

2, 0,0415749 / 11,36773

5, 0,9233544 / 12,2715

0, 1,012184 / 13,28369

1, 2,85629 / 16,11432

2, 0,0310807 / 16,14473

5, 0,1436723 / 16,29651

0, 0,2148105 / 16,51133

5, 0,4713238 / 16,95557

2, 0,0295997 / 16,98631

0, 0,0922752 / 17,07859

1, 1,243353 / 18,27024

0, 0,4449056 / 18,71514

1, 1,219342 / 19,88618

2, 0,0408331 / 19,92928

0, 0,4599123 / 20,3892

1, 0,338484 / 20,70034

0, 0,158122 / 20,85846

1, 0,9550822 / 21,78606

0, 1,3241 / 23,11016

1, 2,35592 / 25,42979

2, 0,2179018 / 25,66047

4, 0,1674618 / 26,25647

5, 0,6403968 / 26,30022

0, 0,5775951 / 26,87781

6, 2,448891 / 29,28202

1, 0,6047255 / 29,88721

2, 0,0830934 / 29,97454

0, 0,4518034 / 30,42634

3, 0,1419262 / 30,52612

0, 0,4417361 / 30,96786

4, 0,2325685 / 31,19591

0, 0,0587476 / 31,25465

1, 1,159915 / 32,38409

0, 0,082276 / 32,46637

2, 0,3296263 / 32,74014

0, 0,371567 / 33,11171

6, 0,2176695 / 33,30978

0, 0,072639 / 33,38242

6, 0,1146707 / 33,44762

0, 0,0670985 / 33,51472

1, 1,070001 / 34,55423

0, 0,1572346 / 34,71146

1, 0,5552177 / 35,18533

2, 0,0318245 / 35,23416

3, 0,2811702 / 35,4962

4, 0,541635 / 36,04048

5, 0,541635 / 36,04048

2, 0,0323461 / 36,08075

4, 0,1459074 / 36,25626

5, 0,1459074 / 36,25626

1, 0,4840252 / 36,71458

0, 0,0705596 / 36,78514

2, 0,2503914 / 36,99636

5, 1,176484 / 38,18322

4, 0,3815135 / 38,55002

2, 0,0270608 / 38,58341

1, 0,7172442 / 39,29843

5, 0,0680261 / 39,39615

2, 0,6289204 / 39,92363

4, 0,0618026 / 39,9813

0, 0,5593262 / 40,54063

1, 1,142481 / 41,63792

5, 0,2153807 / 41,90281

2, 0,2947249 / 41,93724

0, 0,060006 / 41,99724

1, 0,8461065 / 42,81244

2, 1,055362 / 43,86628

4, 0,5435888 / 44,40827

1, 0,6854179 / 45,09756

2, 0,029837 / 45,13984

0, 0,583878 / 45,72372

1, 0,9173292 / 46,60996

0, 0,087199 / 46,69716

1, 0,3602772 / 47,04061

2, 0,0413285 / 47,08653

0, 0,2671253 / 47,35366

6, 0,0310504 / 47,35366

0, 0,1644089 / 47,51807

6, 0,2687618 / 47,72479

7, 0,3712517 / 48,11725

0, 0,0796793 / 48,19693

7, 0,1865741 / 48,3418

0, 0,2038153 / 48,54562

1, 1,10616 / 49,60979

2, 0,0437918 / 49,64765

0, 0,2766442 / 49,92429

5, 0,2085236 / 50,07143

2, 0,7149469 / 50,78065

1, 2,329518 / 53,11243

2, 0,0306798 / 53,14985

2, 0,3801385 / 53,5946

5, 0,4513675 / 53,5946

0, 0,071623 / 53,66623

3, 0,4288066 / 54,05136

0, 0,0596281 / 54,111

4, 0,0282578 / 54,111

4, 0,4391255 / 54,57988

4, 0,4910993 / 55,56647

5, 1,899 / 56,00645

0, 0,1031019 / 56,10956

1, 0,0338896 / 56,10956

0, 0,0715337 / 56,18109

1, 1,169871 / 57,31221

2, 0,0327756 / 57,35015

0, 0,4555785 / 57,80573

4, 0,3423377 / 58,12157

0, 0,0856541 / 58,20722

4, 0,2706637 / 58,45089

StartAnim : touchMagazine / 58,90638

1, 1,487373 / 59,93663

2, 0,0269841 / 59,96598

5, 0,0269841 / 59,96598

4, 0,0293584 / 60,00251

0, 0,0669571 / 60,06947

1, 1,456054 / 61,50444

0, 0,077383 / 61,58182

2, 0,6944194 / 62,23622

5, 0,0725317 / 62,31273

2, 0,0413529 / 62,38137

1, 1,359648 / 63,71695

2, 0,7234213 / 64,42628

1, 0,3724128 / 64,8083

2, 0,0400782 / 64,85104

4, 0,5161222 / 65,36255

4, 0,0821744 / 65,99503

5, 1,20914 / 66,34122

2, 0,0347687 / 66,38228

1, 0,7117478 / 67,08075

2, 0,2600853 / 67,35293

**********------------scene2------------**********

5, 0,569545 / 0,0431992

0, 0,8404981 / 0,8836973

3, 0,1122643 / 0,9515969

0, 0,1288824 / 1,080479

1, 0,2514945 / 1,308907

0, 0,068501 / 1,377408

3, 0,068501 / 1,407482

0, 0,2720501 / 1,679532

1, 1,861425 / 3,507689

0, 0,3131303 / 3,820819

3, 0,2989946 / 4,085344

0, 0,0759281 / 4,161273

3, 0,603984 / 4,721087

0, 0,0620222 / 4,783109

5, 0,7286029 / 5,48277

0, 0,070885 / 5,553655

1, 0,4253088 / 5,935957

0, 0,07030331 / 6,00626

3, 0,5534137 / 6,525424

0, 0,1453427 / 6,670767

1, 3,753305 / 10,37805

0, 0,0739709 / 10,45203

3, 0,0434087 / 10,45203

0, 0,5411615 / 10,99319

3, 0,2671667 / 11,21786

0, 0,3353217 / 11,55318

1, 0,7040247 / 12,22243

2, 0,0289464 / 12,25618

0, 0,308078 / 12,56426

2, 0,0906795 / 12,66751

0, 0,0642341 / 12,73174

5, 0,0270271 / 12,73174

0, 0,7746992 / 13,50644

5, 0,0363801 / 13,50644

2, 0,2736837 / 13,77676

3, 0,1345655 / 13,95255

0, 0,3837819 / 14,33634

1, 0,1454972 / 14,41563

0, 0,0753678 / 14,491

1, 0,8045429 / 15,25253

0, 0,4705976 / 15,72313

3, 0,2860068 / 15,96894

0, 0,0647525 / 16,03369

5, 0,6694083 / 16,666

4, 0,027651 / 16,69433

6, 0,551042 / 17,24896

4, 0,0657479 / 17,31885

5, 0,1543871 / 17,49418

0, 0,0702098 / 17,56439

1, 0,5972182 / 18,12058

0, 2,088356 / 20,20893

3, 0,0883676 / 20,26296

0, 0,7977717 / 21,06073

1, 0,7865082 / 21,82166

0, 0,3523614 / 22,17402

3, 0,6249189 / 22,76166

0, 0,0847958 / 22,84645

1, 0,8965039 / 23,72279

0, 1,468765 / 25,19156

3, 0,069452 / 25,21799

0, 0,5736907 / 25,79168

5, 0,7123124 / 26,46555

2, 0,0440737 / 26,49319

5, 0,1400525 / 26,62771

1, 0,2998012 / 26,9325

0, 1,443141 / 28,37564

1, 1,215351 / 29,56099

2, 0,2836048 / 29,83415

0, 0,2525987 / 30,08675

2, 0,0505945 / 30,08675

0, 0,2494265 / 30,33618

1, 0,0280914 / 30,33618

0, 0,0673335 / 30,40351

1, 0,2595624 / 30,61657

0, 0,2460099 / 30,86258

3, 0,7539902 / 31,57638

0, 0,2446096 / 31,82099

5, 0,145373 / 31,95048

2, 0,0834486 / 32,01252

1, 0,628076 / 32,66542

0, 0,06671759 / 32,73214

3, 0,0932612 / 32,79322

0, 0,9238265 / 33,71706

3, 0,0913783 / 33,79005

1, 0,1646403 / 33,93635

0, 0,3245816 / 34,26093

1, 0,1569761 / 34,38944

0, 0,6599394 / 35,04938

2, 0,0405936 / 35,04938

0, 0,3539921 / 35,40337

1, 0,2004059 / 35,59083

0, 1,501123 / 37,09196

1, 0,916158 / 37,98115

0, 0,0623357 / 38,04349

3, 0,2800953 / 38,29416

0, 0,2246484 / 38,51881

StartAnim : shortLook / 38,84789

**********------------scene3------------**********

1, 2,787293 / 0,0296984

2, 0,2014574 / 0,2549095

0, 0,0453701 / 0,3002796

1, 1,016488 / 1,301146

0, 0,4306783 / 1,731824

3, 0,2019465 / 1,901225

0, 0,0813019 / 1,982527

5, 0,3064655 / 2,228763

2, 0,797042 / 3,028969

1, 3,339438 / 6,378479

2, 0,3704251 / 6,74284

0, 0,4109519 / 7,153792

1, 2,1768 / 9,288651

0, 0,0572779 / 9,345929

1, 0,8887392 / 10,20141

2, 0,650124 / 10,86158

0, 0,051874 / 10,91346

1, 0,5685679 / 11,46308

2, 0,3135314 / 11,77816

0, 0,4843543 / 12,26251

1, 1,215994 / 13,44801

2, 0,3986522 / 13,84661

0, 0,0537961 / 13,90041

4, 0,1953937 / 14,07372

0, 0,2259026 / 14,29962

1, 0,1350522 / 14,39258

0, 0,1889006 / 14,58148

1, 1,776856 / 16,31422

2, 1,000476 / 17,31305

5, 0,4554658 / 17,77706

0, 0,1680361 / 17,94509

2, 0,3415071 / 18,25899

1, 1,031361 / 19,28926

2, 0,2290724 / 19,5374

0, 0,4387307 / 19,97613

2, 0,2288275 / 20,19382

1, 0,533238 / 20,7001

0, 0,0603331 / 20,76043

2, 0,2296038 / 20,95721

5, 0,5109208 / 21,29897

0, 0,2597824 / 21,55875

4, 0,1455803 / 21,72326

0, 0,2148928 / 21,93815

1, 0,640871 / 22,53104

0, 0,0579296 / 22,58897

1, 1,686195 / 24,24108

0, 0,1441182 / 24,3852

1, 0,1862553 / 24,53848

0, 0,0767509 / 24,61523

1, 4,141169 / 28,72953

0, 0,0878532 / 28,81738

3, 0,0292596 / 28,81738

3, 0,09177089 / 29,01727

4, 0,261561 / 29,09534

0, 0,4471215 / 29,54246

2, 0,4537919 / 29,97216

1, 0,7128922 / 30,6899

0, 0,0534348 / 30,74334

1, 0,2524149 / 30,97326

0, 0,2929794 / 31,26624

4, 0,2760256 / 31,49681

0, 0,1070391 / 31,60384

5, 0,0609859 / 31,62994

0, 0,1449219 / 31,77486

1, 0,534148 / 32,28878

StartAnim : armStretch / 32,82924

2, 0,6851547 / 32,9733

1, 1,143163 / 34,1154

2, 0,4695656 / 34,58643

1, 0,2307689 / 34,81886

2, 0,6843201 / 35,50117

3, 0,0309651 / 35,53061

0, 0,2549238 / 35,78553

StartAnim : longLook / 37,10028

StartAnim : handSalute / 37,41758

1, 2,581388 / 38,35491

0, 0,0859409 / 38,44085

4, 0,8313814 / 39,24598

0, 0,401676 / 39,64766

StartAnim : faceSmile / 41,6158

1, 9,655518 / 49,27265

2, 0,7450685 / 50,01319

1, 0,053627 / 50,09288

0, 0,1045098 / 50,1974

1, 0,656646 / 50,82798

2, 0,5449535 / 51,376

0, 0,1427913 / 51,51879

1, 4,115139 / 55,59764

0, 0,6295152 / 56,22717

1, 0,5384628 / 56,74265

0, 0,0558554 / 56,7985

2, 0,030279 / 56,7985

1, 0,40257 / 57,19891

2, 0,8225077 / 58,03004

StartAnim : LongLook / 58,39836

1, 4,712277 / 62,74324

StartAnim : CaresseEntreCuisse / 62,86044

0, 0,3419931 / 63,08522

4, 0,7942068 / 63,8568

0, 0,1153789 / 63,97218

4, 0,0588631 / 64,02858

1, 1,087744 / 65,11375

2, 0,0299602 / 65,17022

4, 0,1972067 / 65,34162

0, 0,2292047 / 65,57082

4, 0,570296 / 66,11305

0, 0,0841856 / 66,19724

3, 0,0291463 / 66,19724

0, 0,262159 / 66,4594

2, 0,0318768 / 66,4594

StartAnim : faceSmile / 68,39621

1, 4,398263 / 70,85782

0, 0,6565652 / 71,51439

**********------------scene4------------**********

1, 0,568737 / 0,0380724

0, 0,5982167 / 0,6362891

4, 0,0848344 / 0,7173731

5, 0,2714781 / 0,8811061

2, 0,8564335 / 1,708076

1, 0,6409855 / 2,352913

StartAnim : LongLook / 2,522661

StartAnim : HandSalute / 2,811336

2, 1,400042 / 3,738468

4, 0,0159551 / 3,767297

5, 0,066732 / 3,813009

2, 0,1502106 / 3,930046

4, 0,024777 / 3,983765

2, 0,1619359 / 4,132575

5, 0,3037496 / 4,132575

1, 1,137123 / 5,279984

2, 0,512862 / 5,782133

1, 1,01819 / 6,811876

2, 0,5952745 / 7,412024

3, 0,08830211 / 7,517771

0, 0,2156515 / 7,733422

2, 0,3718146 / 8,06958

0, 0,2549651 / 8,324545

3, 0,1433994 / 8,436656

0, 0,1989041 / 8,635559

7, 0,3457952 / 8,979537

3, 0,0277417 / 9,010874

5, 0,0277417 / 9,010874

2, 0,1762973 / 9,18331

5, 0,0782465 / 9,250762

1, 3,22265 / 12,48012

2, 1,125124 / 13,61003

3, 0,4968132 / 14,0965

5, 0,440649 / 14,12173

StartAnim : LongLook / 14,29622

2, 0,2417518 / 14,37107

1, 5,000012 / 19,36761

2, 0,2068763 / 19,517

1, 1,061147 / 20,58074

0, 0,0569532 / 20,63769

StartAnim : EyeBlink / 21,90928

1, 3,259623 / 23,86419

2, 0,1975005 / 24,0651

0, 0,0416049 / 24,10671

3, 0,090233 / 24,18174

0, 0,2009807 / 24,38273

5, 0,0439987 / 24,42411

3, 0,0797796 / 24,45562

7, 0,1529246 / 24,59482

0, 0,0844773 / 24,6793

2, 0,0296597 / 24,6793

7, 0,424943 / 25,096

0, 0,1070135 / 25,20302

1, 3,169435 / 28,32134

2, 1,088899 / 29,41471

0, 0,0631523 / 29,47786

3, 0,3793911 / 29,83713

5, 0,3021172 / 29,96949

StartAnim : OpenLegs / 29,96949

2, 0,0313735 / 30,01987

1, 1,368856 / 31,36615

2, 0,2440585 / 31,61004

5, 0,8872875 / 32,32132

0, 0,0814261 / 32,40274

3, 0,1321199 / 32,47839

0, 0,0423224 / 32,52071

3, 0,066333 / 32,56625

0, 0,1322886 / 32,69854

5, 0,0254774 / 32,69854

0, 0,0517601 / 32,7503

5, 0,1962233 / 32,92067

2, 0,0498739 / 32,96791

5, 0,3929163 / 33,36584

2, 0,0282816 / 33,3875

1, 0,0947119 / 33,47131

2, 0,0107588 / 33,4977

5, 0,0263907 / 33,5233

2, 0,0831624 / 33,61425

0, 0,09253781 / 33,70678

1, 2,465383 / 36,16541

2, 1,159382 / 37,32105

4, 0,0253944 / 37,36399

2, 0,2180229 / 37,61698

4, 0,0842978 / 37,69936

5, 0,3680294 / 37,69936

StartAnim : touchCouchInvite / 38,99633

2, 1,871449 / 39,56335

0, 0,1021341 / 39,66549

StartAnim : FaceSmile / 40,80899

1, 2,42144 / 42,07824

2, 1,027727 / 43,11018

0, 0,256308 / 43,36649

4, 0,2707171 / 43,60966

2, 0,7036827 / 44,32059

0, 0,1019555 / 44,42255

1, 2,94174 / 47,33726

2, 0,7017335 / 48,05613

1, 0,0339359 / 48,07794

2, 0,1947894 / 48,27955

1, 0,7607964 / 49,03497

0, 0,0440524 / 49,07902

2, 0,0187448 / 49,07902

0, 0,1094624 / 49,18848

1, 0,841823 / 49,96223

5, 0,2410217 / 50,47269

**********------------scene5------------**********

2, 2,401444 / 0,0272803

0, 0,2025181 / 0,2297984

1, 0,3652814 / 0,5757251

2, 0,2695018 / 0,8304005

5, 1,330808 / 2,178611

1, 1,434226 / 3,603608

2, 0,9362295 / 4,544518

1, 0,0835384 / 4,617278

2, 0,2169426 / 4,84479

1, 0,7639579 / 5,601546

2, 1,950735 / 7,554788

3, 0,0390152 / 7,755995

5, 0,2167576 / 7,755995

7, 0,1711745 / 7,912302

0, 0,2020049 / 8,114306

3, 0,1766706 / 8,263167

5, 0,1766706 / 8,263167

2, 0,0114047 / 8,298633

3, 0,0556495 / 8,340648

5, 0,0556495 / 8,340648

StartAnim : ShortLook / 9,670979

StartAnim : FaceSmile / 10,64502

1, 4,081002 / 12,41309

2, 0,7880358 / 13,21216

1, 1,656202 / 14,85617

2, 0,957058 / 15,78699

1, 3,914869 / 19,71246

StartAnim : OpenLegs / 20,13368

2, 0,8467438 / 20,55697

3, 0,4397878 / 21,51515

3, 0,5152713 / 22,11297

5, 1,66217 / 22,19716

StartAnim : TouchCouchInvite / 22,44476

1, 0,6720126 / 22,8715

StartAnim : LongLook / 22,98555

StartAnim : FaceSmile / 23,37153

2, 0,7128013 / 23,58531

1, 0,5099998 / 24,08593

2, 0,3025839 / 24,39739

3, 0,4403219 / 25,02827

5, 0,6978225 / 25,05564

2, 0,8149632 / 25,86954

3, 0,142303 / 26,01565

3, 0,0766994 / 26,19815

5, 5,085941 / 30,9557

2, 0,0265129 / 30,9757

5, 0,0199966 / 30,99924

2, 0,2592716 / 31,25289

4, 0,0665101 / 31,32876

2, 0,08387651 / 31,44986

StartAnim : PenisTouch / 31,75469

StartAnim : ShortLook / 32,3857

4, 1,571691 / 33,21368

5, 1,983225 / 33,21368

2, 1,726461 / 33,24333

4, 0,0296445 / 33,26999

5, 0,0296445 / 33,26999

1, 0,0266568 / 33,3041

4, 0,0591075 / 33,35417

5, 0,0591075 / 33,35417

1, 1,183368 / 34,53013

2, 0,0433553 / 34,58647

5, 0,0306479 / 34,61289

0, 0,0481587 / 34,66105

5, 0,0411597 / 34,73962

StartAnim : CloseEyes / 35,05814

2, 1,241768 / 35,87213

1, 0,547604 / 36,42708

2, 0,0459195 / 36,46896

4, 0,050064 / 36,59677

5, 0,1739019 / 36,64291

2, 0,0687774 / 36,669

5, 0,4011439 / 37,06971

StartAnim : OpenEyes / 37,8987

StartAnim : StartErect / 38,18679

0, 1,285984 / 38,35569

1, 0,903349 / 39,24475

2, 0,0515518 / 39,28584

5, 0,0165172 / 39,31104

0, 2,334219 / 41,64525

StartAnim : CloseEyes / 43,01646

1, 1,727618 / 43,35406

4, 0,1216912 / 43,55416

5, 0,1216912 / 43,55416

2, 0,2255942 / 43,58388

5, 0,4592085 / 44,04173

StartAnim : OpenEyes / 44,55793

2, 1,114903 / 45,153

1, 0,6007166 / 45,75461

2, 0,0671518 / 45,81567

4, 0,5572045 / 46,57145

5, 0,7593874 / 46,57145

2, 0,7995639 / 47,37071

StartAnim : CloseEyes / 47,92781

1, 2,158395 / 49,54102

2, 0,5984471 / 50,12744

StartAnim : OpenEyes / 50,29394

4, 0,3302002 / 50,45384

5, 0,3302002 / 50,45384

StartAnim : StopTouchPenis / 50,75356

2, 1,043477 / 51,51261

StartAnim : TouchCouchInvite / 51,72779

1, 2,486743 / 53,99999

2, 0,1974855 / 54,1869

**********------------scene6------------**********

5, 0,2550157 / 0,0311199

0, 0,0856127 / 0,1167326

1, 0,2695419 / 0,3583638

StartAnim : OpenLegs / 0,7023669

2, 0,6752489 / 1,032332

5, 0,4848742 / 1,488254

2, 0,8857428 / 2,343463

2, 0,3158393 / 3,772035

5, 1,461127 / 3,772035

1, 0,7948829 / 4,560217

2, 0,4185781 / 4,988442

4, 0,2700611 / 6,386497

4, 0,3696013 / 6,874493

5, 1,893521 / 6,874493

StartAnim : LongLook / 6,874493

StartAnim : StartTouchPenis / 6,91543

1, 0,8848308 / 7,760527

2, 0,0205365 / 7,787594

5, 0,2585728 / 8,046633

2, 0,0568637 / 8,100275

StartAnim : CloseEyes / 10,03104

1, 2,340533 / 10,44719

2, 0,0307008 / 10,47485

5, 0,3549205 / 10,82947

2, 0,8410931 / 11,67301

4, 0,2437792 / 11,95942

StartAnim : OpenEyes / 11,95942

2, 0,8139417 / 12,77272

5, 1,113376 / 12,77272

1, 1,401683 / 14,18806

2, 0,0297855 / 14,21484

1, 0,0267803 / 14,23745

2, 1,433649 / 15,67424

4, 3,14323 / 18,8169

4, 0,045927 / 19,01488

StartAnim : CloseEyes / 19,19851

5, 4,651645 / 20,32729

StartAnim : OpenEyes / 21,83105

1, 1,79842 / 22,11684

2, 0,2419393 / 22,35623

0, 0,0803318 / 22,43656

StartAnim : CloseEyes / 24,63022

2, 3,235254 / 25,63103

0, 0,0825415 / 25,71358

2, 0,3423719 / 26,04338

1, 0,4165361 / 26,45573

2, 0,0256404 / 26,47621

0, 0,0516309 / 26,52784

3, 0,0227993 / 26,52784

StartAnim : FastPenisTouch / 26,82992

StartAnim : OpenEyes / 26,97115

StartAnim : CloseEyes / 28,59336

4, 2,101044 / 28,65672

5, 2,152675 / 28,65672

2, 0,1115697 / 28,77826

StartAnim : OpenEyes / 29,51529

1, 1,62863 / 30,38758

5, 0,1982532 / 30,62889

StartAnim : CloseEyes / 31,02898

2, 0,8304136 / 31,23049

4, 0,0461903 / 31,45667

5, 0,2571781 / 31,50792

2, 0,715654 / 32,19766

StartAnim : OpenEyes / 32,76936

4, 0,9275362 / 33,12602

5, 0,9275362 / 33,12602

2, 0,1544019 / 33,27165

StartAnim : PenisEjac / 33,37243

1, 0,745014 / 34,0163

0, 0,06783991 / 34,08414

3, 0,0154463 / 34,08414

0, 0,0726188 / 34,15676

3, 0,2006254 / 34,34033

4, 1,774867 / 36,14376

5, 1,987897 / 36,14376

2, 0,0285675 / 36,17868

4, 0,1729251 / 36,34501

StartAnim : StopTouchPenis / 36,39367

5, 0,2730128 / 36,44394

StartAnim : DeErect / 37,23432

**********------------Fin_Relaxation------------**********

