**********------------scene1------------**********

0, 0,084125 / 0,084125

4, 0,084125 / 0,1230927

5, 0,1948876 / 0,2309457

0, 0,6064923 / 0,837438

3, 0,0816254 / 0,8738015

0, 0,0833299 / 0,9571314

2, 0,0358679 / 0,9571314

0, 0,1431811 / 1,100313

1, 0,3977486 / 1,444128

0, 0,1090705 / 1,553199

3, 0,4801459 / 1,998648

0, 0,3797032 / 2,378351

2, 0,0388332 / 2,378351

5, 0,027574 / 2,420688

0, 0,888436 / 3,309124

2, 0,1986264 / 3,469383

1, 0,4461939 / 3,909722

0, 1,166496 / 5,076218

7, 0,2848724 / 5,290265

0, 0,9200629 / 6,210328

7, 0,0381335 / 6,210328

0, 0,4863032 / 6,696631

6, 0,0355655 / 6,696631

0, 0,0847526 / 6,781384

6, 0,1202032 / 6,872012

0, 0,2114643 / 7,083476

5, 1,013464 / 8,070833

4, 0,2528517 / 8,309287

2, 0,0611463 / 8,346405

0, 0,1757307 / 8,522136

1, 0,8107558 / 9,28179

0, 0,0944281 / 9,376218

3, 0,3378646 / 9,654696

0, 0,065734 / 9,72043

2, 0,5500681 / 10,24038

5, 0,4862604 / 10,28215

0, 3,557002 / 13,83915

4, 0,0712862 / 13,8876

5, 0,0712862 / 13,8876

0, 0,0805874 / 13,96819

5, 0,0422347 / 13,96819

0, 0,0881303 / 14,05632

2, 0,168787 / 14,17767

0, 0,1777436 / 14,35541

2, 0,0384809 / 14,35541

1, 1,84862 / 16,19676

0, 0,6258016 / 16,82256

1, 1,399669 / 18,19419

0, 0,4870841 / 18,68127

2, 0,0306976 / 19,44332

5, 0,9282507 / 19,56703

2, 0,0399205 / 19,59922

0, 0,0868388 / 19,68605

1, 1,337162 / 20,98046

0, 0,5524866 / 21,53295

1, 0,6847535 / 22,17986

0, 0,082049 / 22,26191

2, 0,082049 / 22,29267

1, 0,9724881 / 23,26991

0, 0,2133372 / 23,48325

3, 0,025767 / 23,48325

1, 0,5933331 / 24,08239

0, 0,522456 / 24,60485

3, 0,046479 / 24,60485

1, 0,9825411 / 25,59269

0, 0,3996294 / 25,99232

1, 2,371828 / 28,32061

3, 0,2247384 / 28,52975

0, 0,0685012 / 28,59825

3, 0,1065085 / 28,66111

0, 0,0724245 / 28,73353

3, 0,2820298 / 28,97643

0, 0,4007088 / 29,37713

3, 0,2692019 / 30,04561

4, 0,70731 / 30,04561

0, 0,1737043 / 30,21931

3, 0,3567396 / 30,52112

0, 0,2285355 / 30,74966

3, 0,0374977 / 30,74966

0, 0,0735474 / 30,82321

5, 0,2460396 / 31,0382

2, 0,0424977 / 31,07787

0, 0,0719889 / 31,14985

1, 0,2796399 / 31,39546

0, 1,070062 / 32,46553

2, 0,0335247 / 32,46553

1, 0,9183457 / 33,37521

2, 0,0299705 / 33,42038

1, 0,5777559 / 33,98137

2, 0,0283984 / 34,02105

0, 0,4131522 / 34,4342

5, 0,4803074 / 34,87756

4, 0,1472061 / 35,02611

0, 0,4693537 / 35,49547

6, 0,297187 / 35,76214

0, 0,0753491 / 35,83749

6, 0,3490237 / 36,14872

0, 0,1552887 / 36,30401

4, 0,0785818 / 36,33863

0, 0,1534292 / 36,49205

6, 0,2586869 / 36,72849

0, 0,0806606 / 36,80915

7, 0,4939028 / 37,25924

0, 1,295051 / 38,55428

1, 0,2290722 / 38,73434

0, 0,2264881 / 38,96082

1, 1,526493 / 40,43967

0, 0,5107764 / 40,95044

1, 1,894367 / 42,80754

2, 0,0329379 / 42,84932

5, 0,72625 / 43,56244

2, 0,0655732 / 43,63674

1, 1,039472 / 44,67789

2, 0,2553477 / 44,93252

4, 0,4557432 / 45,39283

2, 0,3754055 / 45,76471

1, 0,352303 / 46,10952

2, 0,7695678 / 46,88306

0, 0,3949079 / 47,27797

4, 0,2544754 / 47,50536

5, 0,8394549 / 48,34933

4, 0,3636947 / 48,6769

2, 0,0728628 / 48,77534

1, 3,67846 / 52,42201

0, 0,6557784 / 53,07779

1, 0,5221749 / 53,56515

0, 2,718311 / 56,28347

1, 0,0398715 / 56,28347

0, 0,0797578 / 56,36323

1, 0,7267586 / 57,04902

2, 0,0387835 / 57,0926

StartAnim : touchMagazine / 58,88266

1, 3,271313 / 60,36349

0, 0,172243 / 60,53574

2, 0,0413963 / 60,53574

5, 0,0309026 / 60,57163

4, 0,4604315 / 61,03347

2, 0,0373066 / 61,06767

5, 0,0373066 / 61,06767

4, 0,0839449 / 61,1358

2, 0,09711669 / 61,25075

0, 0,1213351 / 61,37208

1, 0,8626815 / 62,19644

0, 0,5699262 / 62,76636

2, 0,0274814 / 62,76636

5, 0,2226044 / 62,99344

4, 0,4381564 / 63,43327

0, 0,1611925 / 63,59446

4, 0,5331169 / 64,11613

5, 0,5331169 / 64,11613

2, 0,0516414 / 64,16176

0, 0,0753237 / 64,23708

1, 0,5910407 / 64,79371

2, 0,0409094 / 64,83483

5, 0,2391674 / 65,53283

4, 1,726093 / 66,56091

3, 0,1916714 / 66,75907

0, 0,5173158 / 67,27639

2, 0,0448138 / 67,27639

0, 0,0748319 / 67,35122

1, 0,2027194 / 67,54607

**********------------scene2------------**********

0, 0,5336315 / 0,2001514

3, 0,2120957 / 0,3634434

0, 0,4107917 / 0,7742351

3, 0,1472109 / 0,9121251

0, 0,4837213 / 1,395846

3, 0,913802 / 2,27259

0, 0,8209775 / 3,093568

1, 1,368534 / 4,424005

2, 0,2573558 / 4,674125

5, 1,158914 / 5,844049

2, 0,1716311 / 6,001389

1, 1,058834 / 7,085101

0, 1,299845 / 8,384947

1, 1,19151 / 9,551445

0, 0,2483363 / 9,799782

3, 0,2021998 / 9,986547

0, 0,1200809 / 10,10663

3, 0,4246155 / 10,48263

0, 0,0998567 / 10,58249

1, 0,4941274 / 11,03623

2, 0,0286942 / 11,06982

4, 0,2434277 / 11,31194

5, 0,4354012 / 11,65371

0, 0,0687881 / 11,7225

3, 0,500565 / 12,18846

0, 0,1071806 / 12,29564

3, 0,06486 / 12,33523

0, 0,6634771 / 12,9987

6, 0,4858718 / 13,4523

0, 0,3473785 / 13,79968

6, 0,067596 / 13,82742

0, 0,424832 / 14,25225

7, 0,5602871 / 14,7947

0, 0,0674658 / 14,86216

6, 0,5401873 / 15,37533

0, 0,6501899 / 16,02552

1, 1,74766 / 17,74162

0, 1,768495 / 19,51012

1, 0,2692811 / 19,75313

0, 0,5367897 / 20,28992

1, 0,1535268 / 20,42419

0, 0,2862247 / 20,71041

1, 1,045213 / 21,7205

2, 0,0253607 / 21,75532

0, 0,073043 / 21,82836

1, 0,139682 / 21,91604

2, 0,080097 / 22,00517

0, 0,1230106 / 22,12818

1, 0,4094046 / 22,48743

0, 0,0699855 / 22,55742

3, 0,0699855 / 22,59708

0, 0,3980123 / 22,99509

5, 0,427822 / 23,40009

2, 0,0447126 / 23,43807

0, 0,0840407 / 23,52211

1, 0,2434774 / 23,74776

0, 0,0774838 / 23,82525

3, 0,3222551 / 24,11149

0, 0,0655662 / 24,17705

4, 0,0284566 / 24,17705

2, 0,0371096 / 24,21715

3, 0,0748591 / 24,29284

0, 0,0693679 / 24,36221

2, 0,0336715 / 24,36221

1, 0,4696607 / 24,82714

0, 0,09512191 / 24,92226

3, 0,4256985 / 25,28049

0, 0,0852172 / 25,36571

5, 0,872086 / 26,18035

4, 0,2771911 / 26,44904

5, 0,4407815 / 26,92007

2, 0,0495212 / 26,9495

5, 0,0561953 / 27,00734

2, 0,0933077 / 27,09359

5, 0,0799655 / 27,15199

2, 0,0558008 / 27,20646

1, 0,3868182 / 27,59247

0, 0,7005642 / 28,29303

1, 0,228892 / 28,49179

0, 0,1172959 / 28,60909

3, 0,3327664 / 28,8767

0, 0,0767771 / 28,95347

5, 0,0426995 / 28,95347

0, 0,1260961 / 29,07957

4, 0,1401905 / 29,19442

5, 1,130241 / 30,1556

0, 0,0740028 / 30,22961

5, 0,0387989 / 30,22961

0, 0,0915413 / 30,32115

5, 0,0915413 / 30,35315

0, 0,0572734 / 30,41042

4, 0,0813411 / 30,61229

4, 0,393456 / 31,69231

5, 1,339164 / 31,72565

0, 0,0772808 / 31,80293

4, 0,0825544 / 31,89584

5, 0,1180953 / 31,89584

0, 0,130723 / 32,02656

4, 0,2307853 / 32,2261

5, 0,2307853 / 32,2261

0, 0,4114795 / 32,63758

4, 0,2701524 / 32,86504

5, 0,1942371 / 32,86504

0, 0,3307207 / 33,19577

2, 0,0415099 / 33,19577

1, 0,6844847 / 33,86651

0, 1,737456 / 35,60397

1, 0,4235557 / 35,99495

0, 0,8554117 / 36,85036

1, 0,6307265 / 37,4602

0, 0,187399 / 37,64761

1, 0,054203 / 37,67877

2, 0,0311604 / 37,71212

1, 0,0333553 / 37,7798

2, 0,067674 / 37,81585

1, 0,1449664 / 37,96552

0, 0,7018614 / 38,66738

StartAnim : shortLook / 38,80885

**********------------scene3------------**********

1, 2,597922 / 0,0314685

5, 0,0859173 / 0,1123589

0, 0,1151595 / 0,2275184

5, 0,1819163 / 0,3907817

6, 0,0364349 / 0,4225073

4, 0,0317256 / 0,4439598

5, 0,2501947 / 0,7241036

6, 0,0514016 / 0,742886

4, 0,1622147 / 0,9366225

0, 0,07770941 / 1,014332

3, 0,5697762 / 1,557524

0, 0,0857772 / 1,643301

1, 0,1963319 / 1,836987

2, 0,1912621 / 1,997503

5, 0,3881623 / 2,297984

0, 0,4862722 / 2,784256

4, 1,51293 / 4,271891

5, 0,0586313 / 4,297961

2, 0,136324 / 4,389631

4, 0,0120588 / 4,412688

2, 0,0230571 / 4,439215

0, 0,058775 / 4,49799

1, 4,331895 / 8,796436

2, 0,3161913 / 9,110238

0, 0,06754459 / 9,177782

5, 0,3479732 / 9,488891

4, 0,9460499 / 10,39637

6, 0,0198039 / 10,42559

4, 0,4305058 / 10,85907

0, 0,7212936 / 11,58036

3, 0,4242338 / 11,98074

0, 2,259995 / 14,24073

2, 0,0345364 / 14,24073

1, 0,6828537 / 14,93171

0, 2,306178 / 17,23788

2, 0,8543243 / 18,06714

0, 0,0650648 / 18,13221

2, 0,1509587 / 18,23727

0, 0,5498464 / 18,78712

3, 0,3603977 / 19,11281

2, 0,021569 / 19,14705

1, 0,745898 / 19,88635

0, 0,3668161 / 20,25317

5, 0,3176481 / 20,53958

4, 0,0551112 / 20,56978

0, 0,2206735 / 20,79045

6, 0,4401754 / 21,18303

7, 0,2653941 / 21,46338

6, 0,2592109 / 21,69336

0, 0,2780775 / 21,97144

5, 0,0752151 / 22,02953

2, 0,3472068 / 22,33149

0, 0,1347819 / 22,46627

3, 0,5343904 / 22,98154

0, 0,3527379 / 23,33428

1, 0,4845542 / 23,78527

2, 0,068236 / 23,84222

1, 0,3942347 / 24,24722

0, 0,1711518 / 24,41837

1, 2,786453 / 27,17068

0, 0,2870158 / 27,45769

3, 0,137599 / 27,54645

0, 0,2186691 / 27,76511

1, 0,6679518 / 28,38678

0, 0,08014829 / 28,46692

3, 0,0233774 / 28,46692

3, 0,5282361 / 29,18167

4, 0,767469 / 29,23209

3, 0,5182955 / 29,73409

0, 0,6800323 / 30,41412

2, 0,0326896 / 30,41412

1, 0,8514039 / 31,26703

2, 0,7469633 / 32,02137

StartAnim : armStretch / 32,81943

5, 0,8603559 / 32,86708

0, 0,3700774 / 33,23716

2, 0,2136147 / 33,42309

0, 0,0622954 / 33,48539

1, 0,2004425 / 33,6544

2, 0,0856268 / 33,76145

0, 0,8785697 / 34,64002

4, 0,0815428 / 34,69923

0, 0,1514039 / 34,85063

2, 0,2001156 / 35,01954

0, 0,1623994 / 35,18194

2, 0,0265526 / 35,18194

1, 0,6585169 / 35,83797

0, 0,1443552 / 35,98233

4, 0,2887902 / 36,27031

0, 0,0577594 / 36,32807

6, 0,388078 / 36,68898

0, 0,1938433 / 36,88283

StartAnim : longLook / 37,11438

StartAnim : handSalute / 37,4222

1, 1,229335 / 38,10842

2, 0,0292629 / 38,13972

0, 0,08321311 / 38,22294

4, 0,9983521 / 39,19516

0, 0,06393079 / 39,25909

2, 0,0288013 / 39,25909

0, 0,057369 / 39,31646

StartAnim : faceSmile / 41,59353

1, 3,623078 / 42,90991

2, 0,0277249 / 42,94164

1, 2,947578 / 45,88268

0, 0,0556575 / 45,93834

2, 0,0333817 / 45,93834

0, 0,0578521 / 45,99619

4, 0,6786105 / 46,66083

5, 0,1324272 / 46,71072

4, 0,0498633 / 46,77731

0, 0,2455135 / 47,02282

4, 0,6858022 / 47,68629

0, 0,0764174 / 47,76271

2, 0,0764174 / 47,78521

1, 3,108308 / 50,89703

2, 0,0260114 / 50,92866

1, 0,3736137 / 51,29506

2, 0,0244105 / 51,32874

1, 0,8845152 / 52,21423

0, 0,1051108 / 52,31934

3, 0,0792546 / 52,34103

0, 0,2121393 / 52,55317

4, 0,0532578 / 52,55317

5, 0,4480347 / 53,00621

2, 0,3032438 / 53,31629

0, 0,1372541 / 53,45355

1, 0,7678815 / 54,17149

5, 0,0279134 / 55,26398

2, 2,072513 / 56,23711

0, 0,603753 / 56,84086

2, 0,1976754 / 57,01205

StartAnim : LongLook / 58,42064

1, 3,518573 / 60,5276

0, 0,0529695 / 60,58057

3, 0,0231586 / 60,58057

0, 0,0554477 / 60,63602

4, 0,6062388 / 61,21419

2, 0,0807838 / 61,29474

0, 0,1563144 / 61,45105

1, 0,5241756 / 61,93699

2, 0,0263051 / 61,96932

0, 0,0600253 / 62,02934

1, 0,7685384 / 62,77003

StartAnim : CaresseEntreCuisse / 62,85284

2, 0,2107265 / 62,97928

0, 0,0575514 / 63,03683

4, 0,4561674 / 63,46486

2, 0,0664411 / 63,52662

1, 1,781838 / 65,31436

2, 0,0306038 / 65,34051

0, 0,0623242 / 65,40283

3, 0,0321822 / 65,40283

0, 0,0684716 / 65,47131

4, 0,310292 / 65,73719

3, 0,3164123 / 66,05913

0, 0,0732759 / 66,1324

2, 0,630003 / 66,7084

1, 0,5841568 / 67,29984

2, 0,0608181 / 67,35269

0, 0,0698217 / 67,42251

4, 0,1199305 / 67,49599

0, 0,2111281 / 67,70712

4, 0,0583374 / 67,70712

0, 0,545406 / 68,25251

4, 0,09325801 / 68,33305

StartAnim : faceSmile / 68,38409

0, 0,1653217 / 68,49839

4, 0,0295168 / 68,49839

0, 0,085482 / 68,58387

2, 1,180389 / 69,7489

0, 0,081899 / 69,8308

2, 0,1881085 / 69,96915

**********------------scene4------------**********

1, 2,087834 / 0,0445137

0, 0,4715832 / 0,5160969

1, 0,202406 / 0,7213057

2, 0,0622272 / 0,7515982

4, 0,379923 / 1,346162

5, 0,6563706 / 1,346162

2, 0,9288815 / 2,279586

StartAnim : LongLook / 2,525673

StartAnim : HandSalute / 2,810465

1, 0,9542794 / 3,229304

2, 0,2431765 / 3,453225

4, 0,2729386 / 3,738855

5, 0,7416059 / 4,029884

2, 1,402981 / 5,168045

4, 0,0616628 / 5,574211

5, 1,187517 / 6,363605

2, 0,1652692 / 6,512544

1, 0,463764 / 6,895367

2, 1,523202 / 8,429161

1, 1,556387 / 9,981521

2, 0,027718 / 10,00424

1, 0,0474729 / 10,05074

2, 0,0217463 / 10,07154

1, 1,448817 / 11,52417

2, 0,7293419 / 12,24094

0, 0,1214778 / 12,36241

7, 0,0111203 / 12,36241

2, 0,0748894 / 12,42785

0, 0,2717865 / 12,69963

7, 0,6565887 / 13,33783

3, 0,0249661 / 13,36376

5, 0,5013279 / 13,8402

4, 0,1895745 / 13,91244

2, 0,3323815 / 14,1594

StartAnim : LongLook / 14,29498

1, 4,04493 / 18,21058

2, 0,0280984 / 18,248

1, 0,096514 / 18,31942

0, 0,0622025 / 18,38162

1, 0,0383836 / 18,38162

2, 0,0238189 / 18,44493

1, 0,1671954 / 18,56812

0, 0,0584597 / 18,62658

1, 0,4737652 / 19,07345

0, 1,023136 / 20,09658

StartAnim : EyeBlink / 21,89496

1, 1,871811 / 21,93841

0, 0,0688599 / 22,00727

1, 2,257082 / 24,22746

0, 0,0434713 / 24,27093

2, 0,0253347 / 24,27093

1, 1,559066 / 25,85001

2, 1,885395 / 27,72784

0, 0,0793404 / 27,80718

2, 0,4007612 / 28,15389

1, 1,08408 / 29,24036

2, 0,4156233 / 29,65173

5, 0,2119002 / 29,76768

StartAnim : OpenLegs / 29,95058

2, 1,00819 / 30,78325

4, 0,392978 / 31,42613

5, 0,8940273 / 31,65767

2, 0,009736 / 31,68189

1, 0,9411829 / 32,62713

2, 0,3684236 / 32,9979

0, 0,6526499 / 33,65055

5, 0,313821 / 33,93663

3, 0,2528645 / 34,19023

4, 0,5383514 / 34,73635

5, 0,5383514 / 34,73635

2, 0,3831296 / 35,12195

4, 2,730013 / 37,85074

5, 2,730013 / 37,85074

2, 0,9731136 / 38,82716

StartAnim : touchCouchInvite / 38,99905

StartAnim : FaceSmile / 40,80838

0, 2,085341 / 40,91253

2, 1,667514 / 42,55359

1, 2,059984 / 44,62349

2, 0,0278429 / 44,64452

1, 0,3900595 / 45,03951

0, 0,5555235 / 45,59504

1, 0,3953785 / 45,96954

0, 0,0546418 / 46,02419

2, 0,027014 / 46,02419

1, 0,8747403 / 46,89713

2, 0,1769821 / 47,06156

2, 0,2264299 / 47,47514

5, 0,4721866 / 47,47514

0, 0,3242887 / 47,79943

4, 0,4742609 / 48,25523

0, 0,856078 / 49,1113

5, 0,3673005 / 49,47442

2, 0,2742102 / 49,74319

1, 0,4672613 / 50,19426

2, 0,0147862 / 50,22367

0, 0,0608364 / 50,2845

1, 1,446449 / 51,69439

2, 0,024271 / 51,72406

0, 0,2288932 / 51,95295

**********------------scene5------------**********

4, 0,4669798 / 0,0280868

0, 0,7190208 / 0,7471077

4, 0,2532123 / 1,203751

5, 1,010519 / 1,728842

2, 0,0317397 / 1,758468

4, 0,3207452 / 1,839706

5, 0,0824713 / 1,839706

1, 1,53388 / 3,371379

2, 0,247808 / 3,605381

4, 0,2985542 / 4,874249

5, 2,233813 / 5,852105

4, 0,225067 / 5,874485

4, 0,0472271 / 5,936865

5, 0,0696074 / 5,936865

2, 0,0631858 / 6,010468

1, 0,3453871 / 6,327626

2, 1,897754 / 8,228262

1, 0,717677 / 8,95942

StartAnim : ShortLook / 9,671154

2, 0,9840809 / 9,924559

StartAnim : FaceSmile / 10,65329

1, 2,885854 / 12,82882

0, 0,1800214 / 13,00884

3, 0,2246555 / 13,19053

4, 0,2550044 / 13,55989

5, 0,3832754 / 13,55989

2, 1,066502 / 14,61049

1, 0,3782159 / 14,99627

2, 0,0249446 / 15,02284

1, 0,0265781 / 15,03999

2, 0,0171425 / 15,07404

StartAnim : OpenLegs / 20,14311

1, 5,103122 / 20,16694

2, 0,0448061 / 20,21175

5, 1,522117 / 21,72866

0, 0,0546597 / 21,78332

5, 0,0796546 / 21,85205

0, 0,4483881 / 22,30044

StartAnim : TouchCouchInvite / 22,43207

5, 0,2467143 / 22,51148

2, 0,4599434 / 22,95415

StartAnim : LongLook / 22,977

StartAnim : FaceSmile / 23,36891

1, 2,09952 / 25,05206

0, 0,0476528 / 25,09971

2, 0,5138506 / 25,58684

1, 0,3755951 / 25,96641

2, 0,0847706 / 26,05162

1, 0,0736624 / 26,12348

2, 0,0235427 / 26,14793

0, 0,0638861 / 26,21182

1, 0,3197081 / 26,48299

2, 0,0594254 / 26,55834

5, 0,626086 / 27,16896

2, 0,8988531 / 28,07218

1, 0,3744354 / 28,45376

2, 0,0539126 / 28,49734

4, 0,1967766 / 29,11773

5, 0,856603 / 29,331

0, 0,5947602 / 29,92575

5, 0,4584388 / 30,3418

0, 0,7261593 / 31,06796

3, 0,1776367 / 31,22618

5, 0,0161221 / 31,25288

3, 0,0518185 / 31,29664

0, 0,06815369 / 31,3648

StartAnim : PenisTouch / 31,75357

4, 0,3563348 / 31,77532

StartAnim : ShortLook / 32,39497

4, 0,7450657 / 34,21138

4, 0,0609623 / 34,50229

4, 0,1609244 / 34,8134

StartAnim : CloseEyes / 35,05899

4, 0,6537961 / 35,4986

5, 4,201987 / 35,52096

0, 0,2233475 / 35,7443

5, 0,0303814 / 35,7443

0, 0,4268628 / 36,17117

4, 0,3583715 / 36,55918

5, 0,4476131 / 36,58574

2, 0,0502677 / 36,627

4, 0,017546 / 36,67778

5, 0,017546 / 36,67778

2, 0,0507788 / 36,72121

0, 0,0815829 / 36,8028

StartAnim : OpenEyes / 37,88463

StartAnim : StartErect / 38,19367

1, 1,795047 / 38,56628

2, 0,023226 / 38,5873

0, 0,0497761 / 38,63707

4, 0,1093939 / 38,72433

5, 0,3972414 / 39,00822

0, 0,0431575 / 39,05138

4, 0,6536291 / 40,94313

5, 1,915689 / 40,94313

0, 0,4002649 / 41,34339

4, 0,08753631 / 41,8698

4, 0,2799514 / 42,26181

5, 0,9524645 / 42,26181

0, 0,4219831 / 42,6838

5, 0,3171681 / 42,96497

StartAnim : CloseEyes / 43,02848

0, 0,2627556 / 43,22772

5, 0,5392634 / 43,74286

1, 0,0329648 / 43,77068

2, 0,1556926 / 43,93235

StartAnim : OpenEyes / 44,55243

1, 2,270315 / 46,1974

2, 0,0285349 / 46,22803

4, 1,287764 / 47,8402

5, 1,613633 / 47,8402

2, 0,029159 / 47,87488

0, 0,0509827 / 47,92586

StartAnim : CloseEyes / 47,92586

1, 0,9931409 / 48,89865

2, 0,0556251 / 48,94339

StartAnim : OpenEyes / 50,28583

4, 1,727428 / 50,66805

StartAnim : StopTouchPenis / 50,74938

4, 0,0258302 / 50,89551

5, 1,956234 / 50,89551

0, 0,0662495 / 50,96176

5, 0,5310647 / 51,4574

0, 0,0853692 / 51,54277

5, 0,1822061 / 51,69907

StartAnim : TouchCouchInvite / 51,72475

0, 0,369045 / 52,06812

5, 0,0836807 / 52,14399

0, 1,578698 / 53,72268

5, 0,0199547 / 53,72268

0, 0,1199643 / 53,84264

5, 0,0571594 / 53,87823

**********------------scene6------------**********

StartAnim : OpenLegs / 0,6922388

0, 1,324786 / 0,7765105

2, 0,1814457 / 0,9162071

5, 0,3951204 / 1,310391

0, 0,5472385 / 1,85763

5, 0,5048754 / 2,333052

0, 1,001489 / 3,334542

5, 0,0351526 / 3,334542

5, 0,2682466 / 3,825652

2, 0,5193332 / 3,850913

0, 0,0555583 / 3,906471

1, 0,2931029 / 4,173759

0, 0,0522654 / 4,226024

2, 0,2971122 / 4,497602

4, 0,4779083 / 5,53137

5, 1,379166 / 5,845623

0, 0,0590753 / 5,904698

4, 0,0253384 / 5,904698

StartAnim : LongLook / 6,873721

StartAnim : StartTouchPenis / 6,896707

4, 2,98087 / 9,21141

5, 3,365788 / 9,237832

2, 0,2214793 / 9,425651

StartAnim : CloseEyes / 10,0377

1, 1,551113 / 10,98344

2, 0,0622818 / 11,03878

0, 0,07660159 / 11,11538

StartAnim : OpenEyes / 11,96197

4, 1,204043 / 12,34611

5, 1,280645 / 12,34611

0, 0,1789468 / 12,52506

4, 0,2461578 / 12,74279

5, 0,2782413 / 12,76694

0, 0,0792624 / 12,8462

4, 0,1053685 / 12,89769

5, 0,1053685 / 12,89769

0, 0,0741353 / 12,97183

4, 0,0607188 / 13,02077

5, 0,0607188 / 13,02077

0, 0,146737 / 13,1675

4, 0,056967 / 13,19689

5, 0,056967 / 13,19689

0, 0,2575063 / 13,4544

5, 0,0254704 / 13,4544

0, 0,0628682 / 13,51726

5, 0,1115665 / 13,59396

0, 0,3380317 / 13,93199

4, 0,5882124 / 14,47782

5, 0,5569489 / 14,47782

0, 0,1575843 / 14,6354

4, 0,0929963 / 14,68496

5, 0,0929963 / 14,68496

0, 0,2795898 / 14,96455

5, 0,3007833 / 15,28168

4, 0,3812224 / 15,34515

0, 0,1868152 / 15,53197

5, 0,0560741 / 15,55124

0, 0,1557096 / 15,70695

4, 0,0815122 / 15,77975

4, 0,4146189 / 16,22768

5, 0,5202444 / 16,22768

2, 0,1353175 / 16,34124

1, 1,012987 / 17,37602

2, 0,0562348 / 17,41953

4, 1,376666 / 18,82157

4, 0,0313368 / 18,90274

5, 1,453996 / 18,90274

0, 0,0474248 / 18,95017

2, 0,0789945 / 19,00694

StartAnim : CloseEyes / 19,2083

1, 2,760402 / 21,76138

2, 0,0192315 / 21,78639

0, 0,0478863 / 21,83428

StartAnim : OpenEyes / 21,83428

StartAnim : CloseEyes / 24,63874

4, 2,798583 / 24,72093

5, 2,914828 / 24,72093

0, 0,0618957 / 24,78283

4, 0,4856542 / 25,22507

5, 0,5041336 / 25,25372

2, 0,0710626 / 25,30914

StartAnim : FastPenisTouch / 26,83512

StartAnim : OpenEyes / 26,98508

1, 2,146213 / 27,4543

2, 0,2347394 / 27,68113

4, 0,6072064 / 28,29369

5, 0,6072064 / 28,29369

2, 0,0278746 / 28,32886

0, 0,0544362 / 28,3833

StartAnim : CloseEyes / 28,60577

StartAnim : OpenEyes / 29,50662

1, 2,478938 / 30,82128

2, 0,0134866 / 30,85291

1, 0,0316315 / 30,88778

2, 0,034867 / 30,91299

0, 0,0825293 / 30,99552

StartAnim : CloseEyes / 31,07196

4, 1,270073 / 32,3183

4, 0,0433219 / 32,37713

5, 1,427397 / 32,37713

2, 0,0155017 / 32,41768

0, 0,0451254 / 32,4628

2, 0,0212609 / 32,4628

StartAnim : OpenEyes / 32,7634

StartAnim : PenisEjac / 33,36217

1, 1,538365 / 34,00743

0, 0,0435355 / 34,05097

3, 0,0246541 / 34,05097

5, 0,0246541 / 34,05097

0, 1,629231 / 35,6802

4, 0,1078373 / 35,74137

5, 0,1078373 / 35,74137

StartAnim : StopTouchPenis / 36,40868

0, 0,7616 / 36,50298

7, 0,1246147 / 36,58381

0, 0,4207703 / 37,00458

5, 0,1524781 / 37,15112

2, 0,1949824 / 37,21581

StartAnim : DeErect / 37,24633

5, 0,0777539 / 37,31445

2, 0,0371319 / 37,34279

0, 0,0880528 / 37,43084

2, 0,0639729 / 37,4594

0, 0,0815624 / 37,54096

5, 0,594102 / 38,10653

0, 0,0674687 / 38,17399

5, 2,075862 / 40,20529

0, 0,2627651 / 40,46806

5, 0,0510408 / 40,49593

2, 0,0278762 / 40,52132

1, 0,3384618 / 40,86553

0, 0,0538468 / 40,91938

5, 0,0303328 / 40,91938

1, 0,1988172 / 41,12385

0, 0,122942 / 41,24679

5, 0,1390653 / 41,35594

**********------------Fin_Relaxation------------**********

