**********------------scene1------------**********

0, 0,1575209 / 0,1575209

1, 0,0788607 / 0,4579435

0, 0,2150697 / 0,6730132

3, 0,0621842 / 0,7248857

0, 0,1314017 / 0,8562874

3, 0,0401734 / 0,8562874

0, 0,38469 / 1,240977

3, 0,0582564 / 1,27152

0, 0,0973676 / 1,368888

3, 0,4856286 / 1,811042

1, 1,073877 / 2,886267

2, 0,3543013 / 3,241788

1, 2,272903 / 5,52476

3, 0,1450433 / 5,669206

1, 0,5982557 / 6,267058

2, 0,0391673 / 6,294794

4, 0,0277357 / 6,322381

5, 0,5860984 / 6,882126

2, 0,02897 / 6,915799

0, 0,0677095 / 6,983509

1, 0,866579 / 7,830864

0, 0,2234258 / 8,054291

1, 0,9544096 / 8,965685

2, 0,0268945 / 8,995386

1, 0,0297017 / 9,028831

0, 0,0513274 / 9,080159

1, 0,3708307 / 9,431225

0, 0,2118292 / 9,643053

3, 0,2734916 / 9,891985

0, 0,0917639 / 9,983749

1, 3,303514 / 13,26951

0, 1,775137 / 15,04464

1, 0,347688 / 15,35778

0, 1,158194 / 16,51597

1, 1,615067 / 18,09929

0, 2,144219 / 20,24351

1, 0,956899 / 21,15661

0, 0,6002226 / 21,75684

1, 0,3549739 / 22,07226

0, 0,5547326 / 22,62699

3, 0,3262573 / 22,9218

0, 0,1728046 / 23,09461

1, 3,440486 / 26,51055

0, 0,0846446 / 26,59519

4, 0,5437493 / 27,12529

4, 0,1725516 / 27,34089

5, 0,4283081 / 27,34089

1, 1,043635 / 28,36993

0, 0,1126969 / 28,48263

3, 0,781574 / 29,17937

0, 0,0589706 / 29,23834

1, 0,5870997 / 29,79939

0, 0,06888761 / 29,86827

3, 0,0383693 / 29,86827

4, 0,1414829 / 29,98089

3, 0,4665938 / 30,40567

0, 0,3322016 / 30,73787

1, 5,003254 / 35,71087

0, 0,2140486 / 35,92492

2, 0,2307501 / 36,11602

1, 0,4257163 / 36,55446

2, 0,0839346 / 36,63803

5, 0,1468441 / 36,76966

0, 0,2005831 / 36,97024

1, 0,4981486 / 37,43566

0, 1,086803 / 38,52246

1, 1,806563 / 40,30998

0, 0,1850345 / 40,49501

4, 0,195216 / 40,64593

0, 0,2445099 / 40,89044

1, 0,8563338 / 41,72277

0, 0,2224716 / 41,94524

1, 0,7494856 / 42,64997

0, 0,2929989 / 42,94297

1, 1,158708 / 44,05361

2, 0,3366588 / 44,39669

5, 0,2040727 / 44,56337

1, 1,644571 / 46,21076

0, 0,2972677 / 46,50803

1, 0,6151137 / 47,11224

2, 0,0453733 / 47,14381

5, 0,1281903 / 47,28091

0, 0,2135208 / 47,49443

4, 0,4014998 / 47,8395

5, 0,4014998 / 47,8395

2, 0,0675949 / 47,92493

1, 1,31918 / 49,2303

0, 0,292745 / 49,52304

1, 3,000492 / 52,46806

0, 0,2553273 / 52,72339

1, 0,6051462 / 53,31756

0, 2,1953 / 55,51286

1, 3,405371 / 58,87186

StartAnim : touchMagazine / 58,90979

0, 0,0687074 / 58,94057

2, 0,1128998 / 59,03072

5, 0,1687298 / 59,17282

0, 0,5271954 / 59,70002

4, 0,7388178 / 60,39561

0, 5,792428 / 66,18804

**********------------scene2------------**********

1, 1,790293 / 0,0396142

3, 0,1129485 / 0,1822628

1, 0,6861137 / 0,8249631

0, 0,417835 / 1,242798

3, 0,2079394 / 1,398123

0, 0,1553613 / 1,553485

1, 0,6600065 / 2,196421

0, 0,6861759 / 2,882597

1, 1,030592 / 3,880888

0, 0,0747719 / 3,95566

3, 0,6295657 / 4,539144

0, 0,0699562 / 4,6091

5, 1,109723 / 5,680972

1, 1,235569 / 6,921566

0, 0,6035418 / 7,525109

1, 1,786497 / 9,279792

0, 0,1413913 / 9,421183

1, 0,2755547 / 9,681755

0, 0,1142107 / 9,795966

3, 0,1142107 / 9,819187

0, 0,1349227 / 9,95411

3, 0,6342784 / 10,55511

1, 1,285268 / 11,84034

0, 0,0866152 / 11,92695

2, 0,5249944 / 12,3975

1, 1,883989 / 14,28264

0, 0,3894774 / 14,67212

1, 0,3292428 / 14,95457

0, 0,3790511 / 15,33362

1, 0,7262276 / 16,03672

0, 0,0569686 / 16,09369

3, 0,1163973 / 16,17023

0, 0,183727 / 16,35396

3, 0,6651022 / 16,96353

0, 0,5594915 / 17,52302

1, 0,5714384 / 18,04985

0, 0,088826 / 18,13868

3, 0,2123326 / 18,32336

1, 1,68387 / 20,01006

0, 0,8141581 / 20,82422

1, 0,7371738 / 21,52088

0, 0,2583696 / 21,77925

3, 0,5531835 / 22,31402

0, 0,0694763 / 22,38349

1, 1,569013 / 23,92511

0, 1,272515 / 25,19762

3, 0,8841746 / 26,03766

0, 0,069224 / 26,10688

2, 0,126823 / 26,19699

5, 0,4962812 / 26,66844

2, 0,0309933 / 26,6967

0, 0,0549724 / 26,75167

1, 3,940034 / 30,66669

0, 0,7281207 / 31,39481

1, 1,36866 / 32,72051

0, 0,0540455 / 32,77456

3, 0,6481793 / 33,39438

0, 0,1575884 / 33,55198

1, 2,8745 / 36,39938

0, 1,913507 / 38,31288

1, 0,1955386 / 38,46673

StartAnim : shortLook / 38,82661

0, 0,4671273 / 38,93386

**********------------scene3------------**********

1, 2,396224 / 0,0278956

0, 0,0564669 / 0,0843625

1, 0,0564669 / 0,1135885

0, 0,077943 / 0,1915315

1, 0,4910634 / 0,6173481

0, 0,0831655 / 0,7005136

3, 0,1949195 / 0,8447999

0, 0,3081487 / 1,152949

1, 1,571482 / 2,701026

0, 0,3683451 / 3,069371

3, 0,0272967 / 3,069371

0, 0,0543301 / 3,123702

1, 0,3682844 / 3,469079

0, 0,2299366 / 3,699015

1, 1,457837 / 5,152564

0, 0,1455428 / 5,298106

1, 0,4319063 / 5,698106

0, 0,0548309 / 5,752937

1, 0,1176623 / 5,837736

0, 0,0592102 / 5,896946

1, 0,115724 / 6,003777

0, 0,251192 / 6,254969

1, 0,3734087 / 6,626598

0, 0,141664 / 6,768262

2, 0,0865169 / 6,848801

1, 1,013654 / 7,836905

0, 0,0818419 / 7,918747

3, 0,3730418 / 8,238405

0, 0,0596436 / 8,298049

3, 0,1137203 / 8,404311

1, 3,370742 / 11,75449

0, 0,2540329 / 12,00852

1, 0,8576822 / 12,8385

0, 0,1705913 / 13,00909

1, 0,7356356 / 13,7421

0, 0,113716 / 13,85582

3, 0,0932513 / 13,94101

0, 0,4549777 / 14,39599

1, 2,625954 / 16,99495

0, 0,1508873 / 17,14584

1, 1,489518 / 18,59437

2, 0,0238703 / 18,62768

1, 1,857754 / 20,48042

0, 0,1535025 / 20,63392

2, 0,0578089 / 20,63392

0, 0,1989429 / 20,83286

4, 0,946117 / 21,74133

5, 0,6533654 / 22,39414

0, 0,3151239 / 22,70926

2, 0,0307155 / 22,70926

0, 0,14581 / 22,85507

1, 1,70962 / 24,54345

0, 0,5658163 / 25,10926

1, 0,8576794 / 25,94316

0, 0,3213756 / 26,26454

1, 2,512903 / 28,73951

0, 0,3139757 / 29,05348

3, 0,3369822 / 29,35281

0, 0,0576679 / 29,41047

3, 0,4863035 / 29,86968

0, 0,0770354 / 29,94672

3, 0,0291463 / 29,94672

0, 0,08194441 / 30,02866

StartAnim : armStretch / 32,82366

1, 2,970795 / 32,96336

0, 0,6718905 / 33,63525

1, 0,1975768 / 33,83244

0, 0,1630419 / 33,99548

2, 0,372599 / 34,34014

0, 0,0550185 / 34,39516

1, 1,139248 / 35,51003

2, 0,8601789 / 36,36549

StartAnim : longLook / 37,10686

StartAnim : handSalute / 37,39425

1, 1,770137 / 38,14282

0, 0,0532324 / 38,19605

3, 0,138582 / 38,31103

4, 0,6264561 / 38,94048

2, 0,0326203 / 38,96397

StartAnim : faceSmile / 41,59305

1, 12,31056 / 51,27871

0, 0,3721128 / 51,65082

1, 0,2315563 / 51,85372

0, 0,0602504 / 51,91397

2, 0,4000239 / 52,27798

0, 0,08294021 / 52,36092

1, 1,561374 / 53,8689

0, 0,052881 / 53,92178

2, 0,7959194 / 54,6973

1, 1,717398 / 56,40733

0, 0,0587316 / 56,46606

1, 1,030246 / 57,46496

0, 0,1719867 / 57,63695

StartAnim : LongLook / 58,38197

1, 4,722121 / 62,34988

2, 0,2258569 / 62,58114

0, 0,0585839 / 62,63972

StartAnim : CaresseEntreCuisse / 62,83616

StartAnim : faceSmile / 68,38503

**********------------scene4------------**********

1, 9,427092 / 0,0384206

0, 0,2349036 / 0,2733242

1, 0,2488692 / 0,4760204

2, 0,6049789 / 1,101333

5, 0,5645061 / 1,357788

2, 0,0368999 / 1,413195

5, 0,2274605 / 1,613051

StartAnim : LongLook / 2,524704

StartAnim : HandSalute / 2,813175

1, 1,453115 / 3,069077

0, 0,0548595 / 3,123937

2, 0,51537 / 3,615708

1, 1,213815 / 4,825336

2, 0,1643458 / 4,976018

1, 0,693095 / 5,683044

2, 0,0273403 / 5,703482

0, 0,078231 / 5,781713

2, 0,2868017 / 6,038668

1, 3,413535 / 9,455261

2, 0,2700752 / 9,724417

1, 2,292531 / 12,01347

2, 0,0232974 / 12,04073

0, 0,0840785 / 12,12481

5, 0,4283265 / 12,52347

2, 0,2993714 / 12,82653

StartAnim : LongLook / 14,29795

1, 2,857651 / 15,67918

2, 0,5693148 / 16,25541

StartAnim : EyeBlink / 21,89742

1, 6,957087 / 23,21069

0, 0,0581301 / 23,26882

3, 0,029092 / 23,26882

4, 0,0723783 / 23,71213

5, 0,4736947 / 23,71213

2, 0,55893 / 24,26957

1, 4,611793 / 28,88073

2, 0,4419607 / 29,3234

StartAnim : OpenLegs / 29,96521

1, 1,528926 / 30,85388

2, 0,5566657 / 31,40736

2, 0,2013922 / 31,80703

5, 0,5435102 / 31,80703

StartAnim : touchCouchInvite / 38,99454

StartAnim : FaceSmile / 40,80987

1, 14,0109 / 45,80762

2, 0,4419546 / 46,26536

**********------------scene5------------**********

1, 6,09949 / 0,0258244

0, 0,2540396 / 0,279864

1, 0,0252498 / 0,279864

0, 0,1381374 / 0,4180014

1, 0,2454804 / 0,6340017

2, 0,1018009 / 0,7126199

4, 0,1627503 / 0,8581545

5, 0,683757 / 1,398854

1, 0,3168165 / 1,710786

0, 0,4560883 / 2,166874

1, 0,6909004 / 2,821357

0, 0,4169397 / 3,238297

1, 1,456469 / 4,664484

0, 0,0747963 / 4,73928

1, 0,0556312 / 4,763451

0, 0,045304 / 4,808755

1, 2,902873 / 7,682974

0, 1,112755 / 8,795731

1, 0,4458699 / 9,221804

StartAnim : ShortLook / 9,670766

0, 1,242749 / 10,46455

StartAnim : FaceSmile / 10,65415

1, 3,814756 / 14,26348

0, 1,71661 / 15,98009

StartAnim : OpenLegs / 20,15343

1, 5,103223 / 21,07064

0, 0,0591261 / 21,12977

3, 0,1701953 / 21,26296

5, 0,1701953 / 21,26296

0, 0,0462313 / 21,3092

5, 0,0824955 / 21,35781

0, 0,7071468 / 22,06496

StartAnim : TouchCouchInvite / 22,43837

StartAnim : LongLook / 22,96471

StartAnim : FaceSmile / 23,37683

1, 4,969041 / 27,02204

0, 0,203738 / 27,22577

3, 0,0725392 / 27,30174

5, 0,0457023 / 27,30174

0, 0,1382612 / 27,44

5, 0,0243321 / 27,44

3, 0,0759648 / 27,5168

0, 0,0787115 / 27,59551

3, 0,2820785 / 27,87823

5, 0,1855053 / 27,87823

0, 0,0503689 / 27,9286

3, 0,1751511 / 28,07822

5, 0,1751511 / 28,07822

StartAnim : PenisTouch / 31,75563

1, 3,787273 / 31,86682

2, 0,2830047 / 32,15643

4, 0,2267243 / 32,36719

5, 0,2592757 / 32,39622

StartAnim : ShortLook / 32,39622

0, 0,211384 / 32,60761

5, 0,2691583 / 32,86483

2, 0,0246935 / 32,88873

StartAnim : CloseEyes / 35,06545

StartAnim : OpenEyes / 37,8904

StartAnim : StartErect / 38,19371

1, 7,627683 / 40,50854

2, 0,0160369 / 40,53457

0, 0,0731313 / 40,6077

1, 0,0153301 / 40,6077

0, 0,075185 / 40,68288

1, 0,09895299 / 40,76329

0, 1,142868 / 41,90617

2, 0,1860737 / 42,0765

StartAnim : CloseEyes / 43,01988

StartAnim : OpenEyes / 44,55142

StartAnim : CloseEyes / 47,91917

1, 7,528074 / 49,60573

2, 0,2135623 / 49,81934

0, 0,0434003 / 49,86274

4, 0,0624789 / 49,90622

5, 0,0624789 / 49,90622

StartAnim : OpenEyes / 50,27847

0, 0,444601 / 50,35082

2, 0,1799048 / 50,49498

StartAnim : StopTouchPenis / 50,75092

StartAnim : TouchCouchInvite / 51,7198

1, 3,158447 / 53,66151

0, 0,1072683 / 53,76878

4, 0,0367883 / 53,76878

0, 0,0503073 / 53,81909

4, 0,0284459 / 53,81909

1, 0,0811857 / 53,89495

0, 0,0404875 / 53,93544

**********------------scene6------------**********

1, 0,5258856 / 0,0290402

0, 0,0875097 / 0,1165499

1, 0,4573925 / 0,5409057

0, 0,0567655 / 0,5976712

StartAnim : OpenLegs / 0,6863847

2, 0,9139276 / 1,486719

5, 0,0318855 / 1,516458

0, 0,2681539 / 1,784612

3, 0,0860731 / 1,845586

5, 0,0320571 / 1,874233

2, 0,3965967 / 2,274905

0, 0,4517474 / 2,726652

2, 0,6001929 / 3,298673

5, 0,7016222 / 3,630121

0, 1,255852 / 4,885974

1, 0,9680189 / 5,815341

0, 0,9606742 / 6,776014

2, 0,025817 / 6,776014

StartAnim : LongLook / 6,880219

StartAnim : StartTouchPenis / 6,880219

4, 0,3409837 / 7,08375

5, 0,3409837 / 7,08375

0, 0,6138582 / 7,697609

4, 0,9405177 / 8,601471

5, 0,9405177 / 8,601471

StartAnim : CloseEyes / 10,02708

StartAnim : OpenEyes / 11,95854

StartAnim : CloseEyes / 19,18429

1, 11,44465 / 20,05383

2, 0,5005746 / 20,55775

StartAnim : OpenEyes / 21,81322

1, 3,92781 / 24,48267

0, 0,0993915 / 24,58206

StartAnim : CloseEyes / 24,62886

2, 0,5565506 / 25,11707

StartAnim : FastPenisTouch / 26,82617

StartAnim : OpenEyes / 26,95583

StartAnim : CloseEyes / 28,58146

StartAnim : OpenEyes / 29,49441

1, 4,831457 / 29,9392

2, 0,0441469 / 29,98239

1, 0,0208279 / 30,00637

2, 0,1942838 / 30,18989

StartAnim : CloseEyes / 31,0271

StartAnim : OpenEyes / 32,77122

StartAnim : PenisEjac / 33,35722

1, 3,805477 / 33,99879

2, 0,2370961 / 34,23665

4, 0,0174018 / 34,25512

5, 0,0174018 / 34,25512

0, 0,5463936 / 34,80151

4, 0,1590318 / 34,93998

5, 0,1590318 / 34,93998

0, 0,0588401 / 34,99882

4, 0,1746106 / 35,13907

5, 0,1746106 / 35,13907

StartAnim : StopTouchPenis / 36,3814

1, 1,425302 / 36,55486

2, 0,0885843 / 36,65658

4, 0,1713902 / 36,82703

4, 0,0702348 / 36,91527

5, 0,3724272 / 37,02718

4, 0,1119132 / 37,05485

StartAnim : DeErect / 37,22747

0, 0,3759782 / 37,43084

4, 0,0741 / 37,47044

5, 0,0155849 / 37,49662

0, 0,5312162 / 38,02784

5, 0,7251303 / 38,73946

1, 2,171368 / 40,91316

0, 0,2036505 / 41,11681

**********------------Fin_Relaxation------------**********

