**********------------scene1------------**********

0, 0,1442116 / 0,1442116

1, 2,212331 / 2,341084

0, 0,1630572 / 2,504141

2, 0,2143034 / 2,670664

0, 0,5988255 / 3,26949

1, 3,656281 / 6,882626

0, 0,0549907 / 6,937617

5, 0,1876311 / 7,150095

2, 0,486884 / 7,395374

2, 0,0652551 / 7,495133

5, 0,1566843 / 7,800059

1, 1,405394 / 8,93886

0, 0,0589513 / 8,997811

2, 0,2567482 / 9,221669

0, 1,261621 / 10,48329

2, 0,0288654 / 10,48329

1, 0,4322465 / 10,91187

0, 0,4994674 / 11,41133

1, 0,930729 / 12,30934

2, 0,0274639 / 12,33912

0, 0,429452 / 12,76858

2, 0,0306114 / 12,76858

5, 1,025704 / 13,79754

2, 0,895731 / 13,8225

1, 1,111593 / 14,94063

2, 0,4881335 / 15,42372

0, 2,288825 / 17,71255

2, 0,1373969 / 17,96653

2, 0,1900821 / 18,23971

5, 0,5706716 / 18,23971

0, 0,309288 / 18,549

2, 0,0356165 / 18,549

1, 1,906665 / 20,45326

0, 0,2704967 / 20,72375

5, 0,4037403 / 21,36606

2, 0,8276924 / 21,50763

1, 0,6164492 / 22,13542

0, 0,6382118 / 22,77363

3, 0,0444745 / 22,77363

0, 0,0861003 / 22,85973

3, 0,1290578 / 22,94031

0, 0,2627206 / 23,20303

1, 0,434814 / 23,60509

3, 0,0561348 / 23,65131

0, 0,6063296 / 24,25764

5, 0,2571139 / 24,46722

0, 1,185615 / 25,65283

4, 0,029185 / 25,65283

5, 0,2609046 / 25,88281

2, 0,258334 / 26,09725

1, 2,517277 / 28,61117

0, 0,0720969 / 28,68327

3, 0,2140407 / 28,85566

0, 0,1182743 / 28,97393

3, 0,259256 / 29,20627

0, 0,2384384 / 29,44471

2, 0,2565176 / 29,65533

0, 0,2391981 / 29,89453

2, 0,2455004 / 30,083

0, 0,6113982 / 30,6944

5, 0,070362 / 30,72744

0, 0,2676733 / 30,99511

1, 1,552218 / 32,49843

2, 0,5980434 / 33,09512

5, 0,822242 / 33,92841

2, 0,0396748 / 34,03522

0, 0,1318311 / 34,16705

1, 0,700722 / 34,82279

0, 0,0629184 / 34,88571

2, 0,0327894 / 34,88571

0, 0,266044 / 35,15176

5, 0,2668477 / 35,38181

2, 0,7748739 / 36,16663

1, 1,156734 / 37,30696

0, 1,031882 / 38,33884

1, 0,4283868 / 38,72475

0, 0,5600007 / 39,28476

1, 0,6595953 / 39,92485

5, 0,3146603 / 40,26435

2, 0,3809301 / 40,29187

0, 0,7583356 / 41,05021

1, 2,186371 / 43,2123

0, 0,2299117 / 43,44221

1, 2,771107 / 46,19978

0, 4,136691 / 50,33647

5, 0,0427755 / 50,33647

4, 0,2298416 / 50,56932

0, 0,0689533 / 50,63827

3, 0,1686007 / 50,77059

5, 0,899075 / 51,66588

0, 0,0606629 / 51,72654

3, 0,1757446 / 51,88222

1, 1,169891 / 53,03728

2, 0,0537908 / 53,09474

2, 0,2424447 / 53,53519

5, 0,4979135 / 53,56841

3, 0,1612168 / 53,72654

0, 0,1146601 / 53,84119

3, 0,2490795 / 54,05257

0, 0,0583029 / 54,11087

4, 0,232267 / 54,3068

5, 1,014626 / 55,14937

3, 0,0238786 / 55,18259

0, 3,343517 / 58,52612

StartAnim : touchMagazine / 58,92741

1, 0,531008 / 59,02417

2, 0,0269376 / 59,06708

0, 0,1854807 / 59,25256

4, 0,1062025 / 59,30715

0, 0,261573 / 59,56873

4, 0,8053191 / 60,33817

0, 1,042614 / 61,38078

4, 0,1579568 / 61,49686

0, 0,1397944 / 61,63665

4, 0,3209454 / 61,92571

5, 0,0327924 / 61,95442

2, 0,0287066 / 62,00191

1, 1,23964 / 63,22104

2, 0,0612591 / 63,29826

5, 0,0342772 / 63,29826

0, 0,1679865 / 63,46624

4, 0,5281185 / 63,95496

4, 0,6391348 / 64,62291

5, 1,58337 / 65,18101

4, 0,1985886 / 65,39484

0, 1,688396 / 67,08324

5, 0,0298133 / 67,08324

2, 0,0298405 / 67,12843

1, 0,5113571 / 67,62183

**********------------scene2------------**********

0, 0,6407815 / 0,3529683

3, 0,08727761 / 0,3826895

0, 0,3832322 / 0,7659217

3, 0,2825664 / 1,008327

0, 0,3629459 / 1,371273

1, 0,4881555 / 1,839822

0, 0,3854022 / 2,225224

3, 0,3978768 / 2,578883

0, 1,684633 / 4,263515

3, 0,03291 / 4,263515

0, 0,6150678 / 4,878584

2, 0,0552428 / 4,907481

5, 0,7163545 / 5,564734

0, 0,0982361 / 5,66297

3, 0,0333378 / 5,66297

5, 0,066201 / 5,725709

0, 0,3251765 / 6,050886

3, 0,1973328 / 6,221853

0, 0,5729157 / 6,794769

1, 0,3765384 / 7,134549

0, 1,062108 / 8,196658

1, 0,527091 / 8,692456

0, 0,5461287 / 9,238585

1, 0,2842792 / 9,491717

0, 0,0605241 / 9,552241

3, 0,0336279 / 9,552241

0, 0,4756317 / 10,02787

3, 0,3689802 / 10,36399

0, 0,0573218 / 10,42131

1, 0,9501842 / 11,33868

0, 0,0691091 / 11,40779

3, 0,1433633 / 11,51036

0, 0,4013079 / 11,91167

5, 0,1718286 / 12,05463

2, 0,0324307 / 12,09432

1, 1,268796 / 13,35115

0, 0,4139915 / 13,76514

1, 1,442924 / 15,1791

0, 0,0589035 / 15,238

2, 0,355145 / 15,56291

5, 0,525637 / 15,95229

0, 0,057354 / 16,00965

6, 1,084545 / 17,06278

3, 0,3290213 / 17,39524

0, 0,2012171 / 17,59646

1, 1,349102 / 18,90853

0, 0,4260614 / 19,33459

1, 0,3136639 / 19,6206

0, 0,3758875 / 19,99648

1, 0,5892149 / 20,55349

0, 0,5693415 / 21,12283

1, 0,8857433 / 21,96829

0, 0,076637 / 22,04493

3, 0,672247 / 22,6807

0, 0,0717413 / 22,75245

5, 1,512805 / 24,24639

4, 0,052881 / 24,2898

0, 0,2930376 / 24,58283

3, 0,2047274 / 24,75591

0, 0,1293917 / 24,8853

3, 0,6686143 / 25,50727

0, 0,065497 / 25,57277

6, 0,5752655 / 26,1126

4, 0,1935203 / 26,31266

5, 0,3635902 / 26,66721

2, 0,3545543 / 26,71161

1, 1,739018 / 28,43756

0, 0,2859639 / 28,72352

3, 0,1587011 / 28,83674

0, 0,0634195 / 28,90016

5, 0,2910627 / 29,1619

4, 0,7077004 / 29,86441

6, 0,2568769 / 30,12217

0, 3,091003 / 33,21318

3, 0,0452999 / 33,21318

0, 0,0835881 / 33,29677

4, 0,2453334 / 33,49679

0, 0,0844731 / 33,58126

1, 1,103337 / 34,63877

0, 0,2245003 / 34,86328

1, 0,0680498 / 34,89044

0, 0,5179792 / 35,40841

2, 0,2013534 / 35,59398

5, 1,737398 / 37,32206

2, 0,0579228 / 37,37618

0, 0,061613 / 37,4378

5, 0,061613 / 37,46216

1, 0,269583 / 37,74057

0, 0,0669032 / 37,80747

3, 0,0389742 / 37,80747

0, 0,2469773 / 38,05444

3, 0,7822893 / 38,82339

StartAnim : shortLook / 38,82339

0, 0,0710437 / 38,89443

**********------------scene3------------**********

1, 2,38549 / 0,0295944

2, 0,1718169 / 0,2063333

0, 0,4231721 / 0,6295054

3, 0,0587627 / 0,656517

0, 0,1997331 / 0,8562501

3, 0,0881416 / 0,9127531

0, 0,2027164 / 1,115469

1, 0,342187 / 1,428204

2, 0,6320816 / 2,056754

0, 0,7426637 / 2,799418

4, 0,0280841 / 2,799418

5, 0,4272832 / 3,229892

2, 0,0313298 / 3,256608

1, 3,227826 / 6,48434

0, 0,5998656 / 7,084205

1, 0,626189 / 7,683712

0, 0,0603836 / 7,744095

3, 0,2587273 / 7,969941

0, 0,08680519 / 8,056746

1, 0,9461237 / 8,972638

0, 0,6564021 / 9,629039

1, 0,3425765 / 9,950861

2, 1,800971 / 11,74527

0, 0,2533533 / 11,99862

3, 0,201125 / 12,17603

0, 0,254048 / 12,43008

5, 0,2009216 / 12,6037

4, 0,6169612 / 13,01163

0, 0,0600134 / 13,07164

6, 0,1137501 / 13,15563

0, 0,4306054 / 13,58623

1, 3,028717 / 16,58613

0, 0,2568343 / 16,84297

1, 0,6006926 / 17,41144

0, 0,1484111 / 17,55985

1, 0,0280289 / 17,55985

0, 0,4249951 / 17,98484

2, 0,3438447 / 18,29744

0, 0,2569408 / 18,55438

3, 0,3074745 / 18,84207

0, 0,0860091 / 18,92808

1, 0,3684173 / 19,27122

2, 0,0549013 / 19,32882

5, 0,3738932 / 19,69733

2, 0,2831776 / 19,98762

1, 0,3423743 / 20,32701

0, 0,059676 / 20,38668

2, 0,0284012 / 20,38668

5, 1,442003 / 21,83109

4, 0,2343383 / 22,05433

0, 0,1999728 / 22,25431

6, 0,0315701 / 22,25431

0, 0,2906067 / 22,54491

3, 0,2321168 / 22,74142

0, 0,0606267 / 22,80205

1, 4,427221 / 27,19992

0, 0,2308243 / 27,43074

3, 0,6012591 / 28,00026

0, 0,3138473 / 28,31411

3, 0,2609047 / 28,54072

4, 0,1372844 / 28,60323

0, 0,1965666 / 28,79979

3, 0,0685398 / 28,85501

4, 0,2584072 / 29,03096

3, 0,8861295 / 29,85439

0, 0,4287543 / 30,28314

5, 0,1145046 / 30,42769

2, 0,369635 / 30,62833

1, 0,7426084 / 31,36765

0, 0,0601159 / 31,42777

2, 0,0312758 / 31,42777

3, 0,1696682 / 32,20073

5, 1,146937 / 32,568

2, 0,2523571 / 32,82803

StartAnim : armStretch / 32,82803

1, 0,3161417 / 33,14022

2, 0,8840056 / 34,02801

0, 0,2603158 / 34,28833

1, 0,5727032 / 34,82836

2, 0,3978068 / 35,22874

0, 0,3989003 / 35,62764

StartAnim : longLook / 37,08364

StartAnim : handSalute / 37,39774

1, 2,344514 / 37,9389

0, 0,0909516 / 38,02986

4, 1,060264 / 39,05287

2, 0,0224572 / 39,08397

StartAnim : faceSmile / 41,59645

1, 2,745594 / 41,82799

2, 0,8288634 / 42,65384

5, 0,4837899 / 43,14088

2, 0,0586046 / 43,20045

1, 2,688133 / 45,88433

0, 0,0548019 / 45,93913

2, 1,083453 / 46,99705

5, 0,4592978 / 47,45531

0, 0,2564139 / 47,71172

2, 0,0265237 / 47,71172

1, 2,884514 / 50,59831

2, 1,65988 / 52,25627

5, 0,3694226 / 52,62724

0, 0,0834246 / 52,71066

4, 0,157214 / 52,85484

0, 0,09180459 / 52,94664

4, 0,08426049 / 52,99725

1, 0,4001557 / 53,40519

0, 1,477294 / 54,88248

1, 0,4048206 / 55,25298

0, 1,113868 / 56,36685

1, 0,5679387 / 56,91304

2, 0,8604448 / 57,76633

0, 0,0599943 / 57,82632

StartAnim : LongLook / 58,39806

1, 4,747117 / 62,54262

2, 0,168808 / 62,71843

5, 0,1758071 / 62,74016

StartAnim : CaresseEntreCuisse / 62,85256

4, 0,7118355 / 63,45585

2, 0,7111799 / 64,19961

5, 0,7693342 / 64,23023

4, 0,8273318 / 65,05491

5, 0,1699216 / 65,22789

2, 0,0552177 / 65,28178

1, 0,3778082 / 65,65217

2, 0,0222598 / 65,68547

4, 0,7992575 / 66,481

2, 0,2240448 / 66,76733

5, 0,5454522 / 67,02682

2, 0,1161179 / 67,11423

5, 0,0315589 / 67,14015

4, 0,2879398 / 67,43005

0, 0,0582384 / 67,48829

2, 0,0233051 / 67,48829

4, 0,085811 / 67,5677

1, 0,3740384 / 67,9389

0, 0,0587178 / 67,99761

StartAnim : faceSmile / 68,37057

4, 1,486821 / 69,45132

5, 0,1413533 / 69,59722

0, 0,3708284 / 69,96806

5, 0,0243047 / 69,96806

2, 1,052164 / 70,99784

5, 0,2288505 / 70,99784

4, 0,6311767 / 71,62587

**********------------scene4------------**********

3, 0,4287614 / 0,0470693

1, 0,0470693 / 0,0765689

0, 0,171599 / 0,2481679

1, 0,1729161 / 0,3895673

5, 0,3407904 / 0,7888989

StartAnim : LongLook / 2,509294

5, 0,7429165 / 2,618617

2, 2,285322 / 2,68257

StartAnim : HandSalute / 2,818084

1, 0,6272711 / 3,288627

0, 0,0426902 / 3,331317

2, 0,022731 / 3,331317

4, 0,4773874 / 3,816275

5, 0,4773874 / 3,816275

2, 0,5175847 / 4,330232

0, 0,0508456 / 4,381077

StartAnim : SitCrossLegs / 4,707379

1, 0,7751606 / 5,132697

2, 0,0273054 / 5,160633

5, 0,1990161 / 5,347857

4, 0,2567249 / 5,416949

2, 0,4757493 / 5,774632

5, 0,3994069 / 6,174385

2, 0,311043 / 6,474402

1, 0,5581408 / 7,047184

0, 0,4155549 / 7,462738

1, 0,9754391 / 8,418188

2, 1,726095 / 10,13124

0, 0,9991363 / 11,13037

1, 1,842934 / 12,95107

0, 0,3996418 / 13,35071

StartAnim : LongLook / 14,28795

1, 3,069416 / 16,38929

2, 0,8565753 / 17,0625

4, 0,1726648 / 17,0625

5, 0,5254321 / 17,40458

2, 1,691975 / 19,10422

5, 0,4568494 / 19,34803

0, 0,3842744 / 19,7323

2, 0,0253266 / 19,7323

StartAnim : EyeBlink / 21,88929

1, 9,899591 / 29,61627

4, 0,2635666 / 29,91575

StartAnim : OpenLegs / 29,95902

2, 0,3673537 / 29,98892

1, 0,8593184 / 30,84486

2, 0,2551565 / 31,0902

5, 0,5712589 / 31,65877

2, 0,7827122 / 32,27574

2, 0,0256986 / 32,39564

4, 0,3004815 / 33,4613

5, 1,484794 / 33,4613

2, 0,9607653 / 34,41541

4, 0,626474 / 35,04583

5, 0,6727239 / 35,07518

2, 0,6571816 / 35,70444

4, 2,01348 / 38,23052

5, 3,143155 / 38,8439

StartAnim : touchCouchInvite / 38,99628

0, 0,2873166 / 39,13122

4, 0,1246019 / 39,22216

0, 0,192691 / 39,41484

4, 0,8415711 / 40,23434

0, 0,0590575 / 40,2934

2, 0,0266546 / 40,2934

4, 0,0608757 / 40,34549

StartAnim : FaceSmile / 40,78883

1, 2,666212 / 43,01447

2, 0,899647 / 43,91448

1, 0,0861802 / 44,00192

2, 0,1326289 / 44,1316

1, 2,443936 / 46,57416

5, 0,2573179 / 47,07339

2, 1,181882 / 47,75868

0, 0,0426947 / 47,80138

4, 0,7436902 / 48,52792

0, 0,8178515 / 49,34576

2, 0,6969176 / 50,0313

5, 0,8832764 / 50,50405

2, 1,041719 / 51,5469

**********------------scene5------------**********

1, 0,8133414 / 0,0261345

0, 0,1450535 / 0,171188

1, 0,1376555 / 0,286332

2, 0,3446001 / 0,6262555

4, 0,1700582 / 0,6572366

5, 0,7690305 / 1,399597

2, 0,543771 / 1,941687

1, 0,2555035 / 2,199055

0, 0,4279669 / 2,627022

1, 0,389304 / 2,983769

2, 0,4406895 / 3,425511

5, 0,6726235 / 3,940003

4, 0,2348492 / 4,14255

2, 0,2481648 / 4,182926

1, 1,063716 / 5,240591

0, 0,4281762 / 5,668766

1, 0,2161085 / 5,868037

0, 0,3888297 / 6,256866

1, 0,28464 / 6,513596

2, 0,6847659 / 7,185062

4, 0,1565585 / 7,342287

5, 0,1565585 / 7,342287

2, 0,0161427 / 7,379189

0, 0,5177327 / 7,896922

2, 0,915884 / 8,799928

StartAnim : ShortLook / 9,669499

1, 1,414365 / 10,22745

StartAnim : FaceSmile / 10,62505

0, 0,5566936 / 10,78414

1, 0,0306241 / 10,78414

0, 0,0845482 / 10,86869

1, 3,271063 / 14,11367

2, 0,8711917 / 14,98318

1, 1,029107 / 16,01104

2, 0,7711758 / 16,78318

4, 0,1132428 / 16,88721

5, 0,2265048 / 16,99748

2, 0,1546837 / 17,0675

0, 0,4043078 / 17,47182

2, 0,0439874 / 17,49734

0, 0,058981 / 17,55632

1, 0,0170136 / 17,55632

2, 0,0159475 / 17,58259

1, 0,3425065 / 17,92745

0, 0,8549941 / 18,78244

1, 0,6870132 / 19,44193

2, 0,3411017 / 19,76864

0, 0,1200781 / 19,88872

1, 0,1159771 / 19,98218

StartAnim : OpenLegs / 20,11878

2, 0,1612494 / 20,14005

0, 0,4294006 / 20,56945

3, 0,0164134 / 20,56945

2, 0,1571271 / 20,74006

5, 0,4321047 / 20,99787

0, 0,3273208 / 21,32519

3, 0,7283312 / 22,02457

StartAnim : TouchCouchInvite / 22,42454

StartAnim : LongLook / 22,95521

StartAnim : FaceSmile / 23,35561

3, 0,8431209 / 23,4674

5, 2,142216 / 23,48841

0, 0,2513228 / 23,73973

2, 0,0601319 / 23,78353

1, 0,9530903 / 24,72606

2, 0,0451435 / 24,78609

3, 0,0209305 / 25,18397

5, 0,4110591 / 25,18397

0, 0,0573326 / 25,2413

3, 0,1140976 / 25,31225

5, 0,1140976 / 25,31225

0, 0,5128499 / 25,8251

3, 0,1981196 / 25,99847

5, 0,1828445 / 25,99847

0, 0,0846926 / 26,08316

3, 0,2694167 / 26,32522

5, 0,7264656 / 26,78324

0, 0,6607494 / 27,44399

3, 0,1127362 / 27,5271

5, 1,114979 / 28,55509

0, 0,2006517 / 28,75574

5, 0,2551257 / 28,9826

0, 0,0422498 / 29,02485

5, 0,1017436 / 29,11357

0, 0,1139208 / 29,22749

4, 0,1608347 / 29,61031

4, 0,2173809 / 29,91156

5, 1,269235 / 30,48517

0, 0,1971022 / 30,68227

5, 0,5600776 / 31,22498

2, 0,0116659 / 31,24556

StartAnim : PenisTouch / 31,75503

StartAnim : ShortLook / 32,37066

0, 1,722615 / 32,96817

2, 0,084312 / 33,02528

0, 0,1733015 / 33,19859

2, 0,0219427 / 33,19859

0, 0,0579886 / 33,25658

1, 0,2418215 / 33,46769

2, 0,8517144 / 34,31229

0, 0,0426216 / 34,35491

StartAnim : CloseEyes / 35,04092

1, 1,373372 / 35,71072

0, 0,0478197 / 35,75854

5, 0,3297338 / 36,0675

0, 1,488161 / 37,55566

StartAnim : OpenEyes / 37,86677

5, 0,3975876 / 37,93841

0, 0,0612884 / 37,9997

StartAnim : StartErect / 38,16793

5, 0,2811616 / 38,272

0, 0,309248 / 38,58125

5, 0,0705935 / 38,64287

2, 0,3317173 / 38,93946

5, 0,2218917 / 39,1249

0, 0,4160869 / 39,54099

5, 0,0270174 / 39,54099

0, 0,0832901 / 39,62428

5, 0,0272227 / 39,62428

0, 0,0880767 / 39,71235

5, 0,0152017 / 39,71235

0, 0,142234 / 39,85458

5, 0,0159559 / 39,85458

0, 0,1279603 / 39,98254

5, 0,0144799 / 39,98254

0, 0,8150713 / 40,79761

4, 0,2000659 / 41,06861

4, 0,5428897 / 41,64279

5, 0,856374 / 41,64279

0, 0,0541677 / 41,69696

5, 0,027007 / 41,69696

0, 0,0563462 / 41,75331

2, 0,0313105 / 41,75331

4, 0,0689415 / 41,81484

5, 0,0689415 / 41,81484

2, 0,0176301 / 41,84557

1, 0,9096845 / 42,74102

2, 0,0164936 / 42,77146

4, 0,2121317 / 42,96923

5, 0,2121317 / 42,96923

StartAnim : CloseEyes / 42,99787

0, 0,0552878 / 43,02452

5, 0,0552878 / 43,04349

0, 0,087161 / 43,13065

5, 0,0726449 / 43,16811

0, 0,6718851 / 43,83999

5, 0,4428813 / 44,2656

2, 0,0252751 / 44,28704

StartAnim : OpenEyes / 44,5408

1, 0,459632 / 44,75502

0, 0,0441476 / 44,79916

5, 0,1023655 / 44,88412

0, 0,0547386 / 44,93887

4, 0,2334803 / 46,4951

5, 1,588103 / 46,4951

0, 0,129555 / 46,62466

4, 0,4824398 / 47,15857

5, 0,5430056 / 47,15857

2, 0,0328812 / 47,18612

0, 0,0382267 / 47,22434

StartAnim : CloseEyes / 47,91624

1, 1,281209 / 48,48476

2, 0,0174491 / 48,51263

0, 0,0409297 / 48,55356

4, 0,2001654 / 48,75564

5, 0,2697432 / 48,80117

0, 0,3379825 / 49,13916

4, 0,2193193 / 49,39754

5, 0,2702148 / 49,39754

0, 0,5151212 / 49,91266

StartAnim : OpenEyes / 50,26738

1, 0,7853479 / 50,68507

2, 0,0182376 / 50,7106

StartAnim : StopTouchPenis / 50,74141

4, 0,0601056 / 51,30833

5, 0,757651 / 51,46663

0, 0,0428142 / 51,50944

4, 0,1138379 / 51,59967

0, 0,1100646 / 51,70973

StartAnim : TouchCouchInvite / 51,70973

5, 0,1975598 / 52,16846

2, 0,7720267 / 52,46692

5, 0,7162857 / 53,18051

2, 0,0244821 / 53,20211

5, 0,0215983 / 53,22427

0, 0,172739 / 53,39701

2, 0,0152669 / 53,39701

5, 0,0152669 / 53,39701

0, 0,3310557 / 53,72806

1, 0,3954181 / 54,11159

0, 0,0440201 / 54,15561

5, 0,0716113 / 54,21209

**********------------scene6------------**********

0, 0,236761 / 0,0518464

2, 0,3118162 / 0,3339845

StartAnim : OpenLegs / 0,6911323

5, 0,4985887 / 0,7358616

2, 0,2425456 / 0,9396878

5, 1,026695 / 1,963101

2, 0,541428 / 2,477099

0, 0,3407476 / 2,817847

2, 0,7851917 / 3,563382

0, 0,1884833 / 3,751865

1, 0,3818841 / 4,107734

0, 0,0426876 / 4,150422

5, 1,155827 / 5,277644

0, 0,1707724 / 5,448416

5, 0,0708798 / 5,505793

0, 0,4147248 / 5,920518

4, 0,238181 / 6,447784

StartAnim : LongLook / 6,836084

StartAnim : StartTouchPenis / 6,889997

4, 1,126285 / 7,618058

5, 1,740487 / 7,640203

2, 0,0221459 / 7,745259

1, 0,4094093 / 8,077092

2, 0,0274791 / 8,110112

4, 1,141196 / 9,236642

4, 0,3064826 / 9,776194

5, 1,699098 / 9,805017

2, 0,0447729 / 9,834812

0, 0,0459081 / 9,88072

4, 0,1030535 / 9,963593

5, 0,1030535 / 9,963593

2, 0,0257273 / 10,01388

StartAnim : CloseEyes / 10,01388

1, 0,785499 / 10,77717

0, 0,0609047 / 10,83807

StartAnim : OpenEyes / 11,94919

4, 1,300318 / 12,10638

5, 1,329217 / 12,13583

2, 0,9726248 / 13,11047

0, 0,0519688 / 13,16244

2, 0,3075405 / 13,43565

4, 1,999533 / 15,43743

5, 2,026821 / 15,43743

0, 0,0665837 / 15,50401

2, 0,0665837 / 15,53281

4, 0,0583958 / 15,59807

5, 0,0583958 / 15,59807

1, 0,2733503 / 15,86434

2, 0,9424941 / 16,80646

4, 1,015947 / 17,82284

5, 1,015947 / 17,82284

2, 0,0286425 / 17,87757

1, 1,169251 / 19,01805

0, 0,0582725 / 19,07632

StartAnim : CloseEyes / 19,18366

4, 0,2159982 / 19,26178

5, 0,2159982 / 19,26178

2, 0,0277363 / 19,30953

1, 0,7171806 / 20,00546

2, 0,0264968 / 20,03492

4, 1,743486 / 21,77518

5, 1,743486 / 21,77518

StartAnim : OpenEyes / 21,82192

2, 1,384622 / 23,14881

1, 0,9585431 / 24,12313

2, 0,0310179 / 24,16021

StartAnim : CloseEyes / 24,61852

4, 0,9388925 / 25,07736

5, 0,9542273 / 25,11131

3, 0,1582917 / 25,2618

StartAnim : FastPenisTouch / 26,80278

StartAnim : OpenEyes / 26,93392

4, 2,611988 / 27,87505

5, 2,611988 / 27,87505

2, 0,0274152 / 27,90418

StartAnim : CloseEyes / 28,57414

StartAnim : OpenEyes / 29,47792

1, 1,620614 / 29,51941

0, 0,0568273 / 29,57624

4, 1,142114 / 30,67797

5, 1,142114 / 30,67797

2, 0,0164444 / 30,70632

StartAnim : CloseEyes / 31,01745

1, 1,07014 / 31,77401

0, 0,0439851 / 31,818

2, 0,024441 / 31,818

4, 0,3217018 / 32,14653

5, 0,3217018 / 32,14653

0, 0,0474243 / 32,19395

5, 0,0474243 / 32,21706

0, 0,0612334 / 32,27829

4, 0,0384524 / 32,30478

5, 0,0384524 / 32,30478

0, 0,0478381 / 32,35262

4, 0,0250869 / 32,35262

5, 0,0250869 / 32,35262

0, 0,0520109 / 32,40462

4, 0,2812322 / 32,65956

5, 0,2812322 / 32,65956

2, 0,0257144 / 32,68908

0, 0,0609966 / 32,75008

StartAnim : OpenEyes / 32,75008

4, 0,035716 / 32,78229

5, 0,035716 / 32,78229

2, 0,0646311 / 32,83527

StartAnim : PenisEjac / 33,34836

1, 0,9597458 / 33,79106

3, 0,0166092 / 33,81834

4, 2,340173 / 36,14663

StartAnim : StopTouchPenis / 36,37586

4, 0,1421033 / 36,63821

5, 2,871015 / 36,71006

0, 0,1222957 / 36,83236

3, 0,026162 / 36,83236

5, 0,015104 / 36,87779

0, 0,1542606 / 37,03205

StartAnim : DeErect / 37,21717

5, 0,4405587 / 37,44892

2, 0,0460933 / 37,48981

1, 0,6723667 / 38,17365

2, 0,0233332 / 38,19613

0, 0,0400962 / 38,23622

5, 1,994755 / 40,21654

0, 0,0428248 / 40,25936

5, 1,201283 / 41,43257

**********------------Fin_Relaxation------------**********

