**********------------scene1------------**********

0, 0,5448033 / 0,5448033

3, 0,0294778 / 0,5448033

0, 1,333507 / 1,878311

2, 0,0304216 / 1,878311

1, 0,2981094 / 2,166113

0, 2,145588 / 4,311701

1, 0,3404937 / 4,607619

0, 0,1117437 / 4,719363

1, 0,0310918 / 4,719363

0, 0,0822752 / 4,801638

1, 0,4282846 / 5,18913

2, 0,0414831 / 5,221108

0, 0,8241883 / 6,045296

2, 0,0294375 / 6,045296

1, 0,2607165 / 6,320831

0, 1,412977 / 7,733808

1, 2,259264 / 9,945564

0, 0,0701289 / 10,01569

3, 0,557076 / 10,54382

4, 0,3862371 / 10,91724

5, 0,3450573 / 10,91724

2, 0,0283668 / 10,95539

1, 1,134054 / 12,08959

2, 0,8679021 / 12,96069

0, 0,2881607 / 13,24885

3, 0,3478435 / 13,56543

0, 0,701355 / 14,26679

1, 1,838487 / 16,0598

0, 2,699049 / 18,75885

3, 0,1844125 / 18,90085

2, 0,0264132 / 18,93299

1, 0,9350708 / 19,87302

2, 0,5957534 / 20,45558

4, 0,9663737 / 21,84356

5, 1,43845 / 21,88136

0, 1,991672 / 23,87303

7, 0,2082471 / 24,04392

0, 0,0571174 / 24,10103

4, 0,0324101 / 24,10103

2, 0,0247073 / 24,13666

5, 0,0356264 / 24,17048

7, 0,0338183 / 24,20702

0, 0,1517098 / 24,35873

6, 1,145318 / 25,47356

0, 0,0950141 / 25,56857

2, 0,2010571 / 25,73451

1, 2,574264 / 28,2985

0, 1,334636 / 29,63314

3, 0,0761348 / 29,67211

0, 0,2553987 / 29,92752

3, 0,066985 / 29,96895

4, 0,2832012 / 30,17729

0, 0,2279445 / 30,40523

3, 0,4613608 / 30,83067

0, 0,7264549 / 31,55712

6, 1,259447 / 32,78724

0, 0,0571228 / 32,84436

6, 0,0849126 / 32,89793

1, 2,315213 / 35,22868

2, 0,0413324 / 35,26846

5, 0,0397764 / 35,30287

4, 0,2607805 / 35,53016

0, 1,761305 / 37,29147

1, 1,332952 / 38,589

0, 1,24045 / 39,82945

1, 0,8445518 / 40,64584

0, 0,09462349 / 40,74046

4, 0,1951121 / 40,90086

0, 0,4135901 / 41,31445

2, 0,0326315 / 41,31445

1, 1,315428 / 42,63071

0, 0,09422269 / 42,72493

3, 0,6807781 / 43,37043

4, 0,0302586 / 43,39919

5, 0,1904199 / 43,58427

0, 0,973021 / 44,55729

2, 0,1889929 / 44,7282

0, 0,1033698 / 44,83157

1, 0,2815794 / 45,07251

0, 2,526028 / 47,59854

1, 0,2123038 / 47,78862

0, 0,9085645 / 48,69718

1, 1,839815 / 50,51412

0, 0,0574418 / 50,57156

2, 0,4298972 / 50,97121

0, 4,683582 / 55,65476

3, 0,4183775 / 56,05446

0, 0,059694 / 56,11415

6, 1,42987 / 57,51637

0, 0,7822078 / 58,29858

2, 0,0279991 / 58,29858

0, 0,1304805 / 58,42906

StartAnim : touchMagazine / 58,91566

1, 3,356454 / 61,75872

0, 0,2859381 / 62,04465

2, 1,440893 / 63,42855

4, 0,3273036 / 64,1805

5, 0,7537127 / 64,1805

0, 0,0611223 / 64,24162

2, 0,034726 / 64,24162

1, 0,7144757 / 64,97166

0, 0,1028245 / 65,07448

3, 0,3779675 / 65,41116

0, 1,643457 / 67,0546

6, 0,5941114 / 67,62647

0, 0,0623755 / 67,68885

3, 0,1320549 / 67,7999

**********------------scene2------------**********

0, 0,1421392 / 0,0556966

3, 0,2180567 / 0,2396039

0, 1,283588 / 1,523191

3, 0,0305932 / 1,523191

0, 0,14393 / 1,667121

3, 0,5431329 / 2,182822

0, 0,172386 / 2,355208

2, 0,0259205 / 2,355208

1, 0,5834333 / 2,937831

0, 0,4157493 / 3,353581

2, 0,4397241 / 3,755729

0, 9,655753 / 13,41148

1, 0,2318027 / 13,61349

0, 1,422444 / 15,03593

3, 0,0271277 / 15,03593

0, 2,579743 / 17,61567

1, 0,1451479 / 17,72534

0, 0,5136558 / 18,239

1, 1,06948 / 19,27928

0, 2,502536 / 21,78181

3, 0,0311249 / 21,78181

0, 8,187511 / 29,96935

3, 0,0605535 / 30,00217

0, 3,190499 / 33,19267

3, 0,0853214 / 33,25324

0, 5,066411 / 38,31966

StartAnim : shortLook / 38,85327

3, 0,7896786 / 39,09465

0, 0,0901735 / 39,18483

2, 0,0339029 / 39,18483

**********------------scene3------------**********

1, 2,080149 / 0,0301119

0, 1,115641 / 1,145753

3, 0,8450423 / 1,957327

0, 0,5142351 / 2,471562

1, 4,983835 / 7,42906

0, 0,3155001 / 7,74456

3, 0,6862222 / 8,400722

0, 0,0932736 / 8,493996

1, 0,9151577 / 9,372107

0, 0,0657742 / 9,437881

3, 1,056287 / 10,45895

0, 0,057964 / 10,51691

4, 0,686992 / 11,17514

0, 0,6419802 / 11,81712

3, 0,0595167 / 11,84263

0, 0,4011922 / 12,24382

5, 0,0306434 / 12,24382

4, 0,0246143 / 12,27398

6, 0,0644504 / 12,32903

0, 0,1763965 / 12,50543

4, 0,0281541 / 12,50543

0, 0,0820798 / 12,58751

4, 0,08820531 / 12,64468

6, 0,1718523 / 12,8213

0, 0,3076785 / 13,12897

4, 0,1137632 / 13,21764

5, 0,3467234 / 13,52856

0, 0,0581597 / 13,58672

3, 0,0286164 / 13,58672

0, 0,5434993 / 14,13022

1, 1,600444 / 15,70662

0, 3,522686 / 19,22931

1, 0,1460631 / 19,34366

0, 0,0872586 / 19,43092

1, 2,388888 / 21,79203

0, 0,0527105 / 21,84474

1, 0,9959329 / 22,81651

0, 0,3181315 / 23,13464

1, 5,341419 / 28,44236

0, 0,0840649 / 28,52642

4, 0,4860244 / 28,98498

3, 0,6604215 / 29,30284

0, 0,6815217 / 29,98436

3, 0,5152187 / 30,47007

0, 0,0665438 / 30,53662

1, 0,9589422 / 31,46074

0, 0,4513241 / 31,91207

1, 0,0833434 / 31,97099

2, 0,025609 / 32,00055

0, 0,0622407 / 32,06279

3, 0,4286133 / 32,46224

StartAnim : armStretch / 32,82899

5, 0,88326 / 33,06097

2, 0,5407583 / 33,59752

0, 0,2320248 / 33,82954

1, 1,160468 / 34,95672

0, 0,7730686 / 35,72979

3, 0,0318886 / 35,72979

0, 0,5555294 / 36,28532

3, 0,0359843 / 36,28532

0, 0,1738852 / 36,4592

StartAnim : longLook / 37,11482

StartAnim : handSalute / 37,3979

1, 2,370264 / 38,79952

0, 0,1152438 / 38,91477

4, 0,1091722 / 38,99879

2, 0,0293711 / 39,02861

0, 1,601488 / 40,63011

StartAnim : faceSmile / 41,59832

1, 8,016538 / 48,61603

0, 0,0573517 / 48,67338

1, 0,08817551 / 48,72746

0, 3,041101 / 51,76858

1, 0,6574864 / 52,3997

2, 0,5430097 / 52,94262

0, 0,0608455 / 53,00346

2, 0,0608455 / 53,02694

0, 0,0851079 / 53,11205

4, 0,0840434 / 53,17122

0, 0,3732809 / 53,5445

4, 0,024797 / 53,5445

0, 3,768908 / 57,31341

3, 1,070649 / 58,35826

0, 0,0553565 / 58,41362

2, 0,0307147 / 58,41362

StartAnim : LongLook / 58,41362

1, 1,583926 / 59,99804

0, 0,1463762 / 60,14441

4, 0,4013894 / 60,51219

0, 0,3705189 / 60,88271

6, 0,0221266 / 60,88271

0, 0,3157064 / 61,19842

6, 0,7324355 / 61,91162

0, 0,0884012 / 62,00002

2, 0,1390285 / 62,1132

0, 0,2007252 / 62,31393

StartAnim : CaresseEntreCuisse / 62,85549

1, 4,203997 / 66,5016

0, 0,0587431 / 66,56035

StartAnim : faceSmile / 68,4126

1, 4,496819 / 71,03077

0, 0,051405 / 71,08218

**********------------scene4------------**********

1, 0,9976319 / 0,0397494

StartAnim : LongLook / 2,517247

0, 2,677583 / 2,717333

StartAnim : HandSalute / 2,800912

2, 0,2273255 / 2,916108

4, 0,0702694 / 4,21126

5, 1,301681 / 4,21126

2, 0,0260207 / 4,244133

1, 1,014249 / 5,252639

2, 0,0725426 / 5,328339

4, 0,4429561 / 5,765817

5, 0,9806479 / 6,284044

0, 0,0583749 / 6,34242

7, 0,412483 / 6,715617

0, 0,0846674 / 6,800284

2, 0,026261 / 6,800284

1, 1,330394 / 8,12516

2, 2,443749 / 10,54519

0, 1,060121 / 11,60531

3, 0,0171135 / 11,60531

3, 0,2306376 / 11,90572

5, 0,3363191 / 11,92756

2, 1,578794 / 13,50969

StartAnim : LongLook / 14,28651

1, 2,769433 / 15,29777

0, 2,771241 / 18,06902

4, 0,0335019 / 18,409

5, 0,3609777 / 18,409

2, 3,396831 / 21,81133

3, 0,0267005 / 21,8412

StartAnim : EyeBlink / 21,89592

7, 0,3996497 / 22,23762

0, 0,9157592 / 23,15338

7, 0,020248 / 23,15338

0, 0,7167884 / 23,87016

1, 0,090434 / 23,96828

2, 0,2990458 / 24,1445

1, 1,34738 / 25,49604

2, 1,083884 / 26,5814

StartAnim : OpenLegs / 29,95469

4, 3,983278 / 30,52444

5, 3,940873 / 30,52444

2, 0,2278627 / 30,74072

1, 0,4681841 / 31,16812

2, 0,0437756 / 31,21246

5, 1,456759 / 32,66608

StartAnim : touchCouchInvite / 38,98209

0, 6,628734 / 39,2948

5, 0,0428982 / 39,31284

StartAnim : FaceSmile / 40,78104

0, 3,315768 / 42,62862

5, 0,5264896 / 43,12385

2, 0,4182354 / 43,53997

1, 0,4687554 / 44,00858

2, 0,0268392 / 44,03137

0, 1,977486 / 46,00887

2, 0,2455249 / 46,23756

1, 0,9888314 / 47,23019

2, 1,807579 / 49,02449

2, 0,0967162 / 49,43378

2, 0,0592147 / 49,50764

5, 2,38644 / 51,40945

2, 1,857384 / 51,46903

**********------------scene5------------**********

1, 0,8997125 / 0,0299033

0, 1,057752 / 1,087656

2, 0,1441354 / 1,2066

4, 0,0281243 / 2,085342

5, 0,8846641 / 2,085342

2, 0,0597171 / 2,14713

2, 0,0846213 / 2,266751

1, 1,168314 / 3,318568

0, 0,0554725 / 3,37404

2, 0,28362 / 3,633252

4, 0,1712488 / 3,66374

5, 0,0579975 / 3,66374

2, 0,6538498 / 4,319913

5, 1,112819 / 5,414437

0, 0,214917 / 5,629354

7, 0,7559024 / 6,374274

0, 0,1090982 / 6,483373

2, 0,6002972 / 7,060307

1, 2,169365 / 9,220735

StartAnim : ShortLook / 9,685644

2, 0,670974 / 9,885939

StartAnim : FaceSmile / 10,64413

1, 1,145514 / 11,04265

2, 0,4303643 / 11,43223

2, 0,0281917 / 11,77145

1, 0,3693457 / 11,79391

2, 0,022462 / 11,81561

1, 0,0217036 / 11,84232

2, 0,1457277 / 11,99174

0, 0,0523661 / 12,0441

2, 0,079562 / 12,08355

0, 0,043891 / 12,12744

2, 0,1588564 / 12,25912

0, 0,0424969 / 12,30161

2, 0,1458735 / 12,43005

0, 0,0552129 / 12,48526

2, 0,2129842 / 12,66128

0, 0,0575646 / 12,71884

2, 1,131613 / 13,82286

1, 0,7109747 / 14,53315

2, 0,8469034 / 15,3274

1, 4,087665 / 18,96949

0, 0,0461219 / 19,01562

1, 0,1159612 / 19,1007

0, 0,0988072 / 19,19951

1, 0,1414514 / 19,30772

0, 0,1080283 / 19,41575

2, 0,0387871 / 19,44263

0, 0,08327699 / 19,52591

1, 0,2325353 / 19,728

2, 0,0881881 / 19,8137

1, 0,1953618 / 20,02164

StartAnim : OpenLegs / 20,14598

2, 0,5402948 / 20,54454

0, 0,0558946 / 20,60043

StartAnim : TouchCouchInvite / 22,44837

5, 2,303366 / 22,90263

StartAnim : LongLook / 22,98995

0, 0,3423594 / 23,24499

2, 0,052496 / 23,27473

1, 0,1156725 / 23,39157

StartAnim : FaceSmile / 23,39157

0, 0,06643219 / 23,458

1, 1,866182 / 25,27093

0, 0,1178392 / 25,38877

2, 0,0322551 / 25,41708

1, 0,5815691 / 25,98477

2, 0,0337582 / 26,02676

3, 0,0226621 / 26,04786

5, 2,255324 / 28,28431

0, 0,5560907 / 28,84039

4, 0,2473644 / 30,08341

5, 1,262262 / 30,08341

2, 0,0505013 / 30,12612

1, 0,4305368 / 30,55755

2, 0,0412716 / 30,59961

4, 0,688008 / 31,3007

5, 0,688008 / 31,3007

0, 0,1822576 / 31,48296

StartAnim : PenisTouch / 31,75628

StartAnim : ShortLook / 32,38442

4, 1,215012 / 34,83876

StartAnim : CloseEyes / 35,07489

4, 2,143053 / 37,44275

5, 5,985717 / 37,44275

2, 0,1707959 / 37,62093

StartAnim : OpenEyes / 37,88263

StartAnim : StartErect / 38,18405

1, 0,7573698 / 38,37004

2, 0,07274801 / 38,43169

5, 0,047519 / 38,48347

0, 0,3554736 / 38,83895

4, 0,4182167 / 40,32509

5, 2,095402 / 40,89973

0, 0,0453925 / 40,94512

5, 0,1838339 / 41,09969

0, 0,5168273 / 41,61653

StartAnim : CloseEyes / 43,02873

4, 0,2494798 / 43,44056

5, 1,914878 / 43,50021

0, 0,284506 / 43,78472

StartAnim : OpenEyes / 44,57143

5, 1,275946 / 45,05793

0, 0,2863869 / 45,34433

4, 0,7002013 / 46,52479

5, 1,356486 / 46,68471

0, 0,252041 / 46,93675

3, 0,0278249 / 46,93675

StartAnim : CloseEyes / 47,92455

4, 0,490439 / 47,96862

5, 1,035384 / 47,96862

2, 0,0206563 / 47,99821

0, 0,05853 / 48,05674

1, 1,030601 / 49,05818

4, 0,0293564 / 49,0833

5, 0,0293564 / 49,0833

1, 0,025122 / 49,11279

0, 0,6729356 / 49,78573

StartAnim : OpenEyes / 50,28138

StartAnim : StopTouchPenis / 50,77175

4, 0,0601392 / 51,08156

StartAnim : TouchCouchInvite / 51,72628

2, 0,5306 / 52,25994

5, 3,056553 / 52,82451

0, 0,7433124 / 53,56782

5, 0,4012116 / 53,9419

0, 0,3572117 / 54,29911

**********------------scene6------------**********

5, 0,1682814 / 0,0319388

0, 0,0813051 / 0,1132439

2, 0,1975033 / 0,2812412

0, 0,0643282 / 0,3455694

StartAnim : OpenLegs / 0,6997423

5, 0,8195666 / 1,123885

2, 0,3102911 / 1,439616

1, 0,5125316 / 1,952382

2, 0,0896301 / 2,049514

5, 1,182376 / 3,199084

0, 0,4258908 / 3,624975

4, 0,4007703 / 5,630451

5, 2,01548 / 5,630451

2, 0,0616863 / 5,681594

1, 0,894977 / 6,582795

2, 0,0504261 / 6,634201

5, 0,1479303 / 6,783559

StartAnim : LongLook / 6,851322

StartAnim : StartTouchPenis / 6,873889

StartAnim : CloseEyes / 10,02748

4, 3,444199 / 10,15362

5, 3,279725 / 10,17651

2, 0,077752 / 10,22679

StartAnim : OpenEyes / 11,93997

1, 2,680802 / 12,91014

2, 0,09239019 / 12,99597

4, 0,558337 / 13,80972

5, 0,8077957 / 13,80972

2, 0,025221 / 13,83905

0, 0,3718509 / 14,2109

3, 0,0316297 / 14,2109

0, 0,0633886 / 14,27429

4, 0,2059047 / 14,43826

5, 0,2059047 / 14,43826

0, 0,7703292 / 15,20859

4, 0,1426959 / 15,34007

0, 0,2281259 / 15,5682

4, 3,229235 / 18,78577

5, 3,229235 / 18,78577

2, 0,2005839 / 18,98765

StartAnim : CloseEyes / 19,18086

1, 2,670369 / 21,65123

StartAnim : OpenEyes / 21,80984

2, 2,00262 / 23,65295

0, 0,0419093 / 23,69486

2, 0,0249437 / 23,69486

0, 0,1801093 / 23,87497

5, 0,1273537 / 23,96657

4, 0,3017491 / 24,13962

StartAnim : CloseEyes / 24,60791

0, 0,9544153 / 25,09404

3, 0,020095 / 25,09404

StartAnim : FastPenisTouch / 26,80754

StartAnim : OpenEyes / 26,94056

4, 1,846521 / 26,96875

5, 1,869471 / 26,96875

0, 0,1703845 / 27,13914

4, 1,447991 / 28,56634

5, 1,213986 / 28,58735

StartAnim : CloseEyes / 28,58735

2, 0,03464 / 28,62187

StartAnim : OpenEyes / 29,49338

1, 1,064441 / 29,66701

0, 0,071584 / 29,73859

1, 0,08848131 / 29,81161

StartAnim : CloseEyes / 31,01019

4, 1,363746 / 31,32573

StartAnim : OpenEyes / 32,7414

StartAnim : PenisEjac / 33,35139

4, 2,183583 / 33,7672

5, 3,983341 / 33,7943

0, 0,4150461 / 34,20935

4, 0,5843811 / 34,76715

5, 0,4524063 / 34,76715

2, 0,01573 / 34,79668

StartAnim : StopTouchPenis / 36,39352

1, 1,943558 / 36,73893

0, 0,061868 / 36,8008

2, 0,0283614 / 36,8008

StartAnim : DeErect / 37,20664

5, 0,8612702 / 37,65082

2, 0,5335605 / 38,16607

5, 1,379897 / 39,5118

2, 0,0193657 / 39,54072

5, 0,2403575 / 39,77087

0, 0,3406294 / 40,1115

2, 0,0445851 / 40,13779

5, 0,0262903 / 40,1624

2, 0,112268 / 40,26731

5, 0,224457 / 40,4808

2, 0,356495 / 40,82754

**********------------Fin_Relaxation------------**********

