**********------------scene1------------**********

0, 0,5848805 / 0,5848805

3, 0,1421969 / 0,7024179

0, 0,1668025 / 0,8692204

3, 0,0353816 / 0,8692204

0, 0,4269206 / 1,296141

3, 0,4507017 / 1,711586

0, 0,0607754 / 1,772362

1, 0,7745138 / 2,521132

0, 0,0612534 / 2,582385

2, 0,3477657 / 2,903002

0, 0,0669185 / 2,96992

3, 0,1935229 / 3,136858

0, 0,1150481 / 3,251906

3, 0,1426856 / 4,12594

1, 4,337592 / 7,573324

0, 0,3156088 / 7,888932

3, 0,3752828 / 8,214696

0, 0,0740721 / 8,288768

1, 1,081563 / 9,337976

0, 0,3846712 / 9,722646

4, 0,3026936 / 9,988371

4, 0,0361408 / 10,08971

5, 0,4743997 / 10,3566

0, 0,0559126 / 10,41251

3, 0,1959606 / 10,58029

0, 0,1057364 / 10,68603

1, 1,16496 / 11,81215

2, 0,6513443 / 12,47573

1, 0,5820678 / 13,05631

0, 0,4417875 / 13,4981

2, 0,0343634 / 13,4981

0, 0,6617445 / 14,15984

1, 0,9665871 / 15,1073

0, 0,0666439 / 15,17394

2, 0,0355895 / 15,17394

5, 0,0310544 / 15,22034

0, 0,4557952 / 15,67613

4, 0,3645463 / 16,0429

5, 0,1308735 / 16,0429

0, 0,0651731 / 16,10807

1, 3,451489 / 19,54275

0, 0,4745159 / 20,01726

1, 0,4659561 / 20,45402

0, 0,1557838 / 20,6098

1, 0,1706132 / 20,74337

2, 0,0339287 / 20,81025

3, 0,2994747 / 21,07777

2, 0,0349214 / 21,10849

0, 0,1359128 / 21,24441

5, 0,5643386 / 21,7722

4, 0,7245995 / 21,99299

0, 0,0666945 / 22,05968

2, 0,1564119 / 22,17745

0, 0,2438051 / 22,42126

3, 0,3933627 / 22,79771

2, 0,0358784 / 22,8293

0, 0,1309385 / 22,96024

1, 2,247032 / 25,13754

0, 0,2835944 / 25,42113

1, 2,467331 / 27,84459

0, 0,5842008 / 28,42879

1, 0,2665008 / 28,65432

0, 0,0816467 / 28,73596

3, 0,7720963 / 29,51509

0, 0,3446676 / 29,85976

3, 0,1377804 / 29,99819

4, 0,3821557 / 30,21343

0, 0,1180567 / 30,33149

3, 0,1431633 / 30,44923

0, 0,5801336 / 31,02936

1, 1,089904 / 32,08279

0, 0,6824667 / 32,76525

1, 0,5552725 / 33,28242

0, 0,689068 / 33,97149

1, 0,4473586 / 34,39925

2, 1,119301 / 35,50877

1, 2,035364 / 37,54918

0, 0,0645063 / 37,61369

3, 0,2850727 / 37,85714

0, 0,0753556 / 37,9325

5, 0,6254943 / 38,5173

4, 0,9523561 / 38,84901

2, 0,9569235 / 39,80098

1, 0,8074603 / 40,60877

4, 0,6767983 / 41,2836

0, 0,2005638 / 41,48415

1, 1,00498 / 42,45238

0, 0,056777 / 42,50916

2, 0,056777 / 42,5508

4, 0,5842102 / 43,16781

5, 0,6258571 / 43,16781

0, 0,0831177 / 43,25093

6, 0,1860212 / 43,40167

0, 0,0840493 / 43,48572

4, 0,6897158 / 44,12265

5, 0,4861216 / 44,14943

2, 0,0267764 / 44,17767

1, 0,8195991 / 45,00244

0, 0,2333501 / 45,23579

4, 0,6592534 / 45,838

5, 0,512319 / 45,838

2, 0,0293104 / 45,88628

1, 0,6004833 / 46,46901

0, 0,5836738 / 47,05269

6, 0,9676865 / 47,98598

7, 0,6497979 / 48,63876

1, 2,121015 / 50,77852

0, 0,0768138 / 50,85534

4, 0,0348431 / 50,85534

0, 0,3000693 / 51,1554

7, 0,8312632 / 51,90435

0, 0,3347135 / 52,23906

6, 0,0670827 / 52,27103

3, 0,0319733 / 52,30565

1, 0,7681459 / 53,07137

0, 0,3822034 / 53,45357

1, 0,0984527 / 53,52169

0, 3,417506 / 56,93918

1, 0,0642239 / 56,98008

0, 0,1186681 / 57,09874

1, 0,3332542 / 57,4116

StartAnim : touchMagazine / 58,92452

0, 3,554548 / 60,96613

1, 0,0257044 / 60,96613

0, 0,0739216 / 61,04005

1, 0,1586075 / 61,16171

2, 0,0841063 / 61,24521

5, 0,1187669 / 61,36162

4, 1,432214 / 62,79285

0, 0,0850825 / 62,87794

7, 0,3011522 / 63,14305

0, 0,06752869 / 63,21058

4, 0,2657418 / 63,44267

0, 0,0931534 / 63,53583

4, 0,4474533 / 63,95963

5, 0,1682895 / 63,99493

5, 0,3993959 / 64,42546

4, 0,700005 / 64,69366

2, 0,0340241 / 64,7254

1, 0,4662318 / 65,1963

0, 0,3143028 / 65,5106

1, 1,046996 / 66,52625

2, 0,0472633 / 66,56231

0, 0,1317112 / 66,69402

5, 0,0849264 / 66,72773

4, 0,5671461 / 67,29437

5, 0,182839 / 67,29437

**********------------scene2------------**********

0, 1,451283 / 0,8511348

3, 0,2986987 / 1,098043

0, 0,4673046 / 1,565348

3, 0,5287893 / 2,055608

0, 0,7197198 / 2,775328

1, 0,3831792 / 3,132529

0, 0,4045629 / 3,537092

3, 0,8255675 / 4,337354

0, 0,1148067 / 4,452161

6, 0,4505089 / 4,858528

7, 0,8327757 / 5,705099

0, 0,1823326 / 5,887431

1, 0,2841762 / 6,135208

0, 2,751108 / 8,886315

1, 0,850258 / 9,712278

0, 0,1396194 / 9,851897

3, 0,8263285 / 10,63717

0, 0,200755 / 10,83792

1, 0,2000056 / 11,0365

0, 0,4554773 / 11,49198

1, 0,6336616 / 12,09002

0, 0,4621896 / 12,55221

4, 0,2910274 / 12,81168

5, 0,5836315 / 13,09143

2, 0,0219022 / 13,12786

1, 0,479207 / 13,60528

0, 1,921274 / 15,52655

1, 1,015542 / 16,51015

0, 0,5941881 / 17,10434

1, 1,08196 / 18,14034

0, 0,8648325 / 19,00517

1, 0,3783631 / 19,37162

0, 0,5866864 / 19,9583

1, 1,060606 / 20,9846

2, 0,1435938 / 21,10547

5, 0,7670894 / 21,89103

2, 0,0473041 / 21,92428

0, 0,0621917 / 21,98647

1, 0,9679173 / 22,93056

2, 0,199299 / 23,12421

0, 0,3361078 / 23,46031

3, 0,0508441 / 23,46031

0, 0,3996199 / 23,85993

2, 0,0459951 / 23,89795

5, 0,7345482 / 24,54159

2, 0,0343717 / 24,59113

1, 1,083866 / 25,65761

2, 0,0321569 / 25,69093

1, 0,0697891 / 25,75353

5, 0,0261308 / 25,78115

2, 0,8486233 / 26,60813

1, 1,265463 / 27,8614

0, 0,997606 / 28,859

3, 0,0745613 / 28,89247

0, 0,4168046 / 29,30927

4, 0,0318388 / 29,93119

5, 0,6675272 / 29,93119

6, 1,000034 / 30,93307

0, 0,0779607 / 31,01103

7, 0,8293718 / 31,79503

6, 0,0325833 / 31,82791

0, 0,6562377 / 32,48415

1, 1,512991 / 33,96146

0, 0,6927231 / 34,65418

1, 0,3786481 / 34,99701

0, 0,6140857 / 35,61108

1, 0,774738 / 36,3334

0, 0,062903 / 36,39631

2, 0,2299718 / 36,59755

5, 0,8664011 / 37,46236

2, 0,0325796 / 37,49693

0, 0,09926389 / 37,59619

1, 0,4659086 / 37,99576

0, 0,1005727 / 38,09633

3, 0,6012921 / 38,65199

0, 0,0590718 / 38,71106

StartAnim : shortLook / 38,84576

1, 1,729193 / 40,4141

0, 0,2335309 / 40,64764

3, 0,1310946 / 40,74636

0, 0,0753022 / 40,82167

**********------------scene3------------**********

1, 0,512849 / 0,0270685

0, 0,398772 / 0,4258405

2, 0,6132514 / 1,023061

1, 0,7411866 / 1,768842

0, 0,482015 / 2,250857

4, 0,3116418 / 2,538587

0, 0,0574751 / 2,596063

6, 0,2618119 / 2,829509

4, 0,2821766 / 3,111965

5, 0,0293897 / 3,138164

2, 0,0261988 / 3,1847

0, 0,1997156 / 3,384415

1, 0,3445785 / 3,683033

0, 0,4683285 / 4,151362

1, 0,982307 / 5,087537

0, 0,2801776 / 5,367715

1, 0,8002402 / 6,153176

0, 1,44583 / 7,599007

3, 0,0157425 / 7,599007

0, 0,2918168 / 7,890824

1, 0,1703863 / 8,023724

0, 0,0733843 / 8,097108

2, 0,3576155 / 8,409861

0, 0,3163721 / 8,726233

4, 0,3466261 / 9,040458

5, 0,0267273 / 9,064995

2, 0,2262714 / 9,297463

0, 0,0567876 / 9,354251

1, 0,5439748 / 9,867987

0, 0,1127158 / 9,980702

4, 0,5293297 / 10,46684

0, 0,0573838 / 10,52422

6, 0,9039866 / 11,39925

0, 0,0529155 / 11,45216

7, 1,320295 / 12,7401

0, 0,0553463 / 12,79545

7, 0,0265308 / 12,79545

5, 0,0288155 / 12,8228

2, 0,1737111 / 13,00467

0, 0,1837402 / 13,18841

1, 0,7067104 / 13,86657

0, 0,4323391 / 14,29891

3, 0,1261045 / 14,43484

0, 0,2187411 / 14,65358

1, 0,3697172 / 15,00104

0, 0,5231968 / 15,52424

1, 2,057115 / 17,55911

2, 0,0486055 / 17,59777

1, 0,09776311 / 17,68732

2, 0,2668642 / 17,9392

0, 0,1022743 / 18,04147

5, 0,0485766 / 18,12312

2, 0,755554 / 18,7757

1, 0,4578531 / 19,21264

0, 0,2427361 / 19,45538

4, 0,1638802 / 19,61432

0, 0,3446646 / 19,95899

5, 0,5673311 / 20,47444

2, 0,0690544 / 20,55353

0, 0,37125 / 20,92478

1, 0,7179168 / 21,6138

0, 0,054081 / 21,66788

3, 0,0306634 / 21,66788

0, 0,3856745 / 22,05356

3, 0,9301218 / 22,95626

0, 0,1996857 / 23,15595

2, 0,3160771 / 23,43735

0, 0,0712833 / 23,50863

1, 0,5228595 / 23,99132

0, 1,337391 / 25,32871

1, 2,045855 / 27,33845

2, 0,6532834 / 28,01051

1, 0,3747185 / 28,36489

0, 0,3768445 / 28,74174

3, 0,0273048 / 28,74174

3, 0,2230166 / 29,02764

4, 0,4574849 / 29,16769

0, 0,0569459 / 29,22464

2, 0,8263232 / 30,02344

5, 0,7693772 / 30,02344

0, 0,0621518 / 30,08559

4, 0,2837381 / 30,33905

2, 0,0318766 / 30,36631

0, 0,0597671 / 30,42608

1, 0,6023321 / 30,99646

0, 0,0604546 / 31,05691

2, 1,244919 / 32,2803

5, 0,5036027 / 32,37931

StartAnim : armStretch / 32,81047

2, 0,5159239 / 32,89381

1, 0,5838348 / 33,49657

2, 0,5288719 / 34,0129

0, 0,3171842 / 34,33009

1, 0,5221659 / 34,84195

2, 0,4326709 / 35,28091

5, 0,0325293 / 35,28091

4, 0,038674 / 35,3285

0, 0,3987588 / 35,72726

3, 0,012912 / 35,72726

0, 0,0797903 / 35,80705

StartAnim : longLook / 37,09684

StartAnim : handSalute / 37,38074

1, 2,318736 / 38,09304

0, 0,3058015 / 38,39885

4, 0,5450987 / 38,90838

0, 0,0606472 / 38,96903

2, 0,0325059 / 38,96903

0, 0,0804292 / 39,04946

StartAnim : faceSmile / 41,59674

1, 5,665486 / 44,6682

0, 0,2845743 / 44,95277

4, 0,1658157 / 45,08376

0, 0,0667006 / 45,15046

5, 0,243523 / 45,36748

2, 0,6625021 / 45,81282

0, 0,072552 / 45,88537

1, 1,037731 / 46,88459

2, 0,0340418 / 46,91959

0, 0,081302 / 47,0009

3, 0,2320934 / 47,1693

0, 0,5518696 / 47,72118

6, 0,270101 / 47,98584

0, 0,06654289 / 48,05238

4, 0,2983915 / 48,32003

2, 0,0874002 / 48,40537

1, 1,251085 / 49,65125

0, 0,1206709 / 49,77192

2, 0,0840601 / 49,80364

0, 0,1679941 / 49,97163

5, 0,034183 / 49,97163

0, 0,0562602 / 50,02789

5, 0,0827454 / 50,08464

0, 0,101186 / 50,18582

5, 0,0698623 / 50,21902

2, 0,3242666 / 50,49683

0, 0,5380105 / 51,03485

3, 0,3710233 / 51,38215

0, 0,0707876 / 51,45293

2, 0,038396 / 51,45293

0, 0,3332188 / 51,78616

1, 0,4973379 / 52,25446

2, 0,9408082 / 53,18804

3, 0,4937468 / 53,66772

4, 0,013612 / 53,69898

5, 0,6011778 / 54,29624

0, 0,2567327 / 54,55297

6, 0,605953 / 55,12466

0, 0,0835567 / 55,20821

2, 0,0591074 / 55,23892

0, 0,3680265 / 55,60695

1, 0,2011737 / 55,77412

0, 0,1874687 / 55,96159

1, 0,0299093 / 55,96159

0, 0,2438339 / 56,20543

3, 0,6844772 / 56,86712

0, 0,0862233 / 56,95334

1, 0,7441697 / 57,66667

0, 0,4718618 / 58,13853

StartAnim : LongLook / 58,39031

1, 2,008447 / 60,14069

2, 0,2775531 / 60,40712

5, 1,407583 / 61,80708

2, 0,0282938 / 61,84335

1, 0,6997736 / 62,5402

2, 0,0333395 / 62,5751

0, 0,1154056 / 62,69051

StartAnim : CaresseEntreCuisse / 62,8519

4, 1,129692 / 63,78201

0, 0,5127031 / 64,29471

4, 0,2839949 / 64,55493

2, 0,2486818 / 64,80759

1, 2,137373 / 66,92632

5, 0,1348139 / 67,39324

2, 0,4848789 / 67,42497

0, 0,0580113 / 67,48299

StartAnim : faceSmile / 68,39302

1, 1,324172 / 68,77853

0, 0,100789 / 68,87932

1, 1,059754 / 69,89622

0, 0,0645519 / 69,96077

2, 0,0645519 / 69,98428

4, 0,0235115 / 70,00983

4, 0,017164 / 70,09612

5, 0,4826176 / 70,44181

4, 1,410082 / 71,67806

0, 0,2525738 / 71,93064

**********------------scene4------------**********

2, 0,1369571 / 0,0464973

0, 0,2769352 / 0,3234325

1, 0,2152557 / 0,4955991

5, 0,3702133 / 1,234702

2, 1,328258 / 1,834045

StartAnim : LongLook / 2,519428

StartAnim : HandSalute / 2,805898

1, 0,9980608 / 2,834883

2, 0,6065451 / 3,434007

4, 0,2757405 / 3,736626

5, 0,5863727 / 3,763327

2, 0,2518151 / 3,981475

1, 0,6675916 / 4,650325

2, 0,5507529 / 5,207439

0, 0,5874889 / 5,794927

7, 0,0915793 / 5,849559

0, 0,3783659 / 6,227925

3, 0,0324636 / 6,227925

5, 0,1528514 / 6,361079

2, 0,2683517 / 6,553004

1, 0,5347379 / 6,994482

2, 1,458058 / 8,448515

4, 0,3588085 / 8,536262

5, 0,4006172 / 8,557243

0, 0,0656682 / 8,622911

7, 0,4259437 / 9,016974

3, 0,0337875 / 9,050708

2, 0,2338937 / 9,283022

1, 0,4144348 / 9,701062

2, 1,252294 / 10,93779

4, 0,2416607 / 11,16212

5, 0,2543934 / 11,16212

2, 0,7642096 / 11,93454

1, 1,563496 / 13,45336

0, 0,0822218 / 13,53559

7, 0,7278422 / 14,24626

StartAnim : LongLook / 14,31184

0, 0,2726545 / 14,51892

4, 0,2582454 / 15,01995

5, 0,8409817 / 15,33585

2, 0,4129506 / 15,73725

1, 0,789058 / 16,49269

2, 0,0822165 / 16,54939

0, 0,2851 / 16,83449

3, 0,3528835 / 17,16968

5, 0,1885948 / 17,16968

0, 0,066523 / 17,2362

3, 0,1338835 / 17,31414

5, 0,1338835 / 17,31414

7, 0,0105748 / 17,34057

0, 0,9668822 / 18,30745

2, 0,0513459 / 19,85658

1, 1,953064 / 20,23103

0, 0,7510505 / 20,98208

StartAnim : EyeBlink / 21,90478

2, 0,1742306 / 22,82129

2, 0,316183 / 23,89177

2, 0,3264176 / 26,5801

1, 6,484039 / 27,45749

2, 0,9956439 / 28,44087

4, 0,6850799 / 29,11935

5, 0,7124606 / 29,14176

0, 0,0485179 / 29,19028

7, 0,2472818 / 29,40912

0, 0,0494807 / 29,4586

3, 0,0243929 / 29,4586

0, 0,0521488 / 29,51075

2, 0,3055526 / 29,80771

StartAnim : OpenLegs / 29,97696

1, 0,7454056 / 30,54173

2, 0,0321753 / 30,57552

5, 0,8840163 / 31,43825

2, 0,2450227 / 31,69409

1, 1,096427 / 32,80857

2, 0,0413926 / 32,83201

0, 0,0635377 / 32,89555

3, 0,0154217 / 33,13522

5, 0,2759377 / 33,13522

0, 0,335354 / 33,47057

5, 0,271681 / 33,70996

0, 0,1277654 / 33,83772

6, 0,2010882 / 34,02553

0, 0,2845507 / 34,31008

4, 0,2787091 / 34,60897

5, 1,009078 / 35,29623

0, 0,3279184 / 35,62415

4, 0,6386163 / 36,33972

5, 0,7305334 / 36,33972

2, 0,3994245 / 36,73532

1, 1,128264 / 37,77729

0, 0,5453441 / 38,32264

3, 0,0143995 / 38,32264

5, 0,6282139 / 38,94781

StartAnim : touchCouchInvite / 38,99517

StartAnim : FaceSmile / 40,79196

0, 2,315652 / 41,26344

2, 0,0315988 / 41,26344

0, 0,0981426 / 41,36158

1, 1,917791 / 43,27807

2, 0,0299301 / 43,30659

0, 0,6740602 / 43,98066

2, 0,0717028 / 44,04596

1, 0,9978626 / 45,02967

2, 0,0137087 / 45,04749

0, 1,745157 / 46,79264

2, 0,4276555 / 47,24705

5, 1,200853 / 47,97517

0, 0,2729452 / 48,24812

2, 0,0320897 / 48,27777

1, 1,416784 / 49,69911

0, 0,5935902 / 50,2927

3, 0,1665369 / 50,42491

0, 0,1222771 / 50,54718

5, 0,3607615 / 50,90057

2, 0,5993695 / 51,46924

**********------------scene5------------**********

1, 0,872175 / 0,046708

0, 0,2465012 / 0,2932092

1, 0,2698556 / 0,5452222

2, 0,3564371 / 0,9035419

5, 0,8291219 / 1,749761

2, 0,3655118 / 2,098658

7, 0,0304775 / 2,132108

0, 0,5141454 / 2,646253

1, 1,108261 / 3,748638

2, 0,125113 / 3,848339

0, 0,2841496 / 4,132488

2, 0,2557154 / 4,345089

4, 0,1461723 / 5,202658

5, 1,098617 / 5,460828

2, 0,5633606 / 5,830078

1, 0,5251449 / 6,36712

2, 0,0341945 / 6,398066

0, 0,0886055 / 6,486671

7, 1,83144 / 8,289652

0, 0,3277267 / 8,617377

4, 0,1981736 / 9,179834

5, 0,6337134 / 9,218402

StartAnim : ShortLook / 9,664518

0, 0,7851372 / 10,00354

2, 0,1998789 / 10,18285

StartAnim : FaceSmile / 10,63354

1, 0,5671211 / 10,76937

2, 0,2509444 / 10,96247

1, 0,7535304 / 11,71765

2, 0,4955658 / 12,20283

0, 0,2838372 / 12,48666

1, 1,166026 / 13,38292

2, 1,035963 / 14,43593

1, 0,5800154 / 15,00611

2, 0,021281 / 15,03458

1, 0,0562465 / 15,09111

2, 0,7069193 / 15,80477

3, 0,2372983 / 16,0217

5, 0,3518509 / 16,1024

2, 0,0842648 / 16,20441

5, 0,0640018 / 16,25959

2, 0,168852 / 16,43666

1, 1,200614 / 17,57236

2, 0,468425 / 18,0238

5, 0,0182598 / 18,05452

2, 0,2642943 / 18,32138

0, 0,1835156 / 18,50489

2, 0,0667626 / 18,53825

0, 1,099909 / 19,63815

StartAnim : OpenLegs / 20,13813

2, 0,8824278 / 20,49148

5, 1,784306 / 22,25587

StartAnim : TouchCouchInvite / 22,43802

2, 0,434603 / 22,70485

StartAnim : LongLook / 22,9678

StartAnim : FaceSmile / 23,37203

1, 1,945757 / 24,6463

5, 0,0872858 / 25,00762

5, 0,035777 / 25,15717

5, 0,153041 / 25,40668

2, 1,554926 / 26,20939

1, 0,3171616 / 26,51961

2, 0,0284215 / 26,55764

3, 0,1337833 / 26,70423

5, 0,4251741 / 26,97342

0, 0,3001459 / 27,27357

5, 0,4028174 / 27,65997

0, 0,5264022 / 28,18637

5, 0,4227399 / 28,59109

0, 0,5174682 / 29,10856

5, 0,9986137 / 30,06122

2, 1,034922 / 31,04279

1, 0,493978 / 31,53097

2, 0,072865 / 31,60391

StartAnim : PenisTouch / 31,74435

4, 0,4322117 / 32,0229

StartAnim : ShortLook / 32,37594

4, 0,3536861 / 33,06359

5, 1,489104 / 33,06359

2, 0,2634183 / 33,34276

StartAnim : CloseEyes / 35,04643

1, 2,872276 / 36,2128

2, 0,0305906 / 36,24816

4, 0,2652532 / 36,49694

5, 0,8346508 / 37,07808

0, 0,135833 / 37,21391

StartAnim : OpenEyes / 37,89694

StartAnim : StartErect / 38,17934

4, 1,180259 / 38,40932

4, 0,0125597 / 38,59863

5, 1,425839 / 38,59863

2, 0,07117701 / 38,67776

0, 0,0532123 / 38,73097

StartAnim : CloseEyes / 43,01466

1, 4,388773 / 43,09505

2, 0,1483916 / 43,23351

4, 0,1837165 / 43,38178

StartAnim : OpenEyes / 44,54736

5, 2,563272 / 45,71665

0, 0,0645952 / 45,78124

5, 0,2622435 / 46,00323

0, 0,0884552 / 46,09169

5, 0,0159601 / 46,09169

0, 0,3038586 / 46,39555

4, 0,0337905 / 46,39555

5, 0,0337905 / 46,39555

0, 0,1190963 / 46,51465

4, 0,032118 / 46,51465

5, 0,032118 / 46,51465

0, 0,4008358 / 46,91549

4, 0,038624 / 47,08783

4, 0,0382668 / 47,46091

5, 0,5558293 / 47,46091

2, 0,1333176 / 47,56826

0, 0,0517242 / 47,61999

StartAnim : CloseEyes / 47,91513

1, 1,964584 / 49,56445

2, 0,06815539 / 49,63355

4, 0,129491 / 49,76102

StartAnim : OpenEyes / 50,28883

StartAnim : StopTouchPenis / 50,74696

4, 0,535639 / 50,96923

StartAnim : TouchCouchInvite / 51,715

5, 2,232034 / 51,84957

2, 0,1710833 / 52,03497

1, 1,453619 / 53,48662

0, 0,1485081 / 53,63513

2, 0,4321472 / 54,02752

**********------------scene6------------**********

5, 0,3974515 / 0,042846

0, 0,167931 / 0,210777

2, 0,08306479 / 0,3754454

StartAnim : OpenLegs / 0,7101279

5, 1,114295 / 1,311783

2, 0,2210756 / 1,531431

1, 0,2164178 / 1,754977

2, 0,8483477 / 2,607955

4, 0,5069737 / 4,624989

5, 2,657658 / 5,186474

0, 0,3417531 / 5,528227

5, 0,0252594 / 5,528227

2, 0,2262962 / 5,761968

1, 0,2730637 / 6,029655

StartAnim : LongLook / 6,8867

StartAnim : StartTouchPenis / 6,911139

2, 1,033895 / 7,079796

4, 1,754948 / 8,826576

5, 1,781739 / 8,856564

2, 0,1419295 / 8,972224

StartAnim : CloseEyes / 10,0462

1, 2,338943 / 11,31216

2, 0,0315092 / 11,33947

StartAnim : OpenEyes / 11,96409

4, 1,264749 / 12,73086

5, 1,400031 / 12,73086

0, 0,3671921 / 13,09805

6, 0,4108444 / 13,49261

0, 0,0541386 / 13,54675

6, 0,1208431 / 13,62819

0, 0,4670092 / 14,0952

4, 0,0377367 / 14,0952

5, 0,0377367 / 14,0952

2, 0,2509856 / 14,36454

1, 0,7507564 / 15,11594

2, 0,0333233 / 15,14955

5, 0,8171568 / 15,96466

4, 0,8487203 / 15,99911

0, 0,8323792 / 16,83149

3, 0,0344455 / 16,83149

4, 0,7541747 / 17,76896

5, 1,315487 / 18,13099

2, 0,8555674 / 18,63052

StartAnim : CloseEyes / 19,20039

4, 0,8839405 / 19,49826

5, 0,8839405 / 19,49826

2, 0,0488665 / 19,55905

0, 0,0728728 / 19,63192

1, 0,5825437 / 20,18273

0, 0,045947 / 20,22868

2, 0,0319351 / 20,22868

1, 0,1678627 / 20,42349

4, 0,0409629 / 20,45022

5, 0,0409629 / 20,45022

1, 0,0267282 / 20,49846

4, 0,1032584 / 20,63362

5, 0,183402 / 20,66663

0, 0,4169462 / 21,08357

4, 0,1046399 / 21,15097

0, 0,0507215 / 21,20169

5, 0,2214808 / 21,4009

StartAnim : OpenEyes / 21,84257

0, 1,352454 / 22,75335

4, 0,2182992 / 22,93498

5, 0,0341831 / 22,93498

2, 0,2972316 / 23,24125

StartAnim : CloseEyes / 24,63138

1, 1,468807 / 24,71132

2, 0,0570601 / 24,7841

5, 0,08543929 / 24,90044

3, 0,2411501 / 25,0137

0, 0,2400926 / 25,2538

StartAnim : FastPenisTouch / 26,8421

StartAnim : OpenEyes / 26,97016

4, 2,433487 / 27,66813

4, 0,0436996 / 27,84356

5, 2,609423 / 27,84356

2, 0,2295604 / 28,06934

StartAnim : CloseEyes / 28,60231

StartAnim : OpenEyes / 29,52032

1, 2,01057 / 30,08579

0, 0,2036969 / 30,28949

1, 0,4839733 / 30,75544

2, 0,0463667 / 30,81432

5, 0,1904618 / 31,00459

StartAnim : CloseEyes / 31,03812

4, 0,5220546 / 31,35436

0, 0,1285275 / 31,48289

5, 1,327683 / 32,77259

StartAnim : OpenEyes / 32,77259

4, 1,467513 / 32,93459

0, 0,109338 / 33,04393

4, 0,2671657 / 33,26824

5, 0,2671657 / 33,26824

StartAnim : PenisEjac / 33,38382

0, 1,061269 / 34,32949

5, 0,4735831 / 34,82397

4, 0,6532111 / 34,97132

0, 0,6514418 / 35,62278

4, 0,4992582 / 36,1218

5, 0,4840818 / 36,1218

2, 0,2419599 / 36,35862

StartAnim : StopTouchPenis / 36,40942

4, 0,1094947 / 36,45573

5, 0,4557503 / 36,78823

0, 0,400384 / 37,18861

StartAnim : DeErect / 37,24116

5, 0,4775679 / 37,62317

0, 1,113466 / 38,73663

5, 0,0370709 / 38,73663

2, 0,1185782 / 38,87383

1, 0,4572229 / 39,32965

5, 0,0752541 / 39,38963

0, 1,571249 / 40,96088

5, 0,1605149 / 41,12297

**********------------Fin_Relaxation------------**********

