**********------------scene1------------**********

0, 0,6296757 / 0,6296757

3, 0,2585433 / 0,8560535

0, 0,0599586 / 0,9160122

2, 0,0289732 / 0,9160122

1, 0,0309854 / 0,9523284

0, 0,1792855 / 1,131614

1, 0,9716208 / 2,055553

0, 0,2727752 / 2,328328

2, 0,2422302 / 2,546613

1, 2,555915 / 5,099139

0, 0,1008957 / 5,200035

4, 0,0317138 / 5,200035

5, 0,5441496 / 5,698489

2, 0,7002963 / 6,403785

1, 1,154147 / 7,558786

2, 0,2645869 / 7,854355

1, 3,216664 / 11,04336

0, 0,0818174 / 11,12518

5, 0,1672149 / 11,87357

2, 0,8351003 / 11,96938

0, 0,1351567 / 12,10454

1, 6,453004 / 18,51673

0, 0,251907 / 18,76864

1, 1,435477 / 20,16026

0, 0,3992271 / 20,55949

2, 0,4221135 / 20,96036

1, 3,849607 / 24,80273

0, 0,299932 / 25,10266

1, 0,2041652 / 25,24975

0, 0,4933858 / 25,74313

1, 3,044056 / 28,75938

0, 0,3155402 / 29,07491

3, 0,4116318 / 29,44341

4, 0,2357613 / 29,68764

2, 0,3099557 / 29,99039

0, 0,5788448 / 30,56924

1, 0,6436194 / 31,17035

0, 0,3787166 / 31,54907

2, 0,3007993 / 31,80471

1, 7,859668 / 39,68806

0, 0,06943341 / 39,75749

2, 0,6737443 / 40,40455

1, 0,2700457 / 40,65602

0, 0,2749976 / 40,93102

1, 0,7984858 / 41,71466

2, 0,2710883 / 41,97219

1, 2,217883 / 44,18251

0, 0,5055342 / 44,68804

1, 4,825006 / 49,4865

0, 0,2124807 / 49,69897

1, 2,748561 / 52,429

0, 0,8027319 / 53,23174

1, 1,0334 / 54,22842

2, 0,8560089 / 55,08602

0, 0,2803787 / 55,3664

StartAnim : touchMagazine / 58,89601

1, 3,988025 / 59,31415

2, 0,2356971 / 59,55679

5, 0,6853522 / 60,19964

0, 0,2987362 / 60,49838

4, 0,0672576 / 60,53808

5, 0,7109305 / 61,24398

4, 0,4301566 / 61,66995

4, 0,0284591 / 62,04429

5, 0,373324 / 62,04429

2, 0,0635782 / 62,11496

1, 0,7387995 / 62,84567

2, 0,0305098 / 62,8872

0, 0,2840844 / 63,17129

5, 0,0605132 / 63,20978

0, 0,8079868 / 64,01777

5, 0,0440102 / 64,06508

5, 0,0426338 / 64,16679

4, 0,5281124 / 64,50299

5, 0,2070979 / 64,50299

2, 0,0430809 / 64,54816

4, 0,1068275 / 64,63771

5, 0,1347171 / 64,67973

0, 0,1447318 / 64,82446

1, 0,6516487 / 65,41736

2, 0,0449459 / 65,46078

**********------------scene2------------**********

1, 2,455114 / 0,0291178

0, 0,801454 / 0,8305718

3, 0,1767244 / 0,9722834

0, 0,1982151 / 1,170499

1, 0,6243054 / 1,763479

0, 0,0658557 / 1,829335

3, 0,4660034 / 2,256594

0, 0,0585286 / 2,315122

3, 0,0870558 / 2,37592

1, 0,5853298 / 2,96213

0, 1,282338 / 4,244468

1, 1,414214 / 5,640025

0, 0,1000742 / 5,740099

3, 0,2560309 / 5,971297

1, 0,1681838 / 6,119538

0, 0,9665433 / 7,086082

2, 0,180703 / 7,235688

1, 0,5476261 / 7,800447

2, 0,0406846 / 7,832985

0, 0,4950425 / 8,32803

5, 0,2712124 / 8,588162

2, 0,1003436 / 8,655496

1, 1,307629 / 9,960864

0, 0,069896 / 10,03076

3, 0,7443235 / 10,74195

0, 0,0920189 / 10,83397

1, 0,4540057 / 11,23783

0, 0,7649975 / 12,00283

3, 0,2885557 / 12,24618

0, 0,0864154 / 12,3326

2, 0,3138135 / 12,60224

0, 0,2438497 / 12,84609

1, 0,9915611 / 13,79981

0, 0,0757526 / 13,87556

1, 0,0402553 / 13,87556

2, 0,1223708 / 14,02687

0, 0,5206681 / 14,54754

3, 0,5395059 / 15,05877

0, 0,7269302 / 15,7857

1, 0,6142929 / 16,36136

0, 0,1109742 / 16,47234

3, 0,07432111 / 16,50282

0, 1,194744 / 17,69756

1, 0,0307828 / 17,69756

0, 0,0715901 / 17,76915

1, 0,3289111 / 18,05295

0, 0,0646322 / 18,11758

1, 1,551298 / 19,64203

0, 0,5584528 / 20,20049

1, 2,135139 / 22,30255

0, 0,0684621 / 22,37101

3, 0,0393824 / 22,37101

0, 0,5499512 / 22,92096

5, 0,5313741 / 23,41369

0, 0,9885636 / 24,40226

3, 0,0327222 / 24,40226

0, 2,270538 / 26,67279

1, 0,5991495 / 27,24604

0, 3,968807 / 31,21485

1, 1,843984 / 33,02938

0, 0,0969574 / 33,12634

3, 0,3135236 / 33,39819

0, 0,0699225 / 33,46811

2, 0,0699225 / 33,49523

1, 3,415442 / 36,9147

0, 0,9818408 / 37,89653

StartAnim : shortLook / 38,83714

**********------------scene3------------**********

1, 3,3999 / 0,0247849

0, 0,3444535 / 0,3692384

1, 0,0566421 / 0,3939975

0, 0,5014073 / 0,8954049

StartAnim : armStretch / 32,80554

1, 32,9112 / 33,78482

0, 0,0506547 / 33,83547

2, 0,1064583 / 33,92101

0, 0,6739804 / 34,59499

4, 0,1113398 / 34,6788

0, 0,1146656 / 34,79346

2, 0,6909154 / 35,47396

0, 0,0770457 / 35,55101

2, 0,0544842 / 35,58376

StartAnim : longLook / 37,0929

StartAnim : handSalute / 37,38374

1, 2,741046 / 38,32325

0, 0,0877631 / 38,41101

3, 0,0475062 / 38,41101

0, 0,3107231 / 38,72173

2, 0,0522915 / 38,75205

0, 0,0895146 / 38,84157

StartAnim : faceSmile / 41,58168

1, 11,84282 / 50,64728

0, 0,0727379 / 50,72002

1, 2,163318 / 52,86535

0, 0,115037 / 52,98038

StartAnim : LongLook / 58,37951

StartAnim : CaresseEntreCuisse / 62,83445

StartAnim : faceSmile / 68,36475

**********------------scene4------------**********

1, 19,47596 / 0,4229925

2, 0,305232 / 0,7140034

1, 0,2904448 / 1,021239

5, 0,2548065 / 1,554572

2, 0,5867835 / 1,607791

4, 0,0303106 / 1,636201

5, 0,0587204 / 1,662331

2, 0,1994384 / 1,862809

StartAnim : LongLook / 2,519887

StartAnim : HandSalute / 2,807796

StartAnim : SitCrossLegs / 4,705821

1, 5,616114 / 7,475597

2, 0,0238463 / 7,495228

1, 1,589305 / 9,092422

2, 0,0275187 / 9,11839

StartAnim : LongLook / 14,29545

StartAnim : EyeBlink / 21,89334

StartAnim : OpenLegs / 29,96089

1, 22,28859 / 31,40582

2, 0,6371275 / 32,03408

1, 0,4859165 / 32,51809

0, 3,216423 / 35,7345

StartAnim : touchCouchInvite / 39,00853

StartAnim : FaceSmile / 40,8016

**********------------scene5------------**********

1, 16,62942 / 0,0275601

0, 0,2043561 / 0,2319162

1, 0,5667223 / 0,7681301

0, 0,2214245 / 0,9895546

2, 0,1859169 / 1,127707

5, 0,3272836 / 1,298425

5, 0,0981006 / 1,485647

3, 0,3013476 / 1,575744

5, 0,0303619 / 1,609435

7, 0,0336907 / 1,637573

3, 0,0520775 / 1,684537

5, 0,0520775 / 1,684537

2, 0,0230249 / 1,719104

1, 1,829991 / 3,540617

0, 0,3875155 / 3,928133

1, 0,8542403 / 4,767451

2, 0,0427306 / 4,810597

StartAnim : ShortLook / 9,671676

StartAnim : FaceSmile / 10,64731

StartAnim : OpenLegs / 20,13966

1, 16,91269 / 21,71062

2, 0,0592683 / 21,78151

0, 0,0428854 / 21,82439

5, 0,1493586 / 21,94269

3, 0,2300732 / 22,13734

5, 0,3692678 / 22,34475

StartAnim : TouchCouchInvite / 22,44204

3, 0,3585589 / 22,62551

2, 0,0233077 / 22,66775

5, 0,0470821 / 22,66775

3, 0,0495664 / 22,72563

2, 0,0272445 / 22,75238

StartAnim : LongLook / 22,97479

StartAnim : FaceSmile / 23,38287

1, 5,241436 / 27,98491

2, 0,0178453 / 28,01388

0, 0,1022234 / 28,11611

3, 0,0947165 / 28,15483

0, 0,0851156 / 28,23994

3, 0,2814884 / 28,49651

5, 0,2338471 / 28,75917

2, 1,62307 / 30,35545

4, 0,0155309 / 31,15451

5, 0,8140803 / 31,15451

0, 0,0448715 / 31,19938

StartAnim : PenisTouch / 31,75644

4, 0,3117453 / 32,13676

StartAnim : ShortLook / 32,40125

5, 1,428109 / 32,59967

0, 0,0845259 / 32,6842

4, 0,024932 / 32,6842

2, 0,0182624 / 32,73169

5, 0,0431944 / 32,73169

StartAnim : CloseEyes / 35,05394

StartAnim : OpenEyes / 37,88247

StartAnim : StartErect / 38,18162

StartAnim : CloseEyes / 43,02217

StartAnim : OpenEyes / 44,56804

StartAnim : CloseEyes / 47,93758

1, 15,75889 / 48,46628

2, 0,2866917 / 48,74242

4, 0,3564509 / 49,11854

5, 0,7575688 / 49,31461

0, 0,0575422 / 49,37216

5, 0,1125912 / 49,4513

StartAnim : OpenEyes / 50,28268

StartAnim : StopTouchPenis / 50,7553

StartAnim : TouchCouchInvite / 51,73943

**********------------scene6------------**********

1, 5,018102 / 0,0259242

0, 0,1171656 / 0,1430898

1, 0,3694731 / 0,4836382

2, 0,1729584 / 0,6574761

StartAnim : OpenLegs / 0,713119

2, 0,1380757 / 0,936343

5, 0,3989415 / 1,051318

2, 0,7144164 / 1,768433

1, 0,6867103 / 2,452833

0, 0,08372021 / 2,536553

2, 0,4560461 / 2,969116

StartAnim : LongLook / 6,869454

StartAnim : StartTouchPenis / 6,894136

StartAnim : CloseEyes / 10,0405

StartAnim : OpenEyes / 11,96692

StartAnim : CloseEyes / 19,20909

StartAnim : OpenEyes / 21,82435

StartAnim : CloseEyes / 24,6378

StartAnim : FastPenisTouch / 26,83784

StartAnim : OpenEyes / 26,95638

StartAnim : CloseEyes / 28,59604

StartAnim : OpenEyes / 29,50955

StartAnim : CloseEyes / 31,02287

StartAnim : OpenEyes / 32,76766

StartAnim : PenisEjac / 33,37378

StartAnim : StopTouchPenis / 36,39268

StartAnim : DeErect / 37,22561

**********------------Fin_Relaxation------------**********

