**********------------scene1------------**********

0, 0,0802089 / 0,0802089

2, 0,0802089 / 0,3950271

0, 1,343659 / 1,738686

3, 0,1638491 / 1,880152

0, 0,0795664 / 1,959719

1, 0,2730488 / 2,187774

0, 0,136814 / 2,324588

3, 0,4989879 / 2,779325

0, 0,0610622 / 2,840387

1, 0,5302196 / 3,336809

0, 0,5726442 / 3,909453

1, 0,937561 / 4,796959

0, 0,1375511 / 4,934511

1, 0,5548592 / 5,448771

2, 0,027305 / 5,517514

0, 0,1027034 / 5,620217

4, 0,4151775 / 5,994503

5, 0,4151775 / 5,994503

2, 0,0290909 / 6,069625

1, 1,359477 / 7,397583

2, 0,6735353 / 8,064972

0, 0,1001295 / 8,165102

1, 0,799466 / 8,926011

0, 0,2149282 / 9,140939

2, 0,0445966 / 9,140939

4, 0,0444827 / 9,233448

0, 0,2085088 / 9,441957

3, 0,2839894 / 9,672877

2, 0,0351135 / 9,706069

0, 0,1876095 / 9,893679

1, 0,5037743 / 10,3532

2, 0,0391212 / 10,38054

5, 0,23161 / 10,62021

2, 0,7132447 / 11,19528

5, 0,3830062 / 11,55243

2, 0,0328884 / 11,62281

1, 0,7278803 / 12,31229

0, 0,4207147 / 12,733

1, 0,3116769 / 13,02228

0, 0,0989756 / 13,12125

3, 0,4732124 / 13,52279

0, 0,4868676 / 14,00965

1, 0,5285202 / 14,51355

2, 1,029939 / 15,53914

1, 0,1402634 / 15,68277

2, 0,0315356 / 15,72183

0, 0,0600341 / 15,78187

1, 0,0600341 / 15,82745

0, 0,217998 / 16,04545

1, 1,672697 / 17,68163

2, 0,0315538 / 17,72718

5, 0,0455524 / 17,76289

0, 0,3767086 / 18,1396

4, 0,0612686 / 18,2136

5, 0,0612686 / 18,2136

2, 0,4121186 / 18,59519

0, 0,2108804 / 18,80607

3, 1,419088 / 20,1798

0, 0,06924351 / 20,24904

1, 0,1053133 / 20,3229

0, 0,0717072 / 20,39461

2, 0,0984181 / 20,44684

0, 0,0787815 / 20,52562

1, 1,532622 / 22,02236

0, 0,2697743 / 22,29214

1, 0,2720472 / 22,53378

0, 4,477024 / 27,01079

1, 1,65346 / 28,62208

0, 0,2929537 / 28,91503

3, 0,07534871 / 28,95781

0, 0,1681647 / 29,12597

5, 0,2079386 / 29,28592

4, 0,0377044 / 29,33939

3, 0,1870399 / 29,50879

0, 0,5734844 / 30,08228

4, 0,2052286 / 30,24089

0, 0,1680845 / 30,40897

2, 0,0332892 / 30,40897

1, 0,5021824 / 30,91069

2, 0,0435576 / 30,95266

0, 0,0878298 / 31,04049

4, 0,2261607 / 31,2099

2, 0,0310839 / 31,25009

0, 0,07270581 / 31,32279

1, 0,7153578 / 31,99304

0, 0,4435705 / 32,43661

2, 0,5118434 / 32,907

1, 1,9471 / 34,85009

0, 0,386968 / 35,23706

2, 0,1133927 / 35,32632

4, 0,036846 / 35,3632

5, 0,2610924 / 35,47707

4, 0,1436403 / 35,57449

2, 0,0678302 / 35,6388

5, 0,0678302 / 35,6388

0, 0,1197786 / 35,75858

2, 0,5181717 / 36,19551

1, 0,6497313 / 36,83894

0, 0,3565957 / 37,19554

2, 0,0363388 / 37,19554

1, 0,5986196 / 37,79583

0, 0,0688584 / 37,86469

1, 0,9980233 / 38,83563

0, 0,1012933 / 38,93692

4, 0,7205998 / 39,62414

0, 0,0686123 / 39,69275

4, 0,1368716 / 40,12415

3, 0,5000058 / 40,16269

0, 0,0588663 / 40,22156

1, 0,429153 / 40,62331

0, 0,0951019 / 40,71842

4, 0,1346123 / 40,79385

0, 0,2466025 / 41,04045

2, 0,0355975 / 41,04045

1, 0,3950245 / 41,43755

0, 0,3856043 / 41,82316

2, 0,0310794 / 41,82316

0, 0,3546394 / 42,1778

1, 0,6397117 / 42,77833

0, 0,0685965 / 42,84692

1, 0,4861185 / 43,29152

0, 0,2042521 / 43,49577

1, 0,1634486 / 43,63047

0, 0,4675412 / 44,09801

1, 0,5325765 / 44,59873

0, 0,070302 / 44,66903

4, 0,4405654 / 45,08372

5, 0,0444297 / 45,12546

4, 0,2019593 / 45,32983

1, 0,5984668 / 45,92618

0, 0,4092331 / 46,33541

2, 0,0450686 / 46,33541

1, 3,909548 / 50,23399

0, 0,3137864 / 50,54779

2, 0,0679536 / 50,574

1, 1,087195 / 51,66325

0, 1,949779 / 53,61301

1, 0,2391761 / 53,79398

0, 2,20105 / 55,99503

1, 0,1005631 / 56,06292

0, 0,2576029 / 56,32052

1, 1,262966 / 57,5536

0, 0,1369585 / 57,69056

1, 0,1034074 / 57,69056

0, 0,0887261 / 57,77929

1, 0,399548 / 58,12034

0, 0,3154305 / 58,43577

StartAnim : touchMagazine / 58,90463

1, 0,7385503 / 59,13202

0, 0,1891652 / 59,32118

2, 0,08519679 / 59,38715

0, 0,1938836 / 59,58104

1, 0,6388152 / 60,16275

0, 0,0718659 / 60,23462

2, 0,0351642 / 60,23462

5, 0,0367017 / 60,27362

0, 0,0765536 / 60,35018

5, 0,2170487 / 60,5241

2, 0,4257608 / 60,90358

0, 0,3421099 / 61,24569

2, 1,002678 / 62,20842

0, 0,2398008 / 62,44822

2, 0,0691807 / 62,48475

0, 0,6745193 / 63,15927

2, 0,1559605 / 63,27158

0, 0,0798598 / 63,35143

1, 0,2473053 / 63,54982

2, 0,0309418 / 63,58439

4, 0,034574 / 63,62585

0, 0,08045121 / 63,7063

4, 0,4572322 / 64,12012

0, 0,113568 / 64,23368

4, 0,0271536 / 64,23368

5, 0,0299469 / 64,27669

0, 0,2307891 / 64,50748

2, 0,0728146 / 64,53931

0, 0,6202694 / 65,15959

1, 0,3086274 / 65,41671

0, 0,0635959 / 65,4803

2, 0,0324122 / 65,4803

4, 0,0311837 / 65,52592

0, 0,3229074 / 65,84883

4, 0,0323992 / 65,84883

0, 0,0983656 / 65,9472

4, 0,0604087 / 65,97636

3, 0,4291792 / 66,41001

0, 0,071111 / 66,48112

5, 0,2123341 / 66,65277

**********------------scene2------------**********

2, 1,257194 / 0,0284656

0, 0,2688862 / 0,2973518

2, 0,2334997 / 0,493313

0, 0,3136393 / 0,8069524

3, 0,2530293 / 1,019225

0, 0,6248566 / 1,644081

1, 0,0681765 / 1,683847

0, 0,1121779 / 1,796025

2, 0,1734577 / 1,926409

0, 0,0536512 / 1,98006

3, 0,3155834 / 2,278799

0, 0,0876651 / 2,366464

1, 0,0865631 / 2,42343

0, 0,1575692 / 2,580999

2, 0,4879084 / 3,038537

1, 0,2715556 / 3,316411

0, 0,0960736 / 3,412485

1, 0,1743057 / 3,557726

0, 0,1251226 / 3,682849

3, 0,0293161 / 3,682849

0, 0,1004742 / 3,783323

3, 0,0323875 / 3,783323

0, 0,1518155 / 3,935138

5, 0,08265769 / 4,000567

2, 0,1164146 / 4,035339

5, 0,1482017 / 4,180034

2, 0,0686221 / 4,258369

1, 0,1218268 / 4,372948

0, 0,2500817 / 4,62303

1, 0,6462566 / 5,23584

0, 3,75732 / 8,993163

1, 0,2401001 / 9,196271

0, 0,1130995 / 9,30937

2, 0,0593111 / 9,336545

0, 0,3923485 / 9,728893

3, 0,0308276 / 9,728893

0, 0,6069007 / 10,33579

1, 0,0532059 / 10,36577

0, 0,0863294 / 10,4521

2, 0,5706039 / 10,99889

0, 0,6107807 / 11,60967

2, 0,2392449 / 11,80819

0, 0,4301187 / 12,23831

2, 0,2590303 / 12,46181

0, 0,0683236 / 12,53013

1, 0,1657489 / 12,66032

0, 0,0690677 / 12,72938

1, 0,1625139 / 12,85227

0, 0,3449181 / 13,19719

1, 0,2621598 / 13,42634

0, 0,7707612 / 14,1971

2, 0,0310676 / 14,1971

0, 0,5401796 / 14,73728

2, 0,0255025 / 14,73728

0, 0,1074266 / 14,84471

3, 0,4229602 / 15,2237

0, 0,3052781 / 15,52898

2, 0,2261534 / 15,73311

1, 1,451612 / 17,16846

0, 3,032117 / 20,20058

1, 0,3269513 / 20,49487

0, 0,5275227 / 21,02239

1, 0,3314744 / 21,33597

0, 0,065101 / 21,40107

1, 0,2446003 / 21,61311

0, 0,138483 / 21,75159

1, 0,2008568 / 21,93125

0, 0,3526481 / 22,2839

1, 0,0729216 / 22,32759

0, 1,627198 / 23,9548

1, 0,0279553 / 23,9548

0, 0,2935574 / 24,24836

2, 0,0393296 / 24,24836

0, 0,235018 / 24,48338

1, 1,572606 / 26,01201

2, 0,0389832 / 26,04818

0, 0,3361676 / 26,38435

2, 0,5632863 / 26,9009

0, 0,3039604 / 27,20486

1, 0,3797009 / 27,53745

0, 0,3458215 / 27,88327

2, 0,4588542 / 28,29957

1, 0,1449889 / 28,44152

0, 0,7547637 / 29,19629

2, 0,0481311 / 29,19629

0, 0,772858 / 29,96914

1, 0,08521619 / 30,00975

0, 0,2302915 / 30,24004

2, 0,5705054 / 30,76974

0, 0,8347086 / 31,60444

1, 0,4725605 / 32,03739

2, 0,7631543 / 32,79581

6, 0,0251376 / 32,83926

2, 1,050319 / 33,87762

0, 1,275266 / 35,15289

1, 0,1988916 / 35,32352

0, 0,8963174 / 36,21984

1, 0,2864555 / 36,465

0, 1,798662 / 38,26365

3, 0,0541931 / 38,29457

0, 0,0639213 / 38,35849

2, 0,0639213 / 38,39705

1, 0,1116758 / 38,49949

StartAnim : shortLook / 38,80795

0, 0,4111826 / 38,91067

1, 0,6626928 / 39,54023

0, 0,0670424 / 39,60728

2, 0,372838 / 39,93645

0, 0,1018912 / 40,03834

**********------------scene3------------**********

1, 1,235388 / 0,0249913

0, 0,139501 / 0,1644923

5, 0,1965655 / 0,3354901

2, 0,20201 / 0,5358439

0, 0,0629546 / 0,5987985

1, 0,1745003 / 0,7350208

0, 0,2654451 / 1,000466

3, 0,0293387 / 1,000466

0, 0,1364506 / 1,136917

2, 0,4523394 / 1,565219

1, 0,6893734 / 2,251297

2, 0,3110844 / 2,566458

0, 0,3436205 / 2,910078

5, 0,1782491 / 3,493303

2, 0,6722938 / 3,556128

0, 0,0500932 / 3,606221

1, 0,6819219 / 4,26819

0, 1,024435 / 5,292626

4, 0,2859368 / 5,555392

4, 0,0315059 / 5,691968

5, 0,2553291 / 5,756272

2, 0,6848772 / 6,438562

4, 0,1470126 / 6,577043

0, 0,0606128 / 6,637656

4, 0,0606128 / 6,667586

0, 0,111964 / 6,779551

4, 0,0340394 / 6,779551

0, 0,2576865 / 7,037237

4, 0,0262642 / 7,037237

0, 0,4334504 / 7,470687

1, 0,0860276 / 7,521514

0, 0,2006076 / 7,722121

1, 0,0247499 / 7,722121

0, 0,4874862 / 8,209607

1, 0,4227512 / 8,607368

0, 0,0857348 / 8,693102

3, 0,5673739 / 9,238964

0, 0,0534046 / 9,292369

2, 0,0282621 / 9,292369

1, 0,5108041 / 9,806473

0, 0,284898 / 10,09137

3, 0,2311804 / 10,29225

0, 0,0667567 / 10,35901

2, 0,4620198 / 10,78117

0, 0,0562148 / 10,83738

3, 0,206882 / 11,00649

0, 0,4320788 / 11,43858

1, 0,0609109 / 11,47171

0, 0,049502 / 11,52121

1, 1,49231 / 12,99218

2, 0,0281618 / 13,02634

1, 0,0341603 / 13,05487

2, 0,4256465 / 13,47905

0, 0,0571484 / 13,5362

1, 0,7723018 / 14,2782

0, 0,1521333 / 14,43033

1, 0,0662825 / 14,4514

0, 1,08645 / 15,53785

1, 0,0605079 / 15,56596

0, 0,5124506 / 16,07841

1, 0,111154 / 16,16989

0, 0,3940165 / 16,56391

1, 0,5423911 / 17,07942

2, 0,9142573 / 17,99668

0, 0,9164464 / 18,91313

1, 0,1442092 / 19,03198

0, 0,0470992 / 19,07908

3, 0,0202666 / 19,07908

0, 0,0578764 / 19,13696

3, 0,2302533 / 19,3349

2, 0,2859408 / 19,62561

1, 0,5682703 / 20,19664

2, 0,486146 / 20,67826

0, 0,0560646 / 20,73432

5, 0,4335385 / 21,13698

2, 0,0852371 / 21,20139

0, 0,1336884 / 21,33507

2, 0,0558825 / 21,36381

0, 0,1033012 / 21,46712

2, 0,0699955 / 21,49162

0, 0,2010505 / 21,69267

1, 0,7079418 / 22,38109

2, 0,0299706 / 22,40767

0, 0,0596681 / 22,46734

3, 0,4280837 / 22,86724

0, 0,2242366 / 23,09147

1, 0,0313306 / 23,09147

0, 3,157975 / 26,24945

1, 0,9981297 / 27,22445

0, 0,3708195 / 27,59527

1, 0,8001379 / 28,36376

2, 0,3429186 / 28,71105

0, 0,3374821 / 29,04853

2, 0,284292 / 29,31529

0, 0,1636742 / 29,47897

3, 0,2030431 / 29,6486

0, 0,0641362 / 29,71273

2, 0,030063 / 29,71273

1, 0,3164759 / 30,02415

2, 0,0537303 / 30,07896

5, 0,3189849 / 30,39743

2, 0,4586335 / 30,82448

0, 0,0548085 / 30,87929

1, 0,7975327 / 31,64834

0, 0,3152298 / 31,96357

2, 0,0525816 / 31,99516

5, 0,4022927 / 32,39766

3, 0,1970591 / 32,59427

StartAnim : armStretch / 32,79546

2, 0,3713783 / 32,96285

1, 0,2895888 / 33,24849

0, 0,0860268 / 33,33451

2, 0,0321535 / 33,33451

0, 0,3450678 / 33,67958

2, 0,4919831 / 34,13469

1, 0,400068 / 34,53511

0, 0,3449702 / 34,88008

2, 0,8571975 / 35,71249

0, 0,3104872 / 36,02298

1, 0,1503704 / 36,1358

0, 0,1452022 / 36,281

2, 0,0231169 / 36,281

0, 0,0815265 / 36,36253

1, 0,1981675 / 36,51566

0, 0,218547 / 36,73421

StartAnim : longLook / 37,08097

StartAnim : handSalute / 37,3979

1, 1,368587 / 38,08043

0, 0,0545633 / 38,13499

4, 0,4832628 / 38,59718

0, 0,0528255 / 38,65

1, 0,0528255 / 38,68101

0, 0,513387 / 39,1944

1, 0,1468901 / 39,31125

0, 0,110431 / 39,42168

1, 1,515831 / 40,9097

0, 0,311417 / 41,22112

StartAnim : faceSmile / 41,58603

1, 1,926678 / 43,11926

0, 0,1177467 / 43,23701

1, 2,801495 / 46,00497

0, 0,1804004 / 46,18536

1, 0,4839116 / 46,63882

0, 0,3412958 / 46,98011

3, 0,0592623 / 47,00533

0, 0,3897713 / 47,3951

2, 0,0566663 / 47,42291

0, 0,8974124 / 48,32032

1, 1,023195 / 49,3233

0, 1,432254 / 50,75555

2, 0,8862771 / 51,6043

0, 0,4310919 / 52,03539

1, 0,2278375 / 52,23663

0, 0,5987162 / 52,83535

3, 0,1856552 / 52,97958

0, 1,027529 / 54,00712

2, 0,7643269 / 54,75558

0, 0,0509041 / 54,80648

1, 0,7352952 / 55,51984

0, 0,2852067 / 55,80504

1, 0,5796377 / 56,36234

0, 0,4731944 / 56,83554

1, 1,090031 / 57,8905

2, 0,2539624 / 58,15551

0, 0,051278 / 58,20679

StartAnim : LongLook / 58,37693

1, 0,6810523 / 58,86556

0, 1,00014 / 59,86571

2, 0,0331228 / 59,86571

3, 0,0275142 / 59,89709

4, 0,0884842 / 59,97589

0, 0,4603838 / 60,43628

1, 1,860072 / 62,26516

2, 0,0289469 / 62,32761

4, 0,0866444 / 62,38193

StartAnim : CaresseEntreCuisse / 62,83609

0, 0,8236103 / 63,20554

3, 0,2534288 / 63,43411

0, 0,0646001 / 63,49871

2, 0,0341614 / 63,49871

1, 1,222858 / 64,72148

2, 0,0303812 / 64,75181

4, 0,0303236 / 64,81618

3, 0,0643724 / 64,83899

0, 0,3377057 / 65,17669

1, 1,311577 / 66,46604

2, 0,0321969 / 66,49225

0, 0,0576167 / 66,54987

4, 0,0288636 / 66,54987

0, 0,0860592 / 66,63593

3, 0,0376601 / 66,63593

0, 0,2564224 / 66,89235

2, 0,2320449 / 67,09182

1, 1,170565 / 68,26627

2, 0,0308289 / 68,29254

0, 0,059183 / 68,35172

StartAnim : faceSmile / 68,37748

1, 0,1177409 / 68,43425

2, 0,1124786 / 68,55159

0, 0,1145553 / 68,66615

1, 1,455876 / 70,09085

2, 0,0278733 / 70,11956

1, 0,0287078 / 70,15679

0, 0,3672821 / 70,52408

3, 0,0558876 / 70,55846

0, 0,0766787 / 70,63514

3, 0,0280894 / 70,63514

0, 0,5423251 / 71,17747

2, 0,0307997 / 71,17747

0, 0,0875044 / 71,26498

1, 0,743713 / 71,97751

**********------------scene4------------**********

0, 0,0724805 / 0,0422237

2, 0,4450061 / 0,4402143

5, 0,0850378 / 0,5248901

5, 0,3438804 / 0,9254366

5, 0,1660521 / 1,700048

5, 0,0268966 / 1,783501

2, 1,398386 / 1,902586

0, 0,2263762 / 2,128962

1, 0,4297879 / 2,526181

StartAnim : LongLook / 2,526181

StartAnim : HandSalute / 2,814129

2, 0,6336916 / 3,152763

5, 0,0668496 / 3,225191

5, 0,0680305 / 3,45583

5, 0,0518787 / 3,570086

2, 0,5809764 / 3,772458

0, 0,0542007 / 3,826658

1, 0,5381074 / 4,326385

5, 0,0272264 / 4,374467

5, 0,0142859 / 4,770355

5, 0,0881642 / 4,881182

2, 0,5706169 / 4,905347

2, 0,0987422 / 5,059997

5, 0,2187797 / 5,126155

2, 0,8376912 / 5,926058

0, 0,0588952 / 5,984953

2, 0,3844945 / 6,354059

1, 0,2414767 / 6,57199

2, 0,0323998 / 6,596933

0, 0,5000565 / 7,096991

3, 0,0252086 / 7,096991

0, 0,0419023 / 7,138893

2, 0,3580594 / 7,484626

1, 0,5152963 / 7,996507

2, 0,2827027 / 8,238097

1, 0,7038233 / 8,955986

0, 0,0619312 / 9,017918

1, 0,0822323 / 9,059541

0, 0,038318 / 9,097858

1, 0,0223045 / 9,097858

0, 0,2782243 / 9,376082

1, 0,4544524 / 9,797654

2, 0,3584795 / 10,1726

1, 0,4412328 / 10,59761

2, 0,5433163 / 11,13961

1, 0,6739576 / 11,82531

1, 0,0563753 / 11,89869

2, 0,6408181 / 12,44177

1, 0,371394 / 12,81348

2, 0,5466896 / 13,3749

1, 0,9568396 / 14,11

StartAnim : LongLook / 14,29797

1, 0,0443813 / 14,55957

2, 0,7325517 / 14,84091

1, 1,329072 / 16,17193

2, 0,280995 / 16,45644

5, 0,316654 / 16,77114

3, 0,3468621 / 16,79511

3, 0,0180106 / 16,83817

5, 0,1541004 / 16,94289

2, 1,000031 / 17,95621

1, 1,751037 / 19,68167

2, 0,0207158 / 19,71303

1, 0,08918341 / 19,79786

2, 0,0892887 / 19,88379

1, 0,5377754 / 20,42783

0, 0,1148484 / 20,54268

1, 0,1996537 / 20,71457

0, 0,4809039 / 21,19547

3, 0,0287765 / 21,19547

2, 0,39907 / 21,59443

0, 0,0448858 / 21,63932

2, 0,2628856 / 21,88063

StartAnim : EyeBlink / 21,90351

0, 0,13306 / 22,01369

1, 1,303151 / 23,28046

0, 0,556993 / 23,83745

1, 1,974113 / 25,79415

1, 0,0214209 / 25,84015

2, 0,1574549 / 25,95655

1, 0,7276614 / 26,68116

2, 0,2369459 / 26,7698

1, 0,0403101 / 26,79831

2, 0,7614534 / 27,57147

5, 0,0402126 / 27,59509

3, 0,2540959 / 27,85579

2, 0,4709049 / 28,32503

2, 0,0283729 / 28,38456

1, 1,540875 / 29,69637

StartAnim : OpenLegs / 29,96924

2, 0,589732 / 30,28088

0, 0,1851578 / 30,46604

2, 0,0899131 / 31,39608

4, 0,0555469 / 31,45712

5, 1,010061 / 31,45712

2, 0,9134257 / 32,37112

5, 0,5573619 / 32,92677

2, 0,5584337 / 33,47958

0, 0,3610913 / 33,84067

1, 0,5433437 / 34,35294

0, 0,4710993 / 34,82404

1, 0,1153531 / 34,91269

2, 0,0551333 / 34,97444

0, 0,2501269 / 35,22456

1, 3,2843 / 38,47927

2, 0,0252283 / 38,499

StartAnim : touchCouchInvite / 39,0171

5, 0,537829 / 39,03809

2, 0,7121122 / 39,75213

0, 0,2843722 / 40,03651

2, 0,032293 / 40,03651

1, 0,3409384 / 40,38433

2, 0,028175 / 40,41507

0, 0,053592 / 40,46866

1, 0,0958627 / 40,54766

StartAnim : FaceSmile / 40,80022

0, 0,5224116 / 41,07008

4, 0,0263743 / 41,07008

0, 0,3436239 / 41,4137

2, 0,9695124 / 42,35375

2, 0,0789892 / 42,56831

5, 0,2432539 / 42,59093

0, 0,0473656 / 42,63829

4, 0,0218445 / 42,63829

0, 0,4850443 / 43,12334

4, 0,0279797 / 43,12334

0, 0,5566216 / 43,67997

4, 0,0147296 / 43,67997

0, 0,3586452 / 44,03861

1, 0,030829 / 44,03861

2, 0,170777 / 44,21325

1, 0,1447047 / 44,3582

2, 0,1843769 / 44,54217

1, 1,527569 / 46,07195

2, 0,7728962 / 46,72317

2, 0,1712765 / 46,97174

5, 1,158485 / 47,8804

2, 1,032254 / 48,39545

1, 3,424749 / 51,82526

2, 0,0302167 / 51,86142

**********------------scene5------------**********

5, 0,527727 / 0,0290282

0, 1,21483 / 1,243858

2, 0,0848572 / 1,308721

1, 0,3768969 / 1,644466

2, 0,3828389 / 2,030405

0, 0,0597892 / 2,090194

5, 0,0304882 / 2,090194

2, 0,3181362 / 2,378415

0, 0,2233477 / 2,601763

2, 0,033526 / 2,601763

0, 0,1717566 / 2,77352

1, 0,5288858 / 3,25982

2, 0,2497819 / 3,514663

5, 0,0952549 / 3,618969

2, 0,1823746 / 3,76478

0, 0,0786985 / 3,843478

2, 0,3290852 / 4,148225

1, 0,2144416 / 4,372936

2, 0,0284028 / 4,402733

1, 0,7016963 / 5,103941

2, 0,3140064 / 5,389365

1, 0,9678009 / 6,2018

2, 0,385755 / 6,590595

1, 0,0911292 / 6,690631

2, 0,0525537 / 6,748839

1, 0,0711756 / 6,802606

2, 0,0354857 / 6,846047

1, 0,7218735 / 7,570477

2, 0,0644709 / 7,618699

0, 1,366912 / 8,985612

2, 0,01697 / 8,985612

1, 0,5124598 / 9,502993

StartAnim : ShortLook / 9,662323

2, 0,6280698 / 10,12934

4, 0,0270136 / 10,15133

5, 0,2045641 / 10,33147

5, 0,0240886 / 10,4591

2, 0,313313 / 10,60036

StartAnim : FaceSmile / 10,62343

5, 0,1389345 / 10,64269

2, 0,2619175 / 10,90346

1, 0,8192272 / 11,72877

2, 0,7804608 / 12,50428

1, 0,5606703 / 13,07211

0, 0,4418623 / 13,51397

5, 0,0296222 / 14,07392

2, 0,6303864 / 14,13038

0, 0,3292482 / 14,45962

2, 0,0148681 / 14,45962

0, 0,044212 / 14,50383

2, 0,0848583 / 14,55806

0, 0,0868078 / 14,64487

2, 0,7599093 / 15,38593

1, 0,3030684 / 15,68556

0, 0,18196 / 15,86752

1, 0,013622 / 15,86752

0, 0,0896797 / 15,9572

2, 0,6690401 / 16,60286

1, 0,2273418 / 16,8178

2, 0,0303439 / 16,83857

1, 2,599695 / 19,4425

2, 0,6489408 / 20,08941

StartAnim : OpenLegs / 20,14681

1, 0,5495695 / 20,63233

2, 0,0163163 / 20,66917

5, 0,4283675 / 21,08467

5, 0,0752211 / 21,2003

5, 0,2011941 / 21,42994

5, 0,0210419 / 21,68488

5, 0,1033743 / 22,00459

3, 1,226042 / 22,14565

0, 0,0408526 / 22,18651

3, 0,0263197 / 22,18651

0, 0,0602188 / 22,24673

2, 0,0602188 / 22,27136

StartAnim : TouchCouchInvite / 22,42478

StartAnim : LongLook / 22,97155

StartAnim : FaceSmile / 23,37533

1, 2,784126 / 25,06229

2, 0,6016835 / 25,65979

1, 0,4267698 / 26,08475

2, 0,0254397 / 26,10656

5, 0,3570972 / 26,45918

3, 1,346818 / 27,46185

0, 0,0498297 / 27,51167

3, 0,0223526 / 27,51167

0, 0,0647138 / 27,57639

3, 0,0997393 / 27,65794

0, 0,0605131 / 27,71845

3, 0,0265704 / 27,71845

0, 0,0568734 / 27,77532

3, 0,1696561 / 27,92168

5, 0,3404083 / 28,24374

0, 0,2422959 / 28,48603

3, 0,0163512 / 28,48603

0, 0,0646492 / 28,55068

3, 0,0290981 / 28,55068

5, 0,0708462 / 28,60171

0, 0,1507559 / 28,75247

3, 0,2668506 / 28,9886

0, 0,08318239 / 29,07178

5, 0,2437374 / 29,28464

3, 0,0980349 / 29,39406

0, 0,1217677 / 29,51583

3, 0,1309828 / 29,61556

0, 0,0464825 / 29,66204

3, 0,0464825 / 29,68694

0, 0,0569542 / 29,7439

2, 0,0723211 / 29,82204

1, 0,7152969 / 30,52789

2, 0,3848573 / 30,91698

5, 0,4574451 / 31,34443

0, 0,1206319 / 31,46506

2, 0,0282161 / 31,46506

1, 0,1260604 / 31,57492

2, 0,0453947 / 31,62935

5, 0,0280088 / 31,65928

0, 0,0548344 / 31,71412

StartAnim : PenisTouch / 31,75657

5, 0,0972848 / 31,78029

0, 0,0495155 / 31,82981

5, 0,1335951 / 31,92975

0, 0,1755503 / 32,1053

5, 0,130022 / 32,21592

0, 0,1423856 / 32,3583

StartAnim : ShortLook / 32,38915

5, 0,0880514 / 32,41981

0, 0,0394559 / 32,45926

5, 0,1502894 / 32,58827

0, 0,0546085 / 32,64288

5, 0,4274843 / 33,02985

2, 0,0140897 / 33,05962

5, 0,0564338 / 33,11555

0, 0,0458456 / 33,1614

2, 0,1044645 / 33,2442

1, 0,5699533 / 33,82096

0, 0,1863111 / 34,00728

StartAnim : CloseEyes / 35,06129

1, 1,357776 / 35,3295

2, 0,0272873 / 35,35789

3, 0,0283903 / 35,38861

5, 0,4592286 / 35,81784

0, 0,133977 / 35,95182

5, 0,0849484 / 36,01764

0, 0,1097754 / 36,12741

5, 0,3737413 / 36,48322

0, 0,1173218 / 36,60054

5, 0,1829537 / 36,74409

3, 0,4603472 / 37,21764

0, 0,0419939 / 37,25964

2, 0,0857251 / 37,32856

StartAnim : OpenEyes / 37,88393

StartAnim : StartErect / 38,16966

1, 1,44058 / 38,77327

0, 0,08665739 / 38,85993

1, 2,797602 / 41,62918

4, 0,2850889 / 41,9283

5, 0,2850889 / 41,9283

2, 0,1449366 / 42,01842

1, 0,5424691 / 42,55601

0, 0,0721806 / 42,62819

1, 0,2603538 / 42,85868

2, 0,0174285 / 42,88361

0, 0,0500689 / 42,93367

4, 0,0257612 / 42,93367

StartAnim : CloseEyes / 43,01473

5, 0,2434861 / 43,15099

0, 0,175565 / 43,32655

5, 0,0636819 / 43,37852

0, 0,349577 / 43,72809

5, 0,0554824 / 43,75476

0, 0,0524536 / 43,80721

5, 0,0242463 / 43,80721

0, 0,053254 / 43,86047

5, 0,0322018 / 43,86047

0, 0,1096835 / 43,97015

2, 0,1746457 / 44,12804

StartAnim : OpenEyes / 44,54338

1, 1,441971 / 45,57326

2, 0,028709 / 45,60081

5, 0,1123396 / 45,71925

0, 0,0544436 / 45,77369

3, 0,0321357 / 45,77369

0, 0,7291731 / 46,50287

5, 0,0692858 / 46,54818

0, 0,0683886 / 46,61657

5, 0,1144373 / 46,70129

0, 0,0770542 / 46,77834

5, 0,0168216 / 46,77834

2, 0,286594 / 47,06023

StartAnim : CloseEyes / 47,90091

1, 1,197991 / 48,24178

2, 0,0136395 / 48,26151

0, 0,0425274 / 48,30404

5, 0,0847829 / 48,37383

3, 0,31127 / 48,6319

0, 0,1298101 / 48,76171

5, 0,2753374 / 49,02848

0, 0,0986191 / 49,12709

5, 0,0614671 / 49,1692

0, 0,1092931 / 49,27849

3, 0,1821561 / 49,42723

5, 0,076236 / 49,50214

0, 0,0405423 / 49,54268

3, 0,1691859 / 49,70553

0, 0,0640807 / 49,76962

3, 0,176212 / 49,9271

2, 0,2321725 / 50,16045

StartAnim : OpenEyes / 50,27345

StartAnim : StopTouchPenis / 50,7438

1, 0,9220369 / 51,07193

2, 0,0127824 / 51,10851

5, 0,0901916 / 51,18702

5, 0,0438959 / 51,34311

5, 0,0590409 / 51,46428

2, 0,5058706 / 51,63394

StartAnim : TouchCouchInvite / 51,70269

0, 0,0923411 / 51,72628

2, 0,0624428 / 51,76949

1, 1,999673 / 53,76993

2, 0,4715456 / 54,24419

**********------------scene6------------**********

5, 0,1954441 / 0,0258186

0, 0,1147737 / 0,1405923

2, 0,1457389 / 0,2540745

5, 0,0822342 / 0,3454747

0, 0,2834217 / 0,6288964

2, 0,0619396 / 0,6539201

StartAnim : OpenLegs / 0,6859849

1, 0,2845684 / 0,9427933

2, 0,8856197 / 1,826698

0, 0,2890872 / 2,115785

2, 0,4859249 / 2,567729

0, 0,2314209 / 2,79915

5, 0,0586712 / 2,825759

0, 0,1134703 / 2,939229

3, 0,136946 / 3,042197

0, 0,099263 / 3,14146

2, 0,0544412 / 3,168633

1, 0,5714893 / 3,728345

2, 0,0425791 / 3,779643

5, 0,1142309 / 3,868196

0, 0,2152942 / 4,083491

3, 0,0721764 / 4,139703

0, 0,0615399 / 4,201242

3, 0,1006598 / 4,268464

2, 1,360893 / 5,624153

0, 0,3567201 / 5,980873

2, 0,8070689 / 6,767968

4, 0,1018493 / 6,824637

StartAnim : LongLook / 6,845853

StartAnim : StartTouchPenis / 6,895843

5, 0,9877041 / 7,49721

2, 0,8504941 / 7,64018

1, 0,4954403 / 8,126309

2, 0,0124079 / 8,156649

4, 0,1427441 / 8,295391

4, 0,4570968 / 9,039548

5, 0,9603963 / 9,111866

0, 0,0439862 / 9,155852

3, 0,1701568 / 9,303413

5, 0,0213909 / 9,324243

2, 0,2987865 / 9,624758

1, 0,167498 / 9,802518

2, 0,0328177 / 9,824811

1, 0,06518359 / 9,881899

StartAnim : CloseEyes / 10,01374

2, 0,1460427 / 10,04087

1, 0,8688006 / 10,91376

0, 0,3267113 / 11,24047

2, 0,4266829 / 11,65459

4, 0,0925947 / 11,74079

2, 0,195023 / 11,92434

StartAnim : OpenEyes / 11,94335

4, 0,0190053 / 11,96825

4, 0,3301895 / 12,49784

4, 0,0423373 / 12,56845

5, 1,199312 / 12,84189

0, 0,0419193 / 12,88381

2, 0,0898353 / 12,95704

1, 0,2157604 / 13,17052

2, 0,0230395 / 13,2003

1, 0,0993207 / 13,29573

0, 0,0422094 / 13,33794

2, 0,1073253 / 13,42655

1, 0,4237174 / 13,858

0, 0,3455466 / 14,20355

2, 0,4173408 / 14,58434

1, 0,624018 / 15,20436

2, 0,0240965 / 15,22456

4, 0,1513198 / 15,38049

5, 0,176132 / 15,40692

0, 0,0528461 / 15,45976

5, 0,0772545 / 15,51354

0, 0,0425926 / 15,55613

4, 0,0249311 / 15,55613

5, 0,0249311 / 15,55613

3, 0,505013 / 16,06814

5, 0,0246567 / 16,09168

2, 1,87304 / 17,96665

1, 0,5846512 / 18,55513

2, 0,2839464 / 18,82854

StartAnim : CloseEyes / 19,18457

1, 1,075939 / 19,91256

2, 0,7997333 / 20,71368

1, 0,8721616 / 21,58098

2, 0,0233634 / 21,60601

0, 0,0385876 / 21,6446

4, 0,062742 / 21,68672

5, 0,0807054 / 21,71272

3, 0,0828976 / 21,79896

StartAnim : OpenEyes / 21,83002

0, 0,0548698 / 21,85383

3, 0,3148579 / 22,13812

5, 0,1448813 / 22,2825

3, 0,2364502 / 22,51173

0, 0,0686501 / 22,58039

3, 0,1075814 / 22,6732

4, 0,0659829 / 22,73738

5, 0,2663547 / 22,92892

2, 0,3409869 / 23,28607

StartAnim : CloseEyes / 24,6244

1, 1,86218 / 25,14003

2, 0,0251324 / 25,16988

1, 1,257321 / 26,42409

StartAnim : FastPenisTouch / 26,82323

0, 0,544792 / 26,96888

StartAnim : OpenEyes / 26,96888

1, 0,2854816 / 27,22382

2, 0,0259789 / 27,24497

0, 0,4100859 / 27,65506

3, 0,1564757 / 27,79743

0, 0,0684545 / 27,86588

3, 0,1050768 / 27,95565

0, 0,0985708 / 28,05423

3, 0,0594103 / 28,11609

4, 0,0585213 / 28,16924

5, 0,0585213 / 28,16924

3, 0,1420646 / 28,31602

2, 0,0872676 / 28,39861

StartAnim : CloseEyes / 28,59978

1, 0,9251894 / 29,31009

StartAnim : OpenEyes / 29,49545

2, 0,7025745 / 30,02254

0, 0,0438072 / 30,06635

4, 0,1047935 / 30,15504

5, 0,1047935 / 30,15504

0, 0,2001217 / 30,35517

3, 0,5293107 / 30,86696

StartAnim : CloseEyes / 31,0235

5, 0,4836673 / 31,33812

0, 0,0613661 / 31,39948

5, 0,0623013 / 31,44467

5, 0,0432336 / 32,02253

2, 0,8581824 / 32,25501

5, 0,030366 / 32,29019

0, 0,3200598 / 32,61025

3, 0,05183 / 32,64396

0, 0,0814712 / 32,72543

5, 0,0561543 / 32,76295

StartAnim : OpenEyes / 32,76295

0, 0,4624338 / 33,22538

2, 0,0305493 / 33,22538

StartAnim : PenisEjac / 33,33995

1, 0,5691295 / 33,80471

2, 0,0375349 / 33,83462

3, 0,8917665 / 34,72331

2, 0,4446089 / 35,16702

1, 0,6183403 / 35,78288

2, 0,0234597 / 35,81063

1, 0,0703565 / 35,88571

2, 0,0638132 / 35,94169

1, 0,4122511 / 36,35721

StartAnim : StopTouchPenis / 36,38224

5, 0,0619207 / 36,46622

2, 0,3158012 / 36,67063

4, 0,0255275 / 36,69417

5, 0,1991716 / 36,82221

5, 0,0189591 / 36,91316

2, 0,4200444 / 37,14865

StartAnim : DeErect / 37,22283

5, 0,1966118 / 37,32635

0, 0,0524697 / 37,37881

5, 0,2298747 / 37,58428

2, 0,5838281 / 38,12408

5, 0,0420355 / 38,14489

2, 0,3165653 / 38,46721

5, 0,0174559 / 38,46721

3, 0,114642 / 38,58082

5, 0,2414815 / 38,82195

3, 0,0418492 / 38,85167

3, 0,0244882 / 39,06985

3, 0,0307299 / 39,18093

5, 0,573876 / 39,42241

2, 0,2636391 / 39,66575

5, 0,0438482 / 39,71222

5, 0,019688 / 39,75484

2, 0,4375036 / 40,15561

1, 0,0309463 / 40,18063

2, 0,5135915 / 40,69441

5, 0,2408338 / 40,92684

2, 0,2478736 / 41,04518

**********------------Fin_Relaxation------------**********

