**********------------scene1------------**********

0, 2,065842 / 2,065842

2, 0,1659516 / 2,172171

0, 0,0824046 / 2,254576

1, 0,2132401 / 2,4233

0, 0,0904212 / 2,513721

3, 0,1528515 / 2,598587

0, 0,2376947 / 2,836281

2, 0,0207739 / 2,836281

1, 0,6710264 / 3,505898

0, 0,0786264 / 3,584524

1, 0,2733801 / 3,807059

3, 0,02778 / 3,831595

0, 1,287677 / 5,119274

2, 0,1098184 / 5,185753

0, 0,0659431 / 5,251697

2, 0,0342405 / 5,251697

0, 0,1824194 / 5,434116

2, 0,0359949 / 5,434116

1, 0,437155 / 5,877575

0, 0,0708067 / 5,948382

1, 0,2471043 / 6,162561

0, 0,2190306 / 6,381591

3, 0,2554921 / 6,610253

0, 0,0705915 / 6,680844

2, 0,0406011 / 6,680844

4, 0,8299308 / 7,795126

5, 1,144272 / 7,820562

2, 0,0254357 / 7,847535

1, 0,6828143 / 8,535538

2, 0,0321587 / 8,56958

0, 0,1958954 / 8,765475

3, 0,3454849 / 9,090403

0, 0,8167837 / 9,907187

3, 0,871022 / 10,74792

0, 5,521169 / 16,26909

7, 0,0350287 / 16,26909

0, 3,925252 / 20,19434

1, 0,1471221 / 20,30523

0, 0,600706 / 20,90593

3, 0,3380411 / 21,18931

0, 0,0671269 / 21,25644

2, 0,260503 / 21,48353

1, 0,5179969 / 22,00698

2, 0,039171 / 22,03958

5, 0,0325971 / 22,07714

0, 0,3501519 / 22,42729

5, 0,0268622 / 22,42729

0, 5,620479 / 28,04777

1, 0,211026 / 28,22403

0, 0,0994008 / 28,32343

1, 0,5610453 / 28,8629

0, 0,5906478 / 29,45354

4, 0,0333937 / 29,45354

0, 0,3373742 / 29,79092

3, 0,2937976 / 30,04794

4, 0,2937976 / 30,04794

0, 0,1851504 / 30,23309

3, 0,2972531 / 30,50365

0, 0,184476 / 30,68813

3, 0,0259871 / 30,68813

2, 0,3151341 / 30,99155

1, 0,611919 / 31,60731

0, 0,6392652 / 32,24657

1, 1,120722 / 33,33162

2, 0,6523266 / 33,99313

4, 0,6266124 / 34,68084

5, 0,7157325 / 34,68084

2, 0,328845 / 35,00301

1, 0,2741008 / 35,28904

0, 5,158175 / 40,4472

1, 0,1966395 / 40,6085

0, 0,3708395 / 40,97934

1, 0,0256589 / 40,97934

0, 0,0706137 / 41,04995

2, 0,1265724 / 41,13334

0, 7,12963 / 48,26293

2, 0,1555584 / 48,37825

0, 0,0703125 / 48,44856

1, 1,886148 / 50,28776

0, 0,0861549 / 50,37391

3, 0,0304122 / 50,37391

0, 0,1743226 / 50,54823

4, 0,0226061 / 50,54823

0, 0,2008181 / 50,74905

5, 0,3852686 / 51,10321

4, 0,4834528 / 51,2347

6, 0,3517648 / 51,59295

7, 0,0395044 / 51,62856

0, 0,1193555 / 51,74792

7, 0,1512982 / 51,8399

0, 0,2517345 / 52,09164

7, 0,4253461 / 52,48146

0, 0,2826579 / 52,76412

4, 0,0360326 / 52,76412

0, 1,961579 / 54,72571

1, 0,0393362 / 54,72571

0, 0,3962378 / 55,12195

1, 0,8812508 / 55,96516

0, 0,0690649 / 56,03422

2, 0,0385871 / 56,03422

0, 0,2979035 / 56,33212

4, 0,8218952 / 57,3325

4, 0,1217153 / 57,51954

5, 1,266975 / 57,54935

4, 0,0610163 / 57,61713

5, 0,8529048 / 58,43415

0, 0,0594599 / 58,49361

StartAnim : touchMagazine / 58,92211

5, 0,8447899 / 59,31121

4, 2,254867 / 60,81783

0, 0,1863115 / 61,00415

4, 1,955102 / 62,94056

0, 0,3656934 / 63,30626

1, 1,247433 / 64,53318

**********------------scene2------------**********

0, 3,622268 / 0,2532441

1, 0,0867378 / 0,3142629

0, 1,541829 / 1,856091

2, 0,169086 / 2,000062

0, 0,1710456 / 2,171108

3, 0,0849575 / 2,227147

0, 0,3254647 / 2,552612

1, 0,1226427 / 2,612099

0, 0,1716181 / 2,783717

1, 0,3092202 / 3,038955

0, 0,370639 / 3,409594

3, 0,5503573 / 3,939549

0, 0,3004542 / 4,240004

4, 1,040772 / 5,253206

5, 0,8148069 / 5,283394

2, 0,0590656 / 5,336104

0, 0,2456146 / 5,581718

1, 0,1277448 / 5,668002

0, 0,3843117 / 6,052314

3, 0,0841979 / 6,113235

0, 1,880159 / 7,993394

4, 0,285824 / 8,24068

5, 0,285824 / 8,24068

2, 0,0161378 / 8,273467

0, 0,4417621 / 8,715229

1, 0,5182344 / 9,195588

0, 0,4412605 / 9,636847

3, 0,2165794 / 9,828847

0, 0,2093627 / 10,03821

3, 1,299047 / 11,31004

0, 1,543167 / 12,85321

1, 0,0603297 / 12,88669

0, 0,3832705 / 13,26996

4, 0,0621858 / 13,29498

5, 0,6669597 / 13,93668

6, 0,9789316 / 14,91197

0, 0,1310115 / 15,04298

6, 0,0380548 / 15,04298

0, 6,156713 / 21,1997

1, 0,1401156 / 21,26895

0, 0,4145012 / 21,68345

3, 0,3999209 / 22,04215

0, 0,2998422 / 22,342

1, 0,1212376 / 22,41338

0, 0,1395545 / 22,55294

1, 0,6018742 / 23,11177

0, 0,3164009 / 23,42817

2, 0,3384997 / 23,72604

0, 0,5483465 / 24,27439

5, 0,2169628 / 24,49599

4, 0,3610877 / 24,83144

0, 0,1068445 / 24,93829

3, 0,1636948 / 25,03032

0, 0,5972705 / 25,62759

1, 0,1844744 / 25,76812

0, 1,543643 / 27,31175

1, 0,9956788 / 28,26634

0, 0,0851849 / 28,35153

1, 0,3157772 / 28,63918

0, 2,096781 / 30,73596

1, 0,0566731 / 30,7649

0, 0,7468885 / 31,5118

3, 0,0869178 / 31,56423

0, 2,06041 / 33,62465

1, 0,2150043 / 33,79811

0, 0,7820262 / 34,58013

1, 0,2280566 / 34,78281

0, 1,283438 / 36,06625

2, 0,7523595 / 36,79573

0, 0,0863317 / 36,88206

2, 0,1228211 / 36,98068

0, 0,2028329 / 37,18351

2, 0,0873004 / 37,23787

0, 0,329667 / 37,56754

3, 0,06899001 / 37,60907

StartAnim : shortLook / 38,83718

0, 1,703421 / 39,31248

**********------------scene3------------**********

1, 1,972486 / 0,0287634

0, 0,8708524 / 0,8996158

3, 0,0530149 / 0,9292971

0, 0,5720033 / 1,501301

1, 0,2311706 / 1,701507

0, 0,9728578 / 2,674364

3, 0,3988899 / 3,045284

0, 0,2280978 / 3,273382

1, 0,2274192 / 3,479727

0, 1,766599 / 5,246329

1, 0,4014835 / 5,615349

0, 0,8607742 / 6,476124

1, 0,6317536 / 7,07516

0, 0,054123 / 7,129283

1, 0,054123 / 7,160727

0, 0,6560651 / 7,816792

3, 0,2875015 / 8,073297

0, 0,057275 / 8,130571

2, 1,08584 / 9,186698

0, 0,3427427 / 9,529441

2, 0,0255251 / 9,529441

0, 0,1687094 / 9,698151

4, 0,3107387 / 9,98745

3, 0,744985 / 10,73128

0, 0,1161791 / 10,84746

1, 1,208542 / 12,04671

2, 0,2643823 / 12,30228

5, 0,0379035 / 12,33009

4, 0,2853041 / 12,61808

0, 1,398668 / 14,01675

1, 0,0301911 / 14,01675

0, 0,0571296 / 14,07388

2, 0,0308384 / 14,07388

0, 0,313078 / 14,38696

2, 0,1993126 / 14,56384

0, 0,0801466 / 14,64398

1, 0,2281898 / 14,84834

0, 0,6269385 / 15,47528

1, 0,2599228 / 15,70099

3, 0,0263337 / 15,72921

0, 0,0583638 / 15,78758

1, 2,318007 / 18,07164

2, 0,0244291 / 18,10122

0, 0,5416281 / 18,64285

3, 0,8309426 / 19,44216

0, 0,345109 / 19,78727

1, 0,4825732 / 20,24208

2, 0,2863258 / 20,5351

5, 0,2284905 / 20,5351

0, 0,0728054 / 20,6079

4, 0,3536016 / 20,91746

6, 0,08552229 / 21,02165

7, 0,4997649 / 21,50176

0, 1,042606 / 22,54436

7, 0,6403823 / 23,14322

0, 0,0613071 / 23,20452

5, 0,399799 / 23,57155

0, 0,0637947 / 23,63534

4, 1,470132 / 25,07071

0, 0,087809 / 25,15852

4, 0,9110919 / 26,04421

0, 0,0591582 / 26,10337

6, 0,3726486 / 26,44279

0, 0,0601051 / 26,50289

5, 0,5996305 / 27,07133

4, 0,913018 / 27,9844

0, 0,1731388 / 28,15754

6, 0,1684339 / 28,30398

0, 0,0506579 / 28,35464

5, 0,565917 / 28,90049

0, 0,1413918 / 29,04188

4, 0,2289878 / 29,24492

0, 0,2752406 / 29,52016

4, 0,0294826 / 29,52016

0, 0,1659266 / 29,68609

4, 0,0269756 / 29,68609

5, 0,1467123 / 29,82874

0, 0,2011516 / 30,0299

4, 0,0311467 / 30,0299

0, 0,4840043 / 30,5139

4, 0,028714 / 30,5139

0, 0,0778094 / 30,59171

6, 0,4293506 / 30,97348

4, 0,030228 / 31,00142

2, 0,3447693 / 31,34255

0, 0,5992316 / 31,94178

3, 0,0300941 / 32,00267

StartAnim : armStretch / 32,82841

5, 1,02341 / 32,94312

0, 0,2633028 / 33,20642

2, 0,0631535 / 33,22969

1, 0,0795302 / 33,31558

0, 0,4578057 / 33,77338

1, 0,0321785 / 33,77338

0, 0,0848809 / 33,85827

2, 0,3834988 / 34,22894

0, 0,1134356 / 34,34237

1, 0,2578921 / 34,57243

2, 0,0279712 / 34,60356

0, 0,3095592 / 34,91312

4, 0,1412765 / 35,03882

0, 0,5026614 / 35,54148

3, 0,025033 / 35,54148

4, 0,0592795 / 35,59896

0, 0,9163917 / 36,51536

6, 0,3158785 / 36,80465

4, 0,0316175 / 36,82819

0, 0,0593475 / 36,88754

2, 0,0289307 / 36,88754

0, 0,0556588 / 36,9432

2, 0,0556588 / 36,99121

StartAnim : longLook / 37,11604

StartAnim : handSalute / 37,39976

1, 0,7418436 / 37,71284

0, 0,6015538 / 38,3144

4, 1,284424 / 39,57158

2, 0,0588617 / 39,62863

1, 0,5274149 / 40,15983

0, 0,2843575 / 40,44419

1, 0,0790726 / 40,49826

0, 0,060355 / 40,55861

1, 0,0298592 / 40,55861

0, 0,0544762 / 40,61308

1, 0,1047636 / 40,67854

0, 0,6485116 / 41,32705

2, 0,0254182 / 41,32705

0, 0,147554 / 41,4746

StartAnim : faceSmile / 41,61334

2, 0,4278102 / 41,87599

0, 0,1982648 / 42,07425

1, 0,3989736 / 42,44124

0, 0,7163727 / 43,15762

1, 0,6575546 / 43,78984

2, 0,0326288 / 43,81202

1, 0,0836025 / 43,91986

0, 0,2121735 / 44,13203

1, 0,627021 / 44,72713

0, 0,3141236 / 45,04125

1, 0,5526284 / 45,58519

0, 0,1426894 / 45,72788

1, 0,0229274 / 45,72788

0, 0,1161329 / 45,84401

1, 0,1067645 / 45,90154

0, 0,3732708 / 46,27481

1, 0,2006357 / 46,44352

0, 0,2275975 / 46,67112

1, 0,0319997 / 46,67112

0, 0,2289475 / 46,90007

2, 0,3141952 / 47,18348

5, 0,0256271 / 47,2133

4, 0,5458684 / 47,7591

0, 0,1996941 / 47,9588

4, 0,0301118 / 47,9588

2, 0,2330738 / 48,20517

0, 0,054555 / 48,25973

1, 0,7423919 / 48,97412

0, 1,084513 / 50,05864

2, 0,2284174 / 50,2578

0, 0,226635 / 50,48444

2, 0,032586 / 50,48444

0, 0,8605383 / 51,34498

2, 0,0276588 / 51,34498

0, 0,0551439 / 51,40012

4, 0,7986023 / 52,16996

5, 0,3392662 / 52,51255

2, 0,4006742 / 52,91579

0, 0,4817153 / 53,3975

5, 0,4504985 / 53,82822

2, 0,7153625 / 54,08659

3, 0,1086753 / 54,19714

0, 0,2316079 / 54,42875

3, 0,0287971 / 54,42875

0, 0,5691873 / 54,99795

1, 0,0540406 / 55,02793

0, 0,4571491 / 55,48508

2, 0,2276575 / 55,6838

0, 0,5709642 / 56,25476

2, 0,0283724 / 56,25476

0, 0,0587671 / 56,31352

4, 0,5765132 / 56,85688

5, 0,2853803 / 57,14429

2, 1,058847 / 57,94076

0, 0,088746 / 58,02951

2, 0,1441852 / 58,14161

StartAnim : LongLook / 58,4193

0, 1,629015 / 59,77062

2, 0,0269014 / 59,77062

0, 0,0587941 / 59,82942

3, 0,0285558 / 59,82942

4, 1,083868 / 60,91543

2, 0,0665279 / 60,97063

0, 0,057596 / 61,02822

1, 0,1692483 / 61,19281

0, 0,2471365 / 61,43994

1, 0,7290546 / 62,15679

0, 0,1977791 / 62,35457

2, 0,0273278 / 62,35457

0, 0,0599423 / 62,41451

StartAnim : CaresseEntreCuisse / 62,85623

4, 0,9860193 / 63,3703

0, 0,0603727 / 63,43068

4, 0,0603727 / 63,45542

0, 0,0597948 / 63,51521

2, 0,22796 / 63,7133

0, 0,6020796 / 64,31538

2, 0,0290329 / 64,31538

0, 0,0840883 / 64,39946

4, 1,086488 / 65,45585

2, 0,0285322 / 65,484

0, 0,055827 / 65,53983

1, 0,4388462 / 65,94027

2, 0,0174112 / 65,97466

0, 0,0724523 / 66,04711

4, 0,6506293 / 66,65473

0, 0,0606426 / 66,71538

2, 0,0297824 / 66,71538

1, 0,7190111 / 67,42882

0, 0,5439752 / 67,97279

StartAnim : faceSmile / 68,39938

2, 0,8563387 / 68,80054

1, 0,7798825 / 69,56825

0, 0,1646057 / 69,73286

1, 0,09520949 / 69,77159

0, 0,1138777 / 69,88547

1, 0,0296426 / 69,88547

0, 0,0890756 / 69,97454

1, 0,6807556 / 70,62587

0, 0,3462973 / 70,97217

2, 0,08988459 / 71,04825

5, 0,4412621 / 71,46998

4, 0,4884785 / 71,95446

**********------------scene4------------**********

5, 0,1128817 / 0,0402175

2, 0,4931204 / 0,5251986

4, 0,1072775 / 1,384872

5, 0,8917513 / 1,411414

2, 0,8928804 / 2,293535

0, 0,0562124 / 2,349747

StartAnim : LongLook / 2,524171

StartAnim : HandSalute / 2,808728

1, 0,5700419 / 2,893261

2, 0,5881214 / 3,479133

4, 0,5014268 / 4,007433

5, 0,7428256 / 4,027093

2, 0,0701276 / 4,066442

1, 0,7286811 / 4,808478

0, 0,2484611 / 5,056939

2, 0,3444745 / 5,378811

4, 0,5850747 / 5,963812

5, 0,5850747 / 5,963812

2, 0,9126984 / 6,865876

1, 0,2876855 / 7,135404

2, 0,8270525 / 7,950492

4, 0,315933 / 8,279221

5, 0,3428641 / 8,309853

0, 0,0829056 / 8,392758

7, 0,2156573 / 8,577982

0, 0,0471775 / 8,625159

3, 0,072326 / 8,67963

5, 0,1867018 / 8,795064

0, 0,1740691 / 8,969132

3, 0,0110846 / 8,969132

5, 0,0110846 / 8,969132

0, 0,1816607 / 9,150793

2, 0,8005789 / 9,926007

1, 0,7408924 / 10,49449

0, 0,1056053 / 10,6001

1, 0,0283559 / 10,6001

0, 0,866014 / 11,46611

7, 0,2446919 / 11,66781

0, 0,0968236 / 11,76464

5, 0,273351 / 12,00791

4, 0,3694826 / 12,37805

5, 0,0617536 / 12,49564

4, 0,1561381 / 12,61186

StartAnim : LongLook / 14,29698

2, 3,565262 / 15,56628

3, 0,0175151 / 15,59395

7, 0,4417272 / 16,03584

0, 0,3272683 / 16,36311

4, 0,5902323 / 16,9357

5, 0,5902323 / 16,9357

0, 0,7144877 / 17,65019

2, 0,6997446 / 18,32153

3, 0,3714058 / 18,6959

2, 2,497819 / 21,19506

StartAnim : EyeBlink / 21,89368

2, 0,0453834 / 22,60706

1, 1,898159 / 22,79349

0, 0,0862162 / 22,87971

2, 0,0916468 / 22,9248

2, 0,1935733 / 23,36834

1, 0,454289 / 23,39563

2, 0,1672882 / 23,56641

2, 0,031258 / 24,00718

1, 3,271887 / 26,8362

2, 2,51379 / 29,00578

1, 0,7859385 / 29,43516

1, 0,064456 / 29,57948

2, 0,3702042 / 29,57948

0, 0,068868 / 29,64834

1, 0,1072443 / 29,72652

0, 0,0678237 / 29,79434

1, 0,0417744 / 29,82018

StartAnim : OpenLegs / 29,95328

0, 0,7285781 / 30,54876

2, 0,0257792 / 30,54876

0, 0,0618527 / 30,61061

4, 0,2616404 / 30,83411

5, 0,8749023 / 31,4513

2, 0,027641 / 31,47834

5, 0,0270345 / 31,50644

2, 0,3330073 / 31,83694

1, 0,7850118 / 32,61991

0, 0,07861739 / 32,69853

2, 3,613085 / 36,27906

4, 0,2225263 / 36,807

5, 0,525957 / 36,807

0, 0,4140321 / 37,22103

2, 0,0249669 / 37,22103

4, 1,085001 / 38,30808

4, 0,09880669 / 38,57648

5, 1,458941 / 38,69151

0, 0,1022619 / 38,79377

4, 0,1986837 / 38,95058

StartAnim : touchCouchInvite / 38,99079

0, 0,3444794 / 39,29506

4, 0,2978279 / 39,56396

0, 0,9763482 / 40,54031

StartAnim : FaceSmile / 40,79364

5, 0,5134723 / 41,32361

2, 1,107238 / 41,6136

1, 0,2458847 / 41,85021

2, 0,6475725 / 42,50753

1, 0,0848807 / 42,59071

2, 0,0536375 / 42,6141

1, 0,1030575 / 42,72392

0, 0,0531522 / 42,77707

2, 0,6699373 / 43,42501

5, 0,399943 / 43,82106

0, 0,3016282 / 44,12269

2, 0,4566952 / 44,57793

5, 0,5011094 / 44,60441

3, 0,1884342 / 44,79264

0, 0,2313918 / 45,02403

5, 0,0642762 / 45,07761

2, 1,186746 / 46,26441

5, 0,556888 / 46,80756

3, 0,1452387 / 46,96349

0, 0,1162884 / 47,07978

5, 0,0565824 / 47,12658

2, 0,7967177 / 47,89364

1, 0,0171563 / 47,92099

2, 0,0901906 / 47,99452

1, 0,1005797 / 48,04953

2, 0,3271868 / 48,35135

0, 0,08582351 / 48,43717

4, 0,047571 / 48,43717

0, 1,072269 / 49,50943

5, 0,4573957 / 49,96321

2, 0,4852762 / 50,44891

3, 0,3426075 / 50,79501

5, 0,4138303 / 51,19331

**********------------scene5------------**********

2, 1,142082 / 0,0273852

0, 0,3415425 / 0,3689277

2, 0,1995494 / 0,5427827

4, 0,0248358 / 1,227871

5, 0,6860847 / 1,227871

2, 0,0615141 / 1,282793

1, 0,6263247 / 1,912561

0, 0,4866441 / 2,399205

2, 2,558073 / 4,926976

0, 0,2179909 / 5,144967

2, 0,384964 / 5,498301

4, 0,614007 / 6,095717

5, 0,614007 / 6,095717

2, 0,3153749 / 6,427173

0, 0,1164626 / 6,543635

2, 0,0282316 / 6,543635

0, 2,516147 / 9,059784

StartAnim : ShortLook / 9,682713

1, 0,999323 / 10,02883

2, 0,4573036 / 10,48325

StartAnim : FaceSmile / 10,63909

5, 0,4895589 / 10,9707

2, 1,85428 / 12,82708

0, 0,58457 / 13,41165

2, 0,3113781 / 13,69834

1, 1,887712 / 15,31384

0, 0,0764052 / 15,39025

1, 0,0978831 / 15,42886

StartAnim : OpenLegs / 20,14202

0, 5,528542 / 20,9574

2, 0,0229484 / 21,09745

5, 0,4013572 / 21,34206

0, 0,1561242 / 21,49819

5, 0,3241196 / 21,81709

StartAnim : TouchCouchInvite / 22,44576

0, 1,069599 / 22,88669

5, 0,0544261 / 22,91618

StartAnim : LongLook / 22,97233

2, 0,3150354 / 23,22889

StartAnim : FaceSmile / 23,3688

1, 2,094341 / 25,3121

0, 0,2877731 / 25,59987

2, 0,1711125 / 25,74149

0, 0,0618822 / 25,80337

3, 0,3990132 / 26,15698

5, 0,9444475 / 26,71176

0, 0,070726 / 26,78248

2, 1,563381 / 28,31137

0, 0,0415339 / 28,3529

1, 0,1856429 / 28,53138

0, 0,3214374 / 28,85282

2, 1,373059 / 30,21136

0, 0,1272958 / 30,33865

1, 0,4879625 / 30,81378

5, 0,3693177 / 31,18513

StartAnim : PenisTouch / 31,75424

0, 0,6277003 / 31,81283

5, 0,339574 / 32,12863

0, 0,0699542 / 32,19859

StartAnim : ShortLook / 32,39645

5, 0,2999042 / 32,48523

0, 0,075221 / 32,56046

4, 0,094302 / 32,68636

5, 0,2900706 / 32,78768

0, 0,2157067 / 33,00339

6, 0,2441612 / 33,21684

0, 0,0568933 / 33,27374

6, 0,2810867 / 33,52515

0, 0,1063831 / 33,63153

4, 0,2890564 / 33,85982

5, 0,2890564 / 33,85982

0, 0,7498441 / 34,60965

StartAnim : CloseEyes / 35,06822

4, 0,3435992 / 35,39687

4, 0,0475647 / 35,54297

5, 0,9633579 / 35,54297

2, 0,0114088 / 35,57016

0, 0,0554573 / 35,62562

StartAnim : OpenEyes / 37,89705

StartAnim : StartErect / 38,18469

2, 3,128594 / 38,72294

0, 0,0738233 / 38,79676

4, 0,9217971 / 39,68192

5, 0,9217971 / 39,68192

0, 0,8424512 / 40,52437

4, 0,0268389 / 40,55546

5, 0,0431129 / 40,55546

0, 0,0577107 / 40,61317

2, 0,2469636 / 40,81295

4, 0,0385535 / 40,86695

5, 0,1666526 / 41,01816

0, 0,0631145 / 41,08127

2, 0,0178497 / 42,02485

4, 0,0178497 / 42,02485

5, 1,172589 / 42,23907

2, 0,2585467 / 42,4952

0, 0,0606319 / 42,55584

4, 0,0406518 / 42,58172

5, 0,1809506 / 42,74597

0, 0,210182 / 42,95615

StartAnim : CloseEyes / 43,02398

4, 0,3023111 / 43,98368

5, 1,059865 / 43,98368

2, 0,054987 / 44,04262

5, 0,0702425 / 44,11034

2, 0,2005325 / 44,30954

0, 0,1354704 / 44,44501

StartAnim : OpenEyes / 44,55532

1, 0,26299 / 44,65513

0, 0,1414535 / 44,79659

2, 0,0252592 / 44,79659

4, 1,299501 / 46,09743

5, 1,299501 / 46,09743

2, 0,0303616 / 46,12575

4, 0,111401 / 46,22791

5, 0,111401 / 46,22791

1, 0,0525944 / 46,28196

2, 0,6628853 / 46,94051

StartAnim : CloseEyes / 47,92389

0, 1,485474 / 48,426

1, 0,9104822 / 49,31011

2, 0,0741787 / 49,38168

StartAnim : OpenEyes / 50,28131

4, 1,011879 / 50,39579

5, 1,011879 / 50,39579

2, 0,060618 / 50,45284

StartAnim : StopTouchPenis / 50,75686

StartAnim : TouchCouchInvite / 51,72761

0, 1,587973 / 52,04082

2, 0,6858059 / 52,69669

2, 0,1636135 / 53,0037

**********------------scene6------------**********

5, 2,057138 / 0,0268602

0, 0,1142449 / 0,1411051

2, 0,2001022 / 0,3170354

StartAnim : OpenLegs / 0,6836212

5, 0,4352992 / 0,769816

0, 0,2041049 / 0,973921

5, 0,4273004 / 1,368058

0, 0,3729943 / 1,741053

2, 0,5506819 / 2,256645

0, 0,369724 / 2,626369

5, 1,287995 / 3,884789

2, 0,0802839 / 3,92698

1, 0,2822729 / 4,200952

2, 0,0372695 / 4,255146

0, 0,2025295 / 4,457675

2, 0,0582416 / 4,484164

5, 0,5538709 / 5,026996

0, 0,8998285 / 5,926824

4, 0,3555595 / 6,28522

StartAnim : LongLook / 6,842511

StartAnim : StartTouchPenis / 6,883885

4, 0,4586942 / 6,981751

5, 1,085315 / 6,981751

2, 0,0419078 / 7,008469

0, 0,0467966 / 7,055266

2, 0,0467966 / 7,086417

0, 0,0525918 / 7,139009

2, 0,2410251 / 7,353941

1, 0,6881084 / 8,040917

2, 0,1122136 / 8,154286

0, 0,7713143 / 8,925602

4, 0,6436942 / 9,541298

5, 0,6436942 / 9,541298

2, 0,0878767 / 9,64053

StartAnim : CloseEyes / 10,01603

1, 0,8004211 / 10,44241

0, 0,1547059 / 10,59711

2, 0,3098007 / 10,90088

1, 0,0739137 / 10,96843

2, 0,4829407 / 11,45576

4, 0,3001104 / 11,75393

5, 0,3001104 / 11,75393

StartAnim : OpenEyes / 11,95324

0, 0,8296439 / 12,58357

2, 0,1449562 / 12,68898

4, 0,3387567 / 13,03984

5, 0,3929777 / 13,08498

0, 1,086164 / 14,17114

2, 0,6005892 / 14,74185

0, 0,0566021 / 14,79845

2, 0,0851254 / 14,85754

0, 0,8835363 / 15,74108

1, 0,0291831 / 15,74108

0, 0,9583991 / 16,69948

3, 0,0294636 / 16,72777

0, 0,1709415 / 16,89871

5, 0,0851094 / 16,95798

2, 0,0306075 / 16,9852

0, 0,0431495 / 17,02835

4, 0,5007548 / 17,51067

5, 0,5007548 / 17,51067

2, 0,2845289 / 17,79846

StartAnim : CloseEyes / 19,18275

1, 2,042754 / 19,83904

2, 0,3446914 / 20,18205

4, 1,198704 / 21,38223

5, 1,22431 / 21,40216

StartAnim : OpenEyes / 21,82652

2, 1,758859 / 23,17177

StartAnim : CloseEyes / 24,60921

4, 1,542454 / 24,70004

5, 1,542454 / 24,70004

2, 0,8842871 / 25,58415

0, 0,0433407 / 25,62749

4, 0,4454416 / 26,08234

5, 0,4981853 / 26,11062

2, 0,0547767 / 26,12761

1, 0,1980107 / 26,32682

0, 0,0565405 / 26,38336

2, 0,2715867 / 26,62486

StartAnim : FastPenisTouch / 26,81035

1, 0,2835761 / 26,91277

StartAnim : OpenEyes / 26,94135

0, 0,0550964 / 26,96786

1, 0,07397901 / 27,00957

StartAnim : CloseEyes / 28,58496

StartAnim : OpenEyes / 29,48269

0, 3,043597 / 30,05316

1, 0,0172135 / 30,05316

2, 0,2554976 / 30,29835

0, 0,0478512 / 30,3462

StartAnim : CloseEyes / 31,02615

4, 0,8719361 / 31,19725

5, 0,8719361 / 31,19725

2, 0,0269629 / 31,22749

4, 0,0302386 / 31,25478

5, 0,0302386 / 31,25478

1, 0,6562563 / 31,90895

2, 0,7434196 / 32,65327

StartAnim : OpenEyes / 32,74054

0, 0,4557232 / 33,10899

StartAnim : PenisEjac / 33,3529

1, 0,5720158 / 33,66826

2, 0,0883829 / 33,75309

1, 0,1803642 / 33,92604

4, 0,017124 / 33,95512

5, 0,017124 / 33,95512

0, 0,4133164 / 34,36844

4, 0,7590668 / 35,09527

5, 0,7713775 / 35,1179

0, 0,3364952 / 35,4544

4, 0,0304017 / 35,4544

5, 0,0304017 / 35,4544

2, 0,3398015 / 35,78234

4, 0,0312934 / 35,82484

5, 0,0312934 / 35,82484

0, 0,2282574 / 36,0531

4, 0,0370962 / 36,07243

StartAnim : StopTouchPenis / 36,38171

StartAnim : DeErect / 37,21155

5, 1,396085 / 37,43821

2, 0,6415114 / 38,06731

5, 0,1284565 / 38,06731

0, 0,0455859 / 38,1129

2, 0,3712121 / 38,45383

5, 0,4867962 / 38,95364

0, 0,0432057 / 38,99685

5, 0,0204494 / 38,99685

**********------------Fin_Relaxation------------**********

