**********------------scene1------------**********

0, 0,189445 / 0,189445

1, 0,0405818 / 0,189445

0, 0,2683063 / 0,4577513

1, 1,047986 / 1,473819

0, 0,0807348 / 1,554553

3, 0,7491007 / 2,260092

0, 0,1459754 / 2,406067

1, 0,9567512 / 3,339234

0, 0,0742293 / 3,413463

3, 0,1166356 / 3,490238

0, 0,1671242 / 3,657362

3, 0,0387095 / 3,657362

1, 6,044785 / 9,700939

0, 0,7460881 / 10,44703

1, 0,7752987 / 11,19199

0, 0,0684121 / 11,26041

2, 0,0347144 / 11,26041

0, 0,1491694 / 11,40958

5, 0,8012685 / 12,17815

4, 0,0339175 / 12,22579

0, 0,8338645 / 13,05966

2, 0,0458124 / 13,05966

0, 0,0846709 / 13,14433

1, 7,686795 / 20,77884

0, 0,0680656 / 20,8469

3, 0,3171734 / 21,13056

0, 0,2805493 / 21,41111

4, 0,3234009 / 21,71319

5, 0,3668146 / 21,74809

0, 0,848572 / 22,59666

3, 0,5114335 / 23,04743

0, 0,0653396 / 23,11277

1, 0,3477699 / 23,42425

0, 0,0725748 / 23,49682

3, 0,342002 / 23,79017

0, 0,1914743 / 23,98165

1, 4,317415 / 28,24874

0, 0,0666109 / 28,31535

3, 0,1747205 / 28,48403

0, 0,231796 / 28,71582

3, 0,3436474 / 28,99921

0, 0,0852339 / 29,08444

2, 0,6036159 / 29,62775

0, 1,123695 / 30,75144

1, 0,4664949 / 31,17342

0, 0,110676 / 31,28409

3, 0,2517434 / 31,48505

0, 0,5181395 / 32,00319

3, 0,491205 / 32,46641

0, 0,102838 / 32,56924

1, 3,60091 / 36,13497

2, 0,2683827 / 36,40338

5, 0,2403197 / 36,65203

0, 0,5992109 / 37,25124

7, 0,350922 / 37,57095

0, 0,1304733 / 37,70143

7, 0,1481938 / 37,81967

1, 2,56696 / 40,40427

0, 0,4155275 / 40,8198

1, 2,994213 / 43,78041

0, 0,1103176 / 43,89072

3, 0,2154072 / 44,06463

4, 0,0274968 / 44,0969

5, 0,5905138 / 44,68917

4, 0,6479975 / 45,0387

0, 0,0842142 / 45,12292

1, 1,661033 / 46,74195

0, 0,4698724 / 47,21183

4, 0,1706766 / 47,35445

5, 0,2121473 / 47,45747

0, 0,0979379 / 47,55541

1, 0,882593 / 48,3739

0, 1,403022 / 49,77692

1, 2,799999 / 52,52697

2, 0,0700104 / 52,6105

5, 0,0485263 / 52,64547

4, 0,6192458 / 53,21265

3, 0,5855581 / 53,81012

0, 0,10184 / 53,91196

1, 0,7226756 / 54,58794

2, 0,2322927 / 54,82679

0, 1,238029 / 56,06482

6, 0,6350577 / 56,64561

0, 0,0807005 / 56,72631

3, 0,3174533 / 57,01164

0, 0,1148614 / 57,1265

StartAnim : touchMagazine / 58,94017

1, 3,182506 / 60,22941

2, 0,0352747 / 60,26456

0, 0,0794161 / 60,34398

5, 0,0459133 / 60,34398

4, 1,081884 / 61,42309

5, 0,0307356 / 61,46134

2, 0,0382522 / 61,49595

1, 5,235251 / 66,73031

0, 0,3769029 / 67,1072

**********------------scene2------------**********

4, 0,8661461 / 0,0421903

5, 0,807251 / 0,0421903

0, 0,118656 / 0,1608463

1, 0,1290706 / 0,2419215

0, 0,1028154 / 0,3447369

1, 0,0342072 / 0,3447369

0, 0,101551 / 0,4462879

1, 0,3922049 / 0,8107452

0, 0,132635 / 0,9433801

3, 0,0966994 / 0,9751582

0, 0,1519057 / 1,127064

3, 0,4679071 / 1,54498

0, 0,2650007 / 1,809981

1, 0,9744273 / 2,737306

0, 0,1074519 / 2,844758

3, 0,7268736 / 3,522194

4, 0,0277672 / 3,557669

5, 1,271744 / 4,830275

0, 0,1309585 / 4,961233

1, 1,06469 / 5,96139

0, 0,1166138 / 6,078003

3, 0,2902736 / 6,313274

0, 0,1811464 / 6,494421

3, 0,1663101 / 6,627889

1, 2,722181 / 9,364803

0, 0,7519342 / 10,11674

3, 0,2809881 / 10,36237

0, 0,06913 / 10,4315

1, 0,7022585 / 11,09171

0, 0,0728346 / 11,16454

3, 0,3940686 / 11,52583

0, 0,2373159 / 11,76315

1, 1,934919 / 13,66591

0, 0,0983362 / 13,76425

3, 0,7001023 / 14,43145

0, 0,065534 / 14,49699

5, 1,234619 / 15,69793

0, 0,1002949 / 15,79822

6, 0,0325472 / 15,79822

0, 0,3169774 / 16,1152

6, 0,644404 / 16,71513

7, 0,3203316 / 17,03868

0, 0,0609171 / 17,0996

4, 0,0306658 / 17,0996

0, 0,0656016 / 17,1652

1, 6,086277 / 23,21718

0, 0,1003849 / 23,31756

3, 0,6514139 / 23,92398

4, 0,2838654 / 24,21737

5, 0,9611773 / 24,91903

2, 0,0338739 / 24,95623

1, 1,669029 / 26,61807

0, 0,0880466 / 26,70612

3, 0,8180221 / 27,46965

0, 0,0668137 / 27,53646

6, 0,6664766 / 28,16923

0, 0,1569134 / 28,32615

1, 0,7080883 / 29,01139

0, 0,3166316 / 29,32802

3, 0,4030242 / 29,67096

0, 0,0662792 / 29,73724

1, 0,0953814 / 29,80833

3, 0,1555409 / 29,95526

1, 1,116101 / 31,07232

0, 0,092843 / 31,16517

3, 0,9309678 / 32,06989

0, 0,0682487 / 32,13814

1, 0,7184894 / 32,82109

0, 0,1013249 / 32,92242

3, 0,4848157 / 33,36409

0, 0,1081022 / 33,4722

3, 0,043445 / 33,4722

0, 0,0663746 / 33,53857

1, 4,622903 / 38,12126

2, 0,0640473 / 38,22377

5, 0,3314557 / 38,5237

StartAnim : shortLook / 38,82542

4, 0,7757527 / 38,96386

0, 0,1112029 / 39,07506

2, 0,1584323 / 39,20736

**********------------scene3------------**********

1, 2,061562 / 0,0320376

0, 0,09080189 / 0,1228395

1, 0,1976934 / 0,2953805

0, 0,3019398 / 0,5973203

3, 0,08508889 / 0,6662034

0, 0,2359971 / 0,9022006

1, 1,088604 / 1,932488

0, 0,7733974 / 2,705885

1, 1,057475 / 3,720486

5, 0,356111 / 4,163141

2, 1,025906 / 4,762727

5, 0,337606 / 5,102138

0, 0,2499528 / 5,352091

4, 0,0321106 / 5,352091

0, 0,0647551 / 5,416846

6, 0,6849528 / 6,072532

4, 0,2977194 / 6,352359

0, 0,1171093 / 6,469469

4, 0,0836519 / 6,534304

1, 0,9131425 / 7,44796

2, 0,3465155 / 7,792845

0, 0,4243925 / 8,217238

4, 0,4853087 / 8,637809

5, 0,4853087 / 8,637809

0, 0,3819057 / 9,019714

1, 0,4412795 / 9,436329

0, 0,0453718 / 9,481701

3, 1,11535 / 10,58651

0, 0,099696 / 10,6862

1, 1,283112 / 11,93308

0, 0,4190662 / 12,35215

5, 0,3310337 / 12,6649

0, 0,051613 / 12,71651

5, 0,53069 / 13,7192

4, 1,43926 / 14,11948

0, 0,3572842 / 14,47676

1, 2,654335 / 17,10543

2, 1,367221 / 18,4885

0, 0,0454294 / 18,53393

4, 0,2518905 / 18,76104

0, 0,5717933 / 19,33284

1, 0,3687831 / 19,69093

0, 0,0446144 / 19,73554

1, 0,1161383 / 19,82418

3, 0,5988135 / 20,41819

0, 0,1835926 / 20,60178

3, 0,0176552 / 20,60178

0, 0,1884309 / 20,79021

3, 0,4111415 / 21,1605

0, 0,4300201 / 21,59052

3, 0,1570105 / 21,70202

0, 0,9159244 / 22,61794

3, 0,2610039 / 22,85381

0, 0,2810207 / 23,13483

3, 0,126262 / 23,24039

0, 0,1954733 / 23,43586

3, 0,01407 / 23,43586

0, 0,0729292 / 23,50879

1, 1,956562 / 25,42603

0, 0,0657331 / 25,49176

1, 1,905857 / 27,37636

0, 0,0507769 / 27,42714

3, 0,0223135 / 27,42714

0, 0,2486843 / 27,67582

3, 0,2326041 / 27,87564

0, 0,4983954 / 28,37404

3, 0,0895169 / 28,43104

3, 0,1722168 / 28,68773

4, 0,5293308 / 28,92007

0, 0,1729814 / 29,09305

3, 0,3456955 / 29,37186

0, 0,1710966 / 29,54296

3, 0,4515495 / 29,97613

0, 0,0878622 / 30,06399

1, 0,4651158 / 30,47577

0, 0,0717142 / 30,54749

2, 0,0316565 / 30,54749

0, 0,5414019 / 31,08889

4, 0,3997012 / 31,46137

3, 0,0286447 / 31,48861

0, 0,1040704 / 31,59268

1, 0,8733342 / 32,42756

2, 0,0818775 / 32,50522

StartAnim : armStretch / 32,82745

5, 0,498031 / 32,99308

2, 0,0682542 / 33,06371

0, 0,3334462 / 33,39715

1, 0,8008674 / 34,17949

4, 0,1169561 / 34,79554

2, 0,9283406 / 35,10391

0, 0,0549944 / 35,1589

4, 0,3844411 / 35,51542

0, 0,4782232 / 35,99364

StartAnim : longLook / 37,10432

StartAnim : handSalute / 37,39231

1, 2,299798 / 38,27646

0, 0,0533437 / 38,3298

1, 0,0265784 / 38,3298

0, 0,0628304 / 38,39263

4, 0,7455086 / 39,10446

3, 0,0291524 / 39,12946

0, 0,0670056 / 39,19646

StartAnim : faceSmile / 41,60207

1, 2,844678 / 42,00275

0, 0,0573844 / 42,06014

1, 6,348122 / 48,38583

2, 0,0349478 / 48,41724

0, 0,4699596 / 48,8872

5, 0,683852 / 49,55116

2, 1,246288 / 50,78622

0, 0,0492031 / 50,83543

4, 0,3169915 / 51,13536

0, 0,737236 / 51,87261

4, 0,4171987 / 52,2858

0, 0,047833 / 52,33363

6, 0,3154292 / 52,61898

0, 0,0810278 / 52,70001

3, 0,3427418 / 53,01574

0, 0,8011605 / 53,81691

1, 0,8001259 / 54,60217

0, 0,0470472 / 54,64922

2, 0,5272632 / 55,16047

5, 0,3555339 / 55,51556

4, 1,302442 / 56,8017

0, 0,08598921 / 56,88769

5, 0,3692273 / 57,23207

0, 0,0552093 / 57,28728

4, 1,002939 / 58,25752

0, 0,1150911 / 58,37261

StartAnim : LongLook / 58,40436

4, 0,2407167 / 58,60425

0, 0,0828584 / 58,68711

1, 1,13186 / 59,80126

0, 0,0563664 / 59,85762

2, 0,035228 / 59,85762

0, 0,4279529 / 60,28558

5, 0,5124075 / 60,77325

2, 0,423648 / 61,20527

5, 0,6762595 / 61,84476

4, 0,6896238 / 62,53454

StartAnim : CaresseEntreCuisse / 62,84364

5, 0,3999648 / 62,93259

0, 0,0732881 / 63,00587

2, 0,0258952 / 63,00587

1, 2,013476 / 65,00382

4, 0,0626791 / 65,05985

3, 0,0497285 / 65,11759

4, 0,3727198 / 65,49003

3, 0,0329358 / 65,52285

0, 0,0679584 / 65,59081

1, 0,879324 / 66,43015

2, 0,0279777 / 66,45605

0, 0,0627023 / 66,51875

4, 0,6048213 / 67,08585

0, 0,0868609 / 67,17271

StartAnim : faceSmile / 68,37265

**********------------scene4------------**********

1, 4,883543 / 0,0438065

0, 0,3436032 / 0,3874097

2, 0,2216037 / 0,5638536

1, 0,2254319 / 0,8016202

2, 0,7425338 / 1,549103

5, 0,4004624 / 1,549103

0, 0,0552728 / 1,604376

3, 0,1818585 / 1,763594

0, 0,0815302 / 1,845124

3, 0,1645899 / 1,989937

StartAnim : LongLook / 2,531025

StartAnim : HandSalute / 2,83133

StartAnim : SitCrossLegs / 4,699432

1, 2,913417 / 4,898858

5, 0,2671645 / 5,844302

2, 0,9684751 / 5,87653

0, 0,0407829 / 5,917313

1, 0,7248499 / 6,632469

2, 1,763151 / 8,387772

1, 0,5953656 / 8,999647

2, 0,0397474 / 9,034009

0, 0,4040326 / 9,438042

7, 0,5152403 / 9,920891

0, 0,3975986 / 10,31849

5, 0,2417903 / 10,51815

2, 0,4634932 / 10,98619

1, 2,679478 / 13,6685

2, 0,0358191 / 13,70262

StartAnim : LongLook / 14,2869

1, 1,874319 / 15,58682

2, 0,0439983 / 15,61868

StartAnim : EyeBlink / 21,88522

1, 8,935609 / 24,53802

2, 0,667478 / 25,20357

0, 0,3042561 / 25,50782

2, 1,487447 / 26,95935

5, 0,3655283 / 27,32076

0, 0,070646 / 27,39141

2, 0,0199361 / 27,39141

1, 1,798885 / 29,19064

0, 0,0665765 / 29,25722

2, 0,035122 / 29,25722

0, 0,0572953 / 29,31451

2, 0,0572953 / 29,33949

4, 0,0249727 / 29,35931

4, 0,0348764 / 29,44074

5, 0,1591752 / 29,48631

0, 0,0713247 / 29,55763

StartAnim : OpenLegs / 29,95725

4, 0,5484464 / 31,30565

5, 1,77716 / 31,30565

2, 0,044383 / 31,3598

1, 0,4206363 / 31,78644

2, 0,0580608 / 31,85952

5, 0,0715174 / 31,91598

0, 0,340529 / 32,2565

3, 0,0226 / 32,2565

0, 0,0565491 / 32,31305

5, 0,0565491 / 32,33919

0, 0,0868352 / 32,42603

1, 2,984524 / 35,36581

2, 0,0837213 / 35,4593

5, 1,783914 / 37,20045

4, 0,0302016 / 37,25501

2, 0,2221652 / 37,36417

0, 0,0909427 / 37,45512

2, 0,1209651 / 37,56171

4, 0,0676827 / 37,62869

5, 0,0676827 / 37,62869

2, 0,5640588 / 38,18381

0, 0,2717758 / 38,45558

2, 0,0318428 / 38,45558

StartAnim : touchCouchInvite / 38,98987

1, 1,268227 / 39,72652

0, 0,7156662 / 40,44218

StartAnim : FaceSmile / 40,79953

4, 0,6387084 / 41,06396

0, 0,5340739 / 41,59803

4, 0,0565428 / 41,6271

0, 0,2851821 / 41,91228

4, 0,2005837 / 42,0733

0, 0,3898925 / 42,46319

5, 0,1861677 / 42,62989

0, 0,0521377 / 42,68203

2, 0,0266257 / 42,68203

1, 3,983952 / 46,66779

5, 0,2660266 / 46,99744

2, 0,5547283 / 47,21206

**********------------scene5------------**********

1, 5,155002 / 0,0286588

0, 1,043284 / 1,071943

2, 0,2063079 / 1,232815

1, 0,3008022 / 1,441008

2, 0,3800789 / 1,822468

4, 0,412707 / 2,227253

5, 0,412707 / 2,227253

2, 0,4405607 / 2,670992

5, 0,9846505 / 3,640174

2, 0,3516836 / 3,995371

1, 1,165362 / 5,176399

2, 1,286989 / 6,459609

1, 1,069491 / 7,521569

0, 0,2820661 / 7,803635

4, 0,5656185 / 9,376112

5, 1,5866 / 9,376112

2, 0,0224939 / 9,409156

0, 0,1039624 / 9,513119

StartAnim : ShortLook / 9,656116

2, 0,6648363 / 10,09994

StartAnim : FaceSmile / 10,63829

1, 2,470615 / 12,57705

2, 0,0667852 / 12,62768

0, 0,0467898 / 12,67447

3, 0,4327891 / 13,07485

5, 0,4327891 / 13,07485

7, 0,8510726 / 13,92695

0, 1,018768 / 14,94571

4, 0,4350162 / 15,38034

5, 0,4645888 / 15,38034

2, 0,07022209 / 15,44057

1, 0,0227077 / 15,46955

2, 0,0289753 / 15,51213

StartAnim : OpenLegs / 20,12636

1, 5,146549 / 20,62935

2, 0,2541248 / 20,89852

3, 0,4833323 / 21,83002

StartAnim : TouchCouchInvite / 22,41913

StartAnim : LongLook / 22,95028

3, 0,7821592 / 23,10104

5, 2,382978 / 23,16439

2, 0,2483946 / 23,38119

StartAnim : FaceSmile / 23,38119

0, 0,086191 / 23,46738

1, 1,275076 / 24,68275

2, 0,0697234 / 24,75164

5, 0,3176931 / 25,04804

0, 0,0532309 / 25,10127

2, 0,1609881 / 25,23183

0, 0,0689586 / 25,30079

2, 0,1815948 / 25,43959

0, 0,0598608 / 25,49945

1, 0,8411972 / 26,30072

2, 0,0539064 / 26,3478

5, 0,6007105 / 26,94728

0, 0,1034684 / 27,05075

2, 0,030649 / 27,05075

1, 0,1638064 / 27,19467

0, 0,1047663 / 27,29943

2, 0,0166869 / 27,29943

1, 2,968701 / 30,26758

2, 0,066723 / 30,3152

5, 0,6358814 / 30,96795

0, 0,485702 / 31,45366

2, 0,1216948 / 31,56588

StartAnim : PenisTouch / 31,74115

StartAnim : ShortLook / 32,36873

4, 2,389587 / 33,91473

5, 2,461089 / 33,93884

0, 0,0468701 / 33,98571

2, 0,0468701 / 34,02462

StartAnim : CloseEyes / 35,05375

1, 1,115983 / 35,13666

2, 0,06610461 / 35,18555

StartAnim : OpenEyes / 37,8703

StartAnim : StartErect / 38,17165

4, 3,181646 / 38,39804

4, 0,0153737 / 38,78532

5, 3,584613 / 38,78532

3, 0,0682023 / 38,85518

0, 0,0664315 / 38,92162

4, 1,64484 / 40,53872

5, 1,64484 / 40,53872

0, 0,083106 / 40,62183

1, 1,047421 / 41,60819

0, 0,0495579 / 41,65775

4, 0,6636194 / 42,66774

5, 1,029674 / 42,66774

0, 0,07095 / 42,73869

2, 0,07095 / 42,77479

StartAnim : CloseEyes / 43,00503

1, 0,9459983 / 43,7085

2, 0,0864417 / 43,7925

StartAnim : OpenEyes / 44,54162

4, 1,088812 / 44,88886

5, 1,103794 / 44,88886

0, 0,0954711 / 44,98433

1, 0,8812776 / 45,82243

0, 0,1170144 / 45,93945

1, 0,1673029 / 46,06738

0, 0,2723886 / 46,33978

StartAnim : CloseEyes / 47,91352

4, 2,214438 / 48,67093

5, 2,34212 / 48,67093

0, 0,0710323 / 48,74195

1, 0,8828071 / 49,60918

2, 0,081751 / 49,69721

1, 0,0816038 / 49,78606

0, 0,1245946 / 49,91066

4, 0,0128221 / 50,00819

4, 0,0309255 / 50,17172

4, 0,0164774 / 50,27468

StartAnim : OpenEyes / 50,27468

StartAnim : StopTouchPenis / 50,74205

5, 1,754692 / 51,65848

2, 0,0675552 / 51,72404

StartAnim : TouchCouchInvite / 51,72404

1, 1,489232 / 53,20711

0, 0,7821686 / 53,98927

5, 0,0350546 / 53,98927

0, 0,2011811 / 54,19046

**********------------scene6------------**********

5, 0,2696507 / 0,0392138

0, 0,3343798 / 0,3735936

2, 0,0645578 / 0,3735936

0, 0,1982189 / 0,5718125

StartAnim : OpenLegs / 0,7229768

5, 0,6350506 / 1,189551

2, 0,7565775 / 1,95595

1, 0,8976845 / 2,829454

2, 0,0977855 / 2,939692

5, 1,299712 / 4,239861

4, 0,5279454 / 4,758204

2, 0,6780947 / 5,439729

0, 0,3879924 / 5,827722

2, 0,4188367 / 6,222459

StartAnim : LongLook / 6,858972

StartAnim : StartTouchPenis / 6,892999

4, 1,301493 / 7,77616

5, 1,569941 / 7,807081

0, 0,1049632 / 7,912044

1, 0,6497498 / 8,545249

2, 0,0206089 / 8,570555

StartAnim : CloseEyes / 10,03961

4, 1,585358 / 10,18337

5, 1,610663 / 10,18337

0, 0,0858716 / 10,26924

1, 1,385516 / 11,64203

2, 0,0311403 / 11,676

0, 0,0501097 / 11,72611

StartAnim : OpenEyes / 11,98308

4, 1,766365 / 13,4776

5, 1,801596 / 13,51086

2, 0,1146107 / 13,61248

2, 0,0307509 / 13,67631

2, 0,1531648 / 13,92898

2, 0,09834109 / 14,15461

4, 0,9370308 / 15,09465

5, 1,502447 / 15,12954

2, 0,0348902 / 15,16063

1, 2,199828 / 17,34789

0, 0,1143518 / 17,46224

1, 0,0494815 / 17,49716

0, 0,1187712 / 17,61593

1, 0,0334023 / 17,61593

0, 0,4462402 / 18,06218

StartAnim : CloseEyes / 19,194

4, 1,659505 / 19,68142

5, 1,631794 / 19,68142

0, 0,1098937 / 19,79132

1, 0,9147118 / 20,66218

2, 0,0522291 / 20,71118

StartAnim : OpenEyes / 21,84877

4, 1,502064 / 22,23974

5, 1,515203 / 22,23974

0, 0,0581097 / 22,29785

2, 0,0581097 / 22,32238

1, 0,0825291 / 22,39327

4, 0,0828724 / 22,49709

5, 0,0828724 / 22,49709

2, 0,0338394 / 22,5332

StartAnim : CloseEyes / 24,62921

1, 4,299067 / 26,82708

StartAnim : FastPenisTouch / 26,82708

2, 0,0668336 / 26,87997

StartAnim : OpenEyes / 26,98244

StartAnim : CloseEyes / 28,61714

4, 1,883857 / 28,76728

5, 1,883857 / 28,76728

0, 0,1141268 / 28,8814

2, 0,0252505 / 28,8814

4, 0,0907277 / 28,96759

5, 0,0907277 / 28,96759

StartAnim : OpenEyes / 29,50308

1, 1,334785 / 30,29944

2, 0,0194616 / 30,334

0, 0,0829501 / 30,41695

4, 0,0321898 / 30,45054

5, 0,0514723 / 30,45054

0, 0,0545517 / 30,50509

StartAnim : CloseEyes / 31,0312

4, 1,936051 / 32,41864

5, 1,936051 / 32,41864

0, 0,0828396 / 32,50148

2, 0,04771 / 32,53516

4, 0,1167733 / 32,63083

5, 0,1167733 / 32,63083

StartAnim : OpenEyes / 32,7677

StartAnim : PenisEjac / 33,3704

1, 1,317898 / 33,9502

2, 0,0140484 / 33,97569

4, 0,0254862 / 34,00132

5, 0,0254862 / 34,00132

0, 0,3407638 / 34,34207

4, 1,474329 / 35,79148

5, 1,495268 / 35,82486

2, 0,5111332 / 36,33506

StartAnim : StopTouchPenis / 36,40098

4, 0,1322421 / 36,46902

5, 0,5000297 / 36,82122

0, 0,0947049 / 36,91593

StartAnim : DeErect / 37,23209

1, 0,5157543 / 37,37001

5, 2,803751 / 40,16515

0, 0,1055159 / 40,27067

2, 0,0263043 / 40,27067

5, 0,0993272 / 40,35403

1, 0,6489953 / 41,02988

2, 0,0439044 / 41,07122

**********------------Fin_Relaxation------------**********

