**********------------scene1------------**********

0, 0,4085175 / 0,4085175

1, 0,3142468 / 0,693758

0, 0,3972243 / 1,090982

1, 0,206818 / 1,278025

0, 0,0874927 / 1,365517

3, 0,0557978 / 1,398343

0, 0,4092786 / 1,807621

2, 0,0405539 / 1,807621

1, 0,5443815 / 2,353034

0, 0,0568389 / 2,409873

2, 0,3713269 / 2,75567

0, 0,4960721 / 3,251742

1, 0,5687261 / 3,768785

3, 0,5024391 / 4,269278

0, 1,165804 / 5,435081

1, 0,2451205 / 5,650316

3, 0,1717042 / 5,824473

1, 0,0259577 / 5,848752

0, 0,0648504 / 5,913602

2, 0,0648504 / 5,951943

0, 0,0636268 / 6,01557

5, 0,2821407 / 6,272131

2, 0,0380473 / 6,312637

0, 0,0958946 / 6,408532

1, 0,1635636 / 6,551812

0, 0,5443797 / 7,096191

5, 0,0266258 / 7,096191

2, 0,0582315 / 7,138335

0, 0,2260633 / 7,364398

1, 0,2769175 / 7,596754

0, 0,0535481 / 7,650301

3, 0,3682487 / 7,995516

2, 0,0305142 / 8,025331

1, 0,6115079 / 8,637467

0, 0,3475405 / 8,985007

4, 0,2501861 / 9,193219

5, 0,2761552 / 9,466494

2, 0,0260187 / 9,49361

0, 0,0872962 / 9,580907

1, 0,2992788 / 9,849555

0, 0,1592777 / 10,00883

3, 0,1859289 / 10,18037

0, 0,0684955 / 10,24887

1, 0,9855716 / 11,19585

0, 0,0853059 / 11,28116

1, 0,3291458 / 11,57813

0, 0,6014911 / 12,17962

1, 0,4534013 / 12,60867

0, 0,832657 / 13,44133

1, 0,3646812 / 13,75366

0, 0,8028784 / 14,55654

1, 0,2634383 / 14,78222

3, 0,3874669 / 15,13782

0, 0,8416686 / 15,9795

1, 0,2375255 / 16,19298

0, 0,7024363 / 16,89542

2, 0,0305255 / 16,89542

0, 0,0684433 / 16,96386

5, 0,2688736 / 17,19455

0, 0,9608586 / 18,15541

2, 0,0294117 / 18,15541

0, 0,3852445 / 18,54065

3, 0,6311733 / 19,14144

2, 0,0310012 / 19,18147

1, 0,5121445 / 19,67906

0, 0,642817 / 20,32188

1, 0,5192898 / 20,823

0, 0,7303715 / 21,55338

5, 0,1148293 / 21,63075

0, 0,3649257 / 21,99567

2, 0,0369763 / 21,99567

0, 0,2003646 / 22,19604

1, 0,1838637 / 22,35654

0, 0,0739485 / 22,43049

3, 0,4226993 / 22,80749

0, 0,072595 / 22,88008

1, 0,5590288 / 23,39559

0, 0,34028 / 23,73587

3, 0,495871 / 24,20787

0, 0,9894013 / 25,19727

1, 0,3358744 / 25,49168

3, 0,4255998 / 25,65005

0, 0,6727474 / 26,3228

5, 0,0289778 / 26,3228

0, 0,558899 / 26,8817

2, 0,0408444 / 26,8817

0, 0,1898618 / 27,07156

1, 0,1046788 / 27,14018

0, 0,9088491 / 28,04903

1, 0,2791315 / 28,2956

0, 0,0849315 / 28,38054

3, 0,0464286 / 28,38054

0, 0,7813942 / 29,16193

4, 0,0365259 / 29,16193

2, 0,2444053 / 29,41314

5, 0,1743469 / 29,41314

0, 0,0678666 / 29,481

3, 0,140925 / 30,00492

4, 0,6957452 / 30,13404

0, 0,2951942 / 30,42924

3, 0,2422381 / 30,62795

0, 0,0816146 / 30,70956

1, 0,5086179 / 31,16681

2, 0,5313421 / 31,69376

0, 0,3066309 / 32,0004

2, 0,0646046 / 32,04303

0, 0,9964301 / 33,03946

1, 0,6539846 / 33,66644

0, 0,8015313 / 34,46798

1, 0,1916802 / 34,64038

0, 0,6831134 / 35,32351

5, 0,2621401 / 35,55278

0, 0,5132015 / 36,06598

3, 0,2686703 / 36,31134

0, 0,1972811 / 36,50862

1, 0,490755 / 36,95246

0, 0,4132612 / 37,36572

1, 0,4417187 / 37,77239

0, 0,9782597 / 38,75065

1, 0,0988994 / 38,81622

0, 0,4648996 / 39,28112

2, 0,0329509 / 39,28112

0, 0,255479 / 39,5366

4, 0,1794529 / 39,87893

5, 0,667986 / 40,17802

0, 0,4899887 / 40,66801

4, 0,2533385 / 40,87959

0, 0,3167962 / 41,19639

2, 0,0310266 / 41,19639

1, 0,5284926 / 41,72661

0, 0,07074679 / 41,79736

2, 0,3004815 / 42,06507

0, 0,0675434 / 42,13261

1, 0,4882616 / 42,59388

0, 0,0638421 / 42,65772

3, 0,0638421 / 42,69288

0, 0,6041956 / 43,29708

5, 0,212249 / 43,47924

0, 0,4572582 / 43,9365

5, 0,0289434 / 43,9365

0, 0,1747679 / 44,11127

2, 0,0330884 / 44,11127

1, 0,3661662 / 44,47042

0, 1,170757 / 45,64118

1, 0,7253466 / 46,31432

0, 0,5758392 / 46,89016

1, 0,231378 / 47,09672

0, 0,8594369 / 47,95615

1, 0,3024482 / 48,22368

0, 0,3284447 / 48,55212

3, 0,1387023 / 48,66167

0, 0,974363 / 49,63604

5, 0,0250805 / 49,63604

2, 0,0296189 / 49,67643

0, 0,0895096 / 49,76593

1, 0,6006912 / 50,33616

0, 0,7595532 / 51,09571

3, 0,2487504 / 51,31695

0, 0,2345028 / 51,55145

2, 0,0325479 / 51,55145

1, 0,3876106 / 51,94487

0, 0,7391816 / 52,68405

3, 0,07038739 / 52,72281

0, 0,8642599 / 53,58706

3, 0,0487751 / 53,58706

0, 0,4230033 / 54,01007

5, 0,5246509 / 54,49058

4, 0,1611574 / 54,52906

0, 0,7071884 / 55,23624

1, 0,3166656 / 55,50988

0, 0,6858864 / 56,19575

1, 0,2841279 / 56,442

0, 1,757894 / 58,19989

1, 0,6333613 / 58,80333

0, 0,0762558 / 58,87959

2, 0,0353248 / 58,87959

StartAnim : touchMagazine / 58,92596

4, 0,2553911 / 59,14002

5, 0,2553911 / 59,14002

0, 0,3390978 / 59,47911

4, 1,518808 / 60,9514

0, 0,3286098 / 61,28002

4, 0,1974976 / 61,44315

2, 0,0691254 / 61,52148

0, 0,0726475 / 61,59413

1, 0,4616616 / 62,02312

2, 0,451888 / 62,46809

5, 0,0330614 / 62,50888

4, 0,998621 / 63,51161

2, 0,0449086 / 63,55329

0, 0,1125184 / 63,66581

1, 0,6582096 / 64,28249

0, 0,9037196 / 65,18621

1, 0,4853319 / 65,62421

0, 0,3719104 / 65,99612

3, 1,292211 / 67,26671

0, 0,0843691 / 67,35107

**********------------scene2------------**********

4, 0,6245197 / 0,0318764

2, 0,1641288 / 0,1994369

0, 0,0930017 / 0,2924386

3, 0,0614468 / 0,3277383

0, 0,07221191 / 0,3999502

3, 0,07221191 / 0,4359251

0, 0,3357165 / 0,7716416

3, 0,2043661 / 0,9456544

2, 0,0284548 / 0,9736439

1, 0,5332607 / 1,517001

2, 0,0380864 / 1,550653

0, 0,3958611 / 1,946514

1, 0,49138 / 2,406743

0, 0,6690305 / 3,075773

1, 0,6489146 / 3,703727

0, 0,1182026 / 3,82193

3, 0,1236448 / 3,90158

0, 0,3377787 / 4,239359

1, 0,4717994 / 4,687629

0, 0,0758363 / 4,763465

3, 0,2168051 / 4,94335

0, 0,1443045 / 5,087655

1, 0,2138379 / 5,270466

0, 0,4010712 / 5,671538

1, 0,2591958 / 5,898053

0, 0,4711957 / 6,369248

1, 0,6152735 / 6,963426

3, 0,0334604 / 7,000151

0, 2,114756 / 9,114907

1, 0,3794731 / 9,47716

0, 1,291254 / 10,76842

2, 0,0224045 / 10,76842

1, 0,5622097 / 11,32937

0, 0,3242151 / 11,65359

3, 0,0334883 / 11,65359

0, 0,0818208 / 11,73541

3, 0,0433227 / 11,73541

0, 0,2337573 / 11,96917

3, 0,0355681 / 11,96917

0, 0,6220617 / 12,59123

2, 0,0290155 / 12,59123

1, 0,3574531 / 12,94356

0, 0,0770101 / 13,02057

3, 0,0770101 / 13,05496

0, 0,5772849 / 13,63225

1, 0,8375702 / 14,42795

2, 0,0298077 / 14,45593

0, 1,556077 / 16,012

1, 0,7841833 / 16,76835

0, 0,7921572 / 17,56051

2, 0,0287555 / 17,56051

1, 0,4626693 / 18,03197

0, 1,538132 / 19,5701

1, 0,2419641 / 19,78568

0, 1,784775 / 21,57045

1, 0,2996778 / 21,83982

0, 0,4722497 / 22,31207

3, 0,6170257 / 22,89777

0, 0,1900811 / 23,08785

2, 0,0359855 / 23,08785

1, 0,4845203 / 23,57127

0, 2,168875 / 25,74015

3, 0,0273703 / 25,74015

0, 0,7018869 / 26,44204

2, 0,269566 / 26,68434

5, 0,4144533 / 26,82721

2, 0,0561553 / 26,89095

1, 0,2894981 / 27,18672

0, 0,5255101 / 27,71223

3, 0,4713322 / 28,15621

0, 0,0527844 / 28,20899

2, 0,0281403 / 28,20899

1, 0,9099767 / 29,12903

0, 0,9698461 / 30,09888

2, 0,1871256 / 30,25607

0, 0,0556668 / 30,31174

1, 0,4465124 / 30,72701

0, 0,3548203 / 31,08183

1, 0,4447648 / 31,49545

0, 0,064344 / 31,55979

3, 0,1879385 / 31,7117

0, 0,7137133 / 32,42542

2, 0,0310255 / 32,42542

1, 0,6283752 / 33,05525

0, 0,4702818 / 33,52554

2, 0,0536321 / 33,55849

0, 0,2699882 / 33,82848

3, 0,4158768 / 34,20921

0, 0,0617566 / 34,27097

1, 0,33164 / 34,56628

0, 1,434797 / 36,00108

1, 0,3821307 / 36,34045

0, 0,731511 / 37,07195

1, 0,5012741 / 37,52906

0, 0,7566919 / 38,28575

2, 0,0313128 / 38,28575

StartAnim : shortLook / 38,8621

1, 2,956161 / 41,24453

**********------------scene3------------**********

0, 0,3989892 / 0,3989892

1, 0,1665656 / 0,5404741

0, 0,1987344 / 0,7392085

3, 0,1654847 / 0,8834233

0, 0,4581435 / 1,341567

1, 0,5378262 / 1,856802

0, 0,2610421 / 2,117844

3, 0,4576815 / 2,541625

0, 0,058064 / 2,599689

1, 0,3134262 / 2,884198

2, 0,0291465 / 2,9106

0, 0,5331872 / 3,443787

4, 0,0279965 / 3,443787

5, 0,2340931 / 3,667497

2, 0,0513435 / 3,730937

1, 0,687005 / 4,411719

0, 0,97334 / 5,38506

1, 0,5420098 / 5,898265

0, 0,5739691 / 6,472234

1, 0,3176163 / 6,757444

2, 0,4834741 / 7,242644

5, 0,4852868 / 7,726106

4, 0,0283298 / 7,755337

0, 0,4577499 / 8,213087

1, 0,3259914 / 8,516356

2, 0,3432967 / 8,854391

4, 0,0265301 / 9,313936

5, 0,4819904 / 9,313936

0, 0,0566344 / 9,37057

3, 0,3135058 / 9,659076

0, 0,1119162 / 9,770992

1, 0,2345082 / 9,9703

0, 0,3152188 / 10,28552

2, 1,552109 / 11,81262

1, 0,4625789 / 12,26806

0, 0,1450396 / 12,4131

3, 0,2887523 / 12,6692

0, 0,3757314 / 13,04493

5, 0,3134557 / 13,33006

4, 0,0611689 / 13,38624

0, 0,0862594 / 13,47249

6, 0,0569612 / 13,50116

0, 0,0570829 / 13,55824

6, 0,0570829 / 13,59085

0, 0,0782338 / 13,66908

6, 0,0349907 / 13,66908

0, 0,0604649 / 13,72955

7, 0,4282371 / 14,12878

0, 0,0562634 / 14,18504

4, 0,0298874 / 14,18504

0, 1,158556 / 15,34359

1, 0,5419893 / 15,85303

0, 1,275213 / 17,12823

1, 1,17234 / 18,26846

0, 0,7462565 / 19,01472

1, 0,3360459 / 19,32535

0, 0,2913164 / 19,61666

3, 0,3760317 / 19,95587

0, 0,6905753 / 20,64645

6, 0,0324772 / 20,64645

0, 0,2651116 / 20,91156

4, 0,6624325 / 21,5396

0, 0,7458347 / 22,28544

3, 0,6599281 / 22,91854

0, 0,1089351 / 23,02748

1, 0,1735172 / 23,16888

0, 0,1443408 / 23,31322

3, 0,337966 / 23,62702

1, 0,3864107 / 24,01779

0, 0,796464 / 24,81426

2, 0,4038671 / 25,18332

0, 0,0622844 / 25,24561

1, 0,9984837 / 26,21338

0, 0,2548736 / 26,46825

1, 0,0302825 / 26,46825

3, 0,0265593 / 26,50198

0, 0,9978659 / 27,49985

3, 0,6259516 / 28,09725

0, 0,6406615 / 28,73791

4, 0,0520246 / 28,76821

0, 0,3168172 / 29,08503

3, 0,6619865 / 29,71379

0, 0,0854658 / 29,79925

1, 0,2865901 / 30,05712

2, 0,3099901 / 30,36907

0, 0,0564423 / 30,42551

4, 0,2007529 / 30,60889

3, 0,0390673 / 30,63031

0, 0,058384 / 30,6887

1, 0,481994 / 31,13879

0, 0,2597285 / 31,39852

2, 0,6851692 / 32,05325

3, 0,4835458 / 32,53854

StartAnim : armStretch / 32,8255

0, 0,3148843 / 32,85342

2, 0,0487601 / 32,88503

0, 0,4832529 / 33,36828

2, 0,0280359 / 33,36828

4, 0,0595133 / 33,42796

0, 0,5416068 / 33,96957

2, 0,0308004 / 33,96957

0, 0,318304 / 34,28788

1, 0,6864626 / 34,93888

0, 0,059058 / 34,99794

2, 0,2180783 / 35,18415

0, 0,0569072 / 35,24105

3, 0,7401603 / 35,95453

0, 0,6004379 / 36,55497

StartAnim : longLook / 37,09495

StartAnim : handSalute / 37,41016

1, 1,169846 / 37,69598

0, 0,3456464 / 38,04163

4, 0,9294438 / 38,95138

0, 0,0613533 / 39,01273

2, 0,0613533 / 39,04876

1, 1,48108 / 40,52518

2, 0,5160959 / 41,04054

0, 0,2297382 / 41,27028

StartAnim : faceSmile / 41,61166

1, 2,213388 / 43,4538

0, 0,3157333 / 43,76952

1, 0,09474841 / 43,82236

0, 1,632296 / 45,45466

1, 1,252592 / 46,68454

0, 0,339794 / 47,02434

2, 0,2021673 / 47,19778

5, 0,0292008 / 47,22411

2, 0,0263352 / 47,25642

0, 0,0520156 / 47,30843

1, 1,796215 / 49,08316

0, 0,0825793 / 49,16574

1, 0,0888792 / 49,22462

0, 0,0638783 / 49,2885

1, 0,6332201 / 49,88305

0, 0,061727 / 49,94478

2, 0,2561018 / 50,17311

3, 0,3426754 / 50,50806

0, 0,5016714 / 51,00974

2, 0,0299959 / 51,00974

1, 0,9434133 / 51,95027

0, 0,3766554 / 52,32693

1, 0,5443933 / 52,84303

0, 0,2245583 / 53,06758

2, 0,3440666 / 53,38099

0, 0,0851211 / 53,46611

1, 0,6326165 / 54,07302

0, 0,2531253 / 54,32614

1, 0,2684844 / 54,57175

0, 1,28205 / 55,85381

1, 1,043237 / 56,86518

2, 0,4966654 / 57,36865

0, 0,1506957 / 57,51934

StartAnim : LongLook / 58,41291

StartAnim : CaresseEntreCuisse / 62,85058

1, 5,728162 / 63,21291

0, 0,0877699 / 63,30068

1, 1,981266 / 65,2534

2, 0,1134017 / 65,38119

1, 0,9284371 / 66,29651

2, 0,4433793 / 66,73553

0, 0,0638707 / 66,79939

3, 0,0638707 / 66,82315

0, 0,0609395 / 66,88409

4, 0,1982063 / 67,05251

3, 0,031159 / 67,0863

0, 0,2232492 / 67,30956

1, 0,7295957 / 68,01022

0, 0,0544064 / 68,06463

StartAnim : faceSmile / 68,39781

2, 0,872786 / 68,90913

1, 0,3257316 / 69,24047

2, 0,2862865 / 69,52383

4, 0,3739355 / 69,89563

2, 1,331583 / 71,22375

1, 0,5676553 / 71,80149

**********------------scene4------------**********

2, 0,254946 / 0,0416522

0, 0,258006 / 0,2996582

1, 0,3423432 / 0,6093693

2, 0,7152115 / 1,32427

5, 0,4589382 / 1,381486

2, 0,4400537 / 1,828376

1, 0,6847555 / 2,510718

StartAnim : LongLook / 2,510718

StartAnim : HandSalute / 2,804501

2, 0,7444015 / 3,241021

5, 0,3136211 / 3,425742

2, 0,0728659 / 3,483272

0, 0,081877 / 3,565149

1, 0,4098907 / 3,936048

2, 0,0566286 / 3,997568

4, 0,5020716 / 4,610244

5, 0,6307642 / 4,631564

2, 0,0580241 / 4,694291

0, 0,4301971 / 5,124488

2, 0,5576048 / 5,66768

5, 0,5151001 / 6,181364

2, 0,115894 / 6,302888

1, 0,7689556 / 7,071056

2, 0,5052044 / 7,566311

3, 0,2796226 / 7,852178

0, 0,3330775 / 8,185254

1, 1,372386 / 9,525725

2, 0,4013302 / 9,910215

5, 0,4845543 / 10,37856

2, 0,5166342 / 10,621

0, 0,0459021 / 10,6669

1, 0,4897448 / 11,13726

1, 0,0438139 / 11,60335

2, 1,784044 / 12,91003

3, 0,2616534 / 13,18029

5, 0,0238436 / 13,20479

2, 0,5018606 / 13,71458

4, 0,534284 / 13,73917

5, 0,2701042 / 13,98374

3, 0,2691617 / 14,00989

0, 0,1888823 / 14,19877

2, 0,0340992 / 14,22373

StartAnim : LongLook / 14,26695

1, 0,4971465 / 14,72332

2, 0,987228 / 15,71443

1, 0,2775897 / 15,98159

2, 0,2930791 / 16,28556

1, 0,3256705 / 16,598

2, 0,2300148 / 16,82626

0, 0,6401719 / 17,46644

2, 0,0284316 / 17,49204

1, 0,6734816 / 18,16728

0, 0,8123897 / 18,97967

1, 0,6423851 / 19,59936

2, 0,5463954 / 20,15917

0, 0,0492895 / 20,20846

5, 0,3501493 / 20,52468

StartAnim : EyeBlink / 21,8672

2, 1,958411 / 22,49331

1, 0,2853796 / 22,75127

2, 0,4013993 / 23,15209

0, 0,3435113 / 23,4956

1, 0,3976857 / 23,8524

2, 0,2318222 / 24,09385

0, 0,0423981 / 24,13625

3, 0,2588672 / 24,3802

0, 0,1583739 / 24,53857

5, 0,5137153 / 25,02234

4, 0,3755749 / 25,3789

2, 0,6418012 / 25,66545

0, 1,570969 / 27,23642

1, 0,7860942 / 27,99453

2, 0,1828993 / 28,17038

1, 0,0322088 / 28,19602

2, 0,025641 / 28,22396

StartAnim : OpenLegs / 29,93473

1, 2,113903 / 30,33547

0, 0,0534786 / 30,38895

1, 0,0220315 / 30,38895

0, 0,0476972 / 30,43664

3, 0,121482 / 30,53736

0, 0,08294991 / 30,6203

5, 0,1000697 / 30,69386

2, 0,2992325 / 30,99483

4, 0,2287561 / 31,01347

5, 0,5880084 / 31,57869

2, 0,2407702 / 31,8223

1, 0,4558399 / 32,27966

2, 0,0694267 / 32,33596

4, 0,3304561 / 32,6694

5, 0,3304561 / 32,6694

2, 0,3696914 / 33,03698

5, 0,8358975 / 33,88231

0, 0,8560556 / 34,73837

7, 0,3455386 / 35,05467

0, 0,0836513 / 35,13832

6, 0,4879816 / 35,59594

0, 0,4301359 / 36,02608

4, 0,2063155 / 36,19517

5, 0,2063155 / 36,19517

2, 0,8917379 / 37,09452

5, 0,6183477 / 37,70893

0, 0,828625 / 38,53756

5, 0,0167368 / 38,53756

4, 0,0620501 / 38,59607

StartAnim : touchCouchInvite / 38,97896

0, 0,7590287 / 39,35509

4, 0,5109878 / 39,84148

0, 0,0536595 / 39,89515

2, 0,1096218 / 39,97849

1, 0,5137998 / 40,43747

StartAnim : FaceSmile / 40,77934

2, 0,5443615 / 40,97918

0, 0,3857467 / 41,36493

4, 1,001459 / 42,33448

0, 0,3749379 / 42,70941

4, 0,5450758 / 43,22425

0, 0,0989636 / 43,32322

2, 0,2418303 / 43,53608

3, 0,3168357 / 43,84999

0, 0,1726337 / 44,02262

3, 0,0256788 / 44,02262

2, 0,0580558 / 44,0788

1, 0,3843713 / 44,46614

0, 0,3843223 / 44,85047

2, 0,0565429 / 44,87469

1, 0,3437733 / 45,22193

0, 0,0519585 / 45,27389

2, 0,0230697 / 45,27389

5, 0,3766693 / 45,63756

2, 0,0696159 / 45,67912

1, 0,6593968 / 46,35168

2, 0,0280357 / 46,37815

0, 0,4163273 / 46,79447

4, 0,0698698 / 46,83554

0, 0,5572292 / 47,39277

4, 0,4714805 / 47,85169

0, 0,0599117 / 47,9116

2, 0,228961 / 48,11374

1, 0,3713399 / 48,45003

0, 0,1431528 / 48,59319

3, 0,5670244 / 49,15219

5, 0,0288718 / 49,17804

2, 0,5416289 / 49,72255

1, 0,7998973 / 50,52322

0, 0,4973899 / 51,02061

3, 0,1560203 / 51,16763

0, 0,0546242 / 51,22225

1, 0,4094442 / 51,59629

2, 0,3342254 / 51,93399

5, 0,2704448 / 52,17643

**********------------scene5------------**********

3, 0,1577665 / 0,0322368

0, 0,3128402 / 0,345077

2, 0,9154233 / 1,234116

4, 0,2085061 / 1,475953

5, 0,2404104 / 1,475953

2, 0,1205863 / 1,591677

1, 0,3187527 / 1,881125

0, 0,5066838 / 2,387809

1, 0,5152863 / 2,872953

2, 0,6129091 / 3,476112

0, 0,0419813 / 3,518094

1, 2,052811 / 5,544821

4, 0,2117544 / 5,860152

2, 0,4018894 / 5,943133

0, 0,7894232 / 6,732558

2, 0,0582734 / 6,763101

0, 0,4087232 / 7,171824

2, 0,2865264 / 7,448328

4, 0,4394624 / 7,875614

5, 0,6090094 / 8,046301

3, 0,170687 / 8,077734

0, 0,0402979 / 8,118032

2, 0,0402979 / 8,146842

1, 0,9139522 / 9,058001

2, 0,0525228 / 9,102063

0, 0,4539524 / 9,556014

StartAnim : ShortLook / 9,657587

2, 0,8842154 / 10,41744

StartAnim : FaceSmile / 10,62947

5, 0,2853694 / 10,70308

2, 0,0508991 / 10,73087

1, 0,3297171 / 11,06087

2, 0,08559281 / 11,14596

4, 0,2969992 / 11,95998

4, 0,0555071 / 12,24225

5, 1,100898 / 12,24225

2, 0,500685 / 12,7326

4, 0,1111297 / 13,27417

4, 0,0584804 / 13,3627

5, 0,6569532 / 13,3627

2, 0,2722387 / 13,63487

1, 0,5332083 / 14,08908

2, 0,6126375 / 14,69976

1, 0,6260455 / 15,31727

2, 0,0466542 / 15,37209

3, 0,0265987 / 15,39235

0, 0,0510309 / 15,44338

7, 1,606279 / 17,04844

4, 0,054008 / 17,13256

5, 0,5397602 / 17,59033

2, 0,0587804 / 17,6459

1, 0,886838 / 18,52981

2, 0,6405072 / 19,17065

4, 0,3121427 / 19,17065

5, 0,0542825 / 19,23991

3, 0,3024037 / 19,50172

2, 0,0519424 / 19,54533

1, 0,4904187 / 20,03754

StartAnim : OpenLegs / 20,14838

2, 0,1981585 / 20,23288

4, 0,5882304 / 20,83388

StartAnim : TouchCouchInvite / 22,44324

3, 0,6173283 / 22,52866

5, 2,335368 / 22,57211

StartAnim : LongLook / 22,95766

0, 0,4854676 / 23,05758

2, 0,1556952 / 23,18544

StartAnim : FaceSmile / 23,36

0, 0,3138897 / 23,49933

1, 0,6732532 / 24,14394

2, 0,0493347 / 24,18864

0, 0,2274283 / 24,41607

3, 0,2840942 / 24,70282

5, 0,4190017 / 24,81557

2, 0,0469973 / 24,84625

1, 0,7029276 / 25,54489

2, 0,0263975 / 25,57164

0, 0,5502927 / 26,12193

5, 2,780071 / 28,87174

0, 0,8429037 / 29,71465

5, 0,8407952 / 30,53057

2, 0,0433057 / 30,57356

1, 0,6145723 / 31,20059

2, 0,1259333 / 31,32542

StartAnim : PenisTouch / 31,75793

StartAnim : ShortLook / 32,37384

4, 1,014504 / 32,43148

4, 0,0446889 / 32,85843

5, 1,611097 / 32,85843

2, 0,1685964 / 33,01532

1, 0,2629911 / 33,28739

2, 0,0243676 / 33,31749

StartAnim : CloseEyes / 35,06231

4, 1,942394 / 35,74621

5, 2,428602 / 35,74621

2, 0,0302122 / 35,77452

1, 0,2846846 / 36,05679

2, 0,0462849 / 36,10274

4, 0,5439703 / 36,72974

5, 0,6248271 / 36,72974

2, 0,1730113 / 36,89902

1, 0,37934 / 37,27494

2, 0,0478224 / 37,32876

StartAnim : OpenEyes / 37,88651

4, 0,7691503 / 38,14466

5, 0,8424777 / 38,16541

StartAnim : StartErect / 38,18959

0, 0,1616511 / 38,32706

4, 0,0287976 / 38,65855

5, 1,243512 / 39,54204

0, 0,7132009 / 40,25525

4, 0,0183724 / 40,25525

5, 0,0183724 / 40,25525

0, 1,016394 / 41,27165

5, 0,1275904 / 41,38634

0, 0,1403325 / 41,52667

5, 0,1252583 / 41,63093

2, 0,0304469 / 41,65871

1, 0,8559576 / 42,51563

2, 0,0574635 / 42,5591

4, 0,3118146 / 43,01267

StartAnim : CloseEyes / 43,01267

4, 0,671059 / 43,95818

5, 1,398317 / 43,95818

2, 0,2296441 / 44,18619

StartAnim : OpenEyes / 44,54504

1, 0,5583704 / 44,74188

2, 0,0479552 / 44,78813

4, 0,1143882 / 45,47453

5, 0,9966856 / 45,78693

0, 0,05593 / 45,84286

5, 0,0161098 / 45,84286

0, 0,09820621 / 45,94107

5, 0,3974313 / 46,30239

0, 0,0964585 / 46,39885

5, 0,1927122 / 46,58709

0, 0,5124954 / 47,09959

4, 0,0322713 / 47,44069

5, 0,3699359 / 47,44069

2, 0,100479 / 47,54603

StartAnim : CloseEyes / 47,91308

1, 0,8151664 / 48,35777

2, 0,3576365 / 48,71322

0, 0,2066999 / 48,91991

StartAnim : OpenEyes / 50,27381

4, 1,125345 / 50,61327

StartAnim : StopTouchPenis / 50,75572

4, 0,2686478 / 51,01526

5, 2,126078 / 51,01526

2, 0,0485776 / 51,07287

1, 0,5090977 / 51,57185

StartAnim : TouchCouchInvite / 51,7165

2, 0,1888129 / 51,77176

5, 0,612914 / 52,38736

4, 0,3833911 / 52,75611

0, 0,4751479 / 53,23126

4, 0,5823166 / 53,78647

0, 0,0566483 / 53,84312

2, 0,1311531 / 53,94684

0, 0,0524293 / 53,99927

**********------------scene6------------**********

1, 0,4735208 / 0,0296658

0, 0,1695679 / 0,1992337

1, 0,2571918 / 0,430653

0, 0,0853272 / 0,5159802

StartAnim : OpenLegs / 0,715813

2, 0,261238 / 0,7999214

5, 0,999848 / 1,487787

2, 0,4844377 / 1,971962

5, 0,665416 / 2,559617

2, 0,0874789 / 2,643737

1, 0,3691978 / 3,012831

2, 0,0274438 / 3,034419

5, 0,4453946 / 3,49033

2, 0,060062 / 3,545619

1, 0,4118934 / 3,958442

2, 0,3114847 / 4,25927

0, 0,0544526 / 4,313723

4, 0,5173447 / 4,804421

5, 1,099561 / 5,384288

2, 0,0562313 / 5,407998

1, 0,599892 / 5,998319

0, 0,0456239 / 6,043943

2, 0,0198034 / 6,043943

4, 0,2146448 / 6,747916

5, 0,7099327 / 6,747916

0, 0,0500038 / 6,79792

StartAnim : LongLook / 6,857484

StartAnim : StartTouchPenis / 6,898287

4, 1,971822 / 8,856486

5, 2,10857 / 8,878558

2, 0,1429992 / 9,000168

1, 0,7712671 / 9,771967

2, 0,0283969 / 9,797441

StartAnim : CloseEyes / 10,03137

4, 0,3472595 / 10,17348

5, 0,3727327 / 10,17348

2, 0,0579923 / 10,22686

StartAnim : OpenEyes / 11,97057

1, 1,995663 / 12,21259

0, 0,3445601 / 12,55715

2, 0,0971878 / 12,61561

4, 0,7681052 / 13,39936

5, 0,7859058 / 13,39936

5, 0,0597389 / 13,62925

2, 0,2874463 / 13,68435

1, 0,2830992 / 13,9713

2, 0,2431846 / 14,21482

4, 0,556668 / 14,7745

5, 0,7247696 / 14,93128

3, 0,5073714 / 15,30033

4, 0,4902043 / 15,79809

2, 0,0260189 / 15,86966

5, 0,5566773 / 15,86966

1, 0,5022996 / 16,33153

2, 0,3996067 / 16,73062

1, 0,2899598 / 17,01539

2, 0,025432 / 17,04021

4, 0,8081703 / 17,89789

5, 0,8555852 / 17,89789

0, 0,274671 / 18,17256

3, 0,3719507 / 18,52795

4, 0,1476939 / 18,68404

5, 0,170378 / 18,70384

2, 0,048651 / 18,75398

1, 0,3250469 / 19,08723

2, 0,0541524 / 19,13168

StartAnim : CloseEyes / 19,19703

4, 0,3884215 / 19,52977

5, 0,4130831 / 19,52977

2, 0,4694185 / 19,98522

5, 0,0154965 / 20,00273

2, 0,0570693 / 20,05804

0, 0,0777924 / 20,13583

2, 0,0166396 / 20,13583

5, 0,03525 / 20,16422

2, 0,0513526 / 20,21721

StartAnim : OpenEyes / 21,84055

1, 1,653356 / 21,86544

2, 0,0878161 / 21,9533

4, 2,447511 / 24,42928

5, 2,535367 / 24,42928

0, 0,0578678 / 24,48715

4, 0,1143847 / 24,57384

5, 0,1143847 / 24,57384

1, 0,0301758 / 24,60164

StartAnim : CloseEyes / 24,63306

0, 0,1998974 / 24,80154

1, 0,2860784 / 25,086

5, 0,1303385 / 25,6422

2, 0,6510317 / 25,72767

4, 0,3485093 / 26,07039

5, 0,3485093 / 26,07039

2, 0,0559181 / 26,12017

StartAnim : FastPenisTouch / 26,84017

StartAnim : OpenEyes / 26,97098

1, 1,461571 / 27,58426

0, 0,0418758 / 27,62614

4, 0,4306282 / 28,04126

5, 0,4306282 / 28,04126

2, 0,026367 / 28,0729

StartAnim : CloseEyes / 28,61705

1, 1,058161 / 29,12893

2, 0,055437 / 29,17062

0, 0,0446573 / 29,21527

StartAnim : OpenEyes / 29,4973

4, 0,6991522 / 29,88431

5, 0,6991522 / 29,88431

0, 0,0456854 / 29,92999

2, 0,0456854 / 29,95453

1, 0,2433021 / 30,19637

2, 0,0658525 / 30,25873

4, 0,2643276 / 30,52946

4, 0,0252437 / 30,6144

4, 0,118492 / 30,75685

5, 0,4937456 / 30,75685

2, 0,0605627 / 30,82021

StartAnim : CloseEyes / 31,0256

1, 0,63387 / 31,43992

2, 0,370711 / 31,81495

4, 0,4733917 / 32,29826

5, 0,4733917 / 32,29826

0, 0,07128131 / 32,36954

3, 0,1742983 / 32,52823

0, 0,0599742 / 32,58821

StartAnim : OpenEyes / 32,76871

StartAnim : PenisEjac / 33,37269

1, 1,213667 / 33,7721

2, 0,0302051 / 33,79798

0, 0,0580108 / 33,85599

1, 0,0542519 / 33,89967

0, 0,4279996 / 34,32767

4, 0,5674033 / 34,85386

5, 0,5674033 / 34,85386

0, 0,0859805 / 34,93985

1, 0,3177799 / 35,23981

0, 0,600029 / 35,83985

1, 0,4985192 / 36,31358

2, 0,015857 / 36,33936

0, 0,0435055 / 36,38287

StartAnim : StopTouchPenis / 36,4037

4, 0,5743812 / 37,17533

StartAnim : DeErect / 37,22798

5, 1,602637 / 37,97591

2, 0,1996908 / 38,17451

0, 0,1122875 / 38,2868

2, 0,0467996 / 38,31361

5, 0,2444795 / 38,55651

0, 0,2421592 / 38,79867

5, 0,2733273 / 39,03893

2, 0,065081 / 39,06779

1, 0,8171601 / 39,88498

2, 0,1897544 / 40,06851

5, 0,2440028 / 40,31332

0, 0,3130207 / 40,62634

2, 0,3451751 / 40,99988

5, 0,6685417 / 41,27135

**********------------Fin_Relaxation------------**********

