**********------------scene1------------**********

0, 0,0611096 / 0,0611096

1, 0,4603294 / 0,4820398

0, 0,064521 / 0,5465608

3, 0,1105029 / 0,6372021

0, 0,3217627 / 0,9589648

2, 0,1809372 / 1,118992

1, 4,282671 / 5,385533

5, 0,2460063 / 5,818405

2, 0,6831081 / 6,073263

1, 0,8019152 / 6,873185

0, 0,0698771 / 6,943062

1, 0,7685695 / 7,673852

0, 0,4250177 / 8,098869

5, 0,3997551 / 8,587119

2, 0,8409728 / 8,886773

1, 0,8260437 / 9,712889

2, 0,0298817 / 9,74574

0, 0,2683125 / 10,01405

5, 0,4130175 / 10,39733

2, 0,7144205 / 10,69984

4, 0,2716301 / 10,96006

1, 0,7980148 / 11,75637

0, 1,142486 / 12,89886

1, 0,4303407 / 13,28758

0, 0,4150197 / 13,7026

5, 0,4427898 / 14,09919

1, 0,6756293 / 14,7717

0, 0,1372817 / 14,90899

1, 0,3535123 / 15,19768

0, 1,029405 / 16,22709

1, 0,6786007 / 16,87212

2, 0,0577436 / 16,92853

5, 0,3303327 / 17,26021

0, 1,812158 / 19,07237

4, 0,2915522 / 19,37048

2, 0,229656 / 19,74233

5, 0,7697835 / 19,82292

0, 0,2603601 / 20,08328

1, 1,910407 / 21,9726

0, 0,0703391 / 22,04294

2, 0,0703391 / 22,08704

0, 0,6850397 / 22,77208

3, 0,1622835 / 22,89319

0, 0,1075928 / 23,00078

2, 0,3728519 / 23,32668

5, 0,1728205 / 23,46825

2, 0,0269593 / 23,49752

5, 0,0292671 / 23,52819

1, 2,361638 / 25,90245

0, 0,329457 / 26,23191

1, 0,854793 / 27,03563

2, 0,3430134 / 27,37181

0, 0,6555331 / 28,02734

4, 0,3586198 / 28,34867

5, 0,3586198 / 28,34867

2, 0,0437738 / 28,38814

1, 0,6256621 / 29,01834

0, 0,397467 / 29,41581

4, 0,0321495 / 29,41581

0, 0,4703071 / 29,88611

4, 0,0964415 / 29,9509

3, 0,4858484 / 30,37292

0, 0,1769113 / 30,54983

4, 0,7834436 / 31,3003

0, 0,070103 / 31,37041

2, 0,0285352 / 31,37041

4, 0,0415678 / 31,40344

1, 0,5991759 / 31,99954

2, 0,0601288 / 32,07202

2, 0,5724072 / 32,78638

5, 0,7737847 / 32,78638

0, 0,2759816 / 33,06236

2, 0,0328717 / 33,06236

1, 1,012967 / 34,07264

2, 0,943439 / 35,02592

5, 0,5694433 / 35,05716

0, 0,2986735 / 35,35583

4, 0,0263395 / 35,35583

5, 0,4181911 / 35,7854

2, 0,314261 / 35,86175

1, 2,156696 / 38,01476

2, 0,4114557 / 38,41558

1, 0,1309143 / 38,54818

2, 0,0339382 / 38,58221

1, 1,406606 / 39,99677

2, 0,3435564 / 40,3293

0, 0,2373821 / 40,56668

1, 0,5757262 / 41,11273

0, 0,3121999 / 41,42493

1, 1,003016 / 42,39822

2, 0,3149655 / 42,71638

5, 0,0996207 / 42,71638

0, 0,4002822 / 43,11666

3, 0,0459302 / 43,11666

0, 1,472294 / 44,58895

3, 0,0340066 / 44,58895

0, 0,7791849 / 45,36815

3, 0,1168615 / 45,45644

0, 0,3745588 / 45,83099

3, 0,0850556 / 45,87585

0, 0,4996564 / 46,37551

3, 0,0924376 / 46,41603

0, 0,4936613 / 46,90969

3, 0,1355219 / 46,98801

0, 0,4943739 / 47,48239

5, 0,0301651 / 47,48239

0, 0,2169636 / 47,69936

3, 0,0394324 / 47,69936

0, 0,4892205 / 48,18858

3, 0,0406865 / 48,18858

0, 0,1236849 / 48,31227

1, 1,472006 / 49,74231

0, 0,7417277 / 50,48404

1, 0,7298386 / 51,16916

2, 0,3968328 / 51,55845

1, 0,2450667 / 51,8131

0, 0,8691619 / 52,68227

1, 0,0290183 / 52,68227

StartAnim : touchMagazine / 58,89134

0, 9,159689 / 61,842

1, 0,0463365 / 61,842

0, 0,1296294 / 61,97163

1, 1,53676 / 63,46268

0, 0,1297965 / 63,59248

2, 0,0462069 / 63,59248

4, 0,2669864 / 63,90264

5, 0,3127508 / 63,90264

2, 0,0431653 / 63,94578

1, 1,566379 / 65,50106

2, 0,032051 / 65,54301

5, 0,4422567 / 65,98746

4, 0,2412362 / 66,23172

2, 0,0471656 / 66,27732

1, 0,4842702 / 66,75389

2, 0,0749312 / 66,82966

0, 0,6689791 / 67,49864

**********------------scene2------------**********

1, 0,4452112 / 0,0395952

0, 0,3642264 / 0,4038216

3, 0,1833414 / 0,5519313

0, 0,1151 / 0,6670313

3, 0,2855815 / 0,922498

0, 0,1363273 / 1,058825

1, 0,338312 / 1,357748

0, 0,3062849 / 1,664033

3, 0,4828831 / 2,139542

0, 1,129787 / 3,269328

5, 0,5019171 / 3,735161

1, 0,3286898 / 4,066363

2, 0,6888881 / 4,769261

1, 1,340751 / 6,106745

0, 0,4888443 / 6,59559

1, 2,459637 / 9,026203

5, 0,0709372 / 9,112354

0, 0,0663254 / 9,178679

5, 0,141091 / 9,283411

0, 0,0532345 / 9,336645

5, 0,6568282 / 9,982889

0, 0,4127799 / 10,39567

4, 0,4722892 / 10,83995

6, 0,6419529 / 11,48214

7, 0,2095254 / 11,68214

0, 0,0851407 / 11,76728

7, 0,0917589 / 11,84143

2, 0,1710075 / 12,0182

1, 1,566109 / 13,56745

0, 0,4441108 / 14,01156

3, 0,3141886 / 14,29303

0, 0,0598139 / 14,35285

6, 0,6414109 / 14,96318

0, 0,0804843 / 15,04367

6, 0,034362 / 15,04367

2, 0,0461223 / 15,0817

1, 0,1343414 / 15,20791

0, 0,1425716 / 15,35049

1, 0,3243806 / 15,6382

0, 0,4463412 / 16,08454

3, 0,1296308 / 16,17781

0, 0,7781389 / 16,95595

1, 0,1839045 / 17,10998

0, 0,5163776 / 17,62635

1, 0,0303528 / 17,62635

0, 3,36928 / 20,99563

3, 0,0418577 / 20,99563

1, 1,927014 / 22,93547

2, 0,0384355 / 22,96722

0, 0,3259722 / 23,29319

4, 0,3017926 / 23,54833

5, 0,4759387 / 23,72585

4, 0,3442909 / 24,04171

6, 0,6007957 / 24,64288

0, 0,0634938 / 24,70638

6, 0,0976304 / 24,77327

1, 1,325127 / 26,09219

0, 0,3620312 / 26,45422

5, 0,1128638 / 26,52464

5, 0,0379513 / 26,59643

4, 0,5690772 / 26,98119

0, 0,2887186 / 27,26991

7, 0,552901 / 27,79795

0, 0,0914661 / 27,88942

4, 0,7690042 / 28,59743

4, 0,226651 / 29,73931

5, 1,770883 / 30,08404

3, 0,0425157 / 30,11711

0, 0,3684385 / 30,48554

1, 0,924047 / 31,37265

2, 0,0357384 / 31,41195

0, 2,187843 / 33,59979

1, 0,3879688 / 33,95649

0, 0,7559497 / 34,71244

1, 0,8643224 / 35,53585

0, 0,0573123 / 35,59316

1, 0,0573123 / 35,62026

0, 1,258573 / 36,87883

2, 0,7817957 / 37,6202

0, 0,0745182 / 37,69472

1, 0,3870558 / 38,03712

2, 0,0298645 / 38,06647

0, 0,7538215 / 38,82029

StartAnim : shortLook / 38,82029

**********------------scene3------------**********

1, 2,44359 / 0,0299608

4, 0,6602243 / 0,6884481

0, 0,5406438 / 1,229092

5, 0,1713468 / 1,381569

4, 0,4519284 / 1,828279

0, 0,3462339 / 2,174513

4, 0,0600412 / 2,19925

0, 0,2680031 / 2,467253

2, 0,0286389 / 2,467253

1, 0,1036303 / 2,55894

2, 0,0261792 / 2,590132

0, 0,0852069 / 2,675339

1, 0,3408124 / 2,98607

2, 0,3422314 / 3,329423

0, 0,3999973 / 3,72942

1, 1,837019 / 5,532398

0, 0,3410292 / 5,873427

4, 0,0599016 / 5,900707

0, 0,1998307 / 6,100538

4, 0,510443 / 6,58275

5, 0,6576138 / 7,215614

0, 0,9437233 / 8,159337

1, 0,5970126 / 8,726974

0, 1,001741 / 9,728714

4, 0,3138619 / 10,01592

0, 0,7674424 / 10,78336

4, 0,1738879 / 10,9283

0, 0,0849031 / 11,0132

4, 0,0248216 / 11,0132

0, 0,4303941 / 11,4436

2, 0,0309215 / 11,4436

1, 0,4547554 / 11,89922

0, 0,4608876 / 12,36011

2, 0,0270123 / 12,36011

0, 0,0593438 / 12,41945

2, 0,3377856 / 12,72741

0, 0,7151076 / 13,44252

1, 0,4848318 / 13,89765

2, 0,0277824 / 13,92837

0, 0,2562668 / 14,18463

2, 0,0270407 / 14,18463

0, 0,0631998 / 14,24783

1, 0,7733145 / 14,98326

2, 0,2303478 / 15,21779

0, 0,0529355 / 15,27073

2, 0,0839916 / 15,33212

0, 0,4524564 / 15,78458

1, 0,6865431 / 16,43969

0, 0,3470661 / 16,78675

1, 0,1110366 / 16,86839

0, 0,7708216 / 17,63921

1, 0,4600244 / 18,07298

0, 0,4283767 / 18,50135

3, 0,5146367 / 18,98199

0, 0,0594171 / 19,0414

1, 0,4591296 / 19,469

2, 0,2998102 / 19,77151

0, 0,6000244 / 20,37153

4, 0,2751279 / 20,6176

0, 0,5395367 / 21,15714

4, 0,3699079 / 21,49966

1, 0,7448166 / 22,24097

0, 0,3781651 / 22,61914

3, 0,0660649 / 22,64865

0, 0,573679 / 23,22233

2, 0,3439262 / 23,52909

0, 0,7403494 / 24,26943

1, 1,084331 / 25,32818

0, 0,0546374 / 25,38282

2, 0,3103606 / 25,67826

0, 1,561106 / 27,23937

3, 0,2419741 / 27,4585

0, 0,0582484 / 27,51675

1, 0,1123272 / 27,60112

0, 0,0548043 / 27,65593

1, 0,7393027 / 28,37233

2, 0,0319035 / 28,40226

0, 1,223145 / 29,6254

4, 0,3655616 / 29,97308

0, 0,0540445 / 30,02712

2, 0,3103543 / 30,31137

5, 0,5384903 / 30,54157

2, 0,0549652 / 30,57495

0, 0,233974 / 30,80892

1, 0,7430304 / 31,50994

2, 0,3721699 / 31,88543

5, 0,5147758 / 32,39977

2, 0,0582362 / 32,42711

StartAnim : armStretch / 32,80174

0, 0,7441197 / 33,17123

2, 0,3726943 / 33,51089

0, 0,5441867 / 34,05508

2, 0,0258646 / 34,05508

1, 0,2553219 / 34,31118

4, 0,1117828 / 34,76956

2, 0,6299018 / 34,94594

5, 0,5132029 / 35,45768

4, 0,2003853 / 35,65691

0, 0,054205 / 35,71112

2, 0,0264788 / 35,71112

0, 0,31298 / 36,02409

StartAnim : longLook / 37,1115

StartAnim : handSalute / 37,39885

1, 1,938139 / 37,94099

2, 0,0310892 / 37,97837

0, 0,0520099 / 38,03038

4, 0,7048373 / 38,71151

0, 0,0600734 / 38,77158

2, 0,0289059 / 38,77158

StartAnim : faceSmile / 41,58799

1, 4,72876 / 43,49769

2, 0,3997769 / 43,89837

1, 0,8863361 / 44,78177

0, 0,059393 / 44,84117

1, 1,836169 / 46,64067

0, 0,3440779 / 46,98475

3, 0,2871246 / 47,2419

0, 1,198281 / 48,44018

1, 0,8009415 / 49,21354

2, 0,5729434 / 49,78295

3, 0,0263863 / 49,81227

0, 2,826316 / 52,6386

1, 0,7792881 / 53,38214

2, 1,166999 / 54,55199

1, 0,6534786 / 55,21331

0, 0,2010563 / 55,41436

2, 0,0193037 / 55,41436

0, 0,6238428 / 56,0382

4, 0,4889035 / 56,49611

0, 0,0565012 / 56,55261

2, 0,033055 / 56,55261

0, 0,0586711 / 56,61128

1, 1,11433 / 57,69754

0, 0,0537429 / 57,75129

2, 0,2853673 / 58,01167

StartAnim : LongLook / 58,38318

1, 2,516121 / 60,52386

2, 0,4859276 / 61,01413

5, 0,0291603 / 61,03952

0, 0,2290691 / 61,26858

2, 0,026008 / 61,26858

0, 0,0562584 / 61,32484

1, 1,499306 / 62,79683

2, 0,0289532 / 62,82503

StartAnim : CaresseEntreCuisse / 62,85384

0, 0,2603394 / 63,08537

5, 0,1954162 / 63,25364

4, 0,4308417 / 63,68211

5, 0,3419825 / 64,02462

2, 0,0281248 / 64,05414

5, 0,0581199 / 64,11219

1, 0,7997789 / 64,91245

2, 0,3005838 / 65,21504

4, 0,1995816 / 65,41304

2, 0,0303683 / 65,43961

0, 0,0634501 / 65,50307

1, 1,998768 / 67,4663

0, 0,0571891 / 67,52349

1, 0,2583519 / 67,75161

2, 0,2584664 / 68,01214

0, 0,0612237 / 68,07336

4, 0,1431564 / 68,18152

5, 0,1749999 / 68,32387

2, 0,0245073 / 68,35439

StartAnim : faceSmile / 68,38271

5, 0,0588433 / 68,41249

1, 3,085016 / 71,49806

**********------------scene4------------**********

2, 0,5422005 / 0,0417952

0, 0,5840635 / 0,6258587

1, 0,2125601 / 0,8148956

2, 0,286428 / 1,100533

4, 0,0566665 / 1,154466

5, 0,3405634 / 1,44031

0, 0,5564988 / 1,996809

1, 0,471821 / 2,441725

StartAnim : LongLook / 2,528742

5, 0,0329861 / 2,812312

StartAnim : HandSalute / 2,812312

5, 0,6293837 / 3,687285

2, 1,296819 / 3,72802

5, 0,0446002 / 3,787551

1, 0,3316861 / 4,109927

StartAnim : SitCrossLegs / 4,711775

2, 1,92642 / 6,041734

1, 0,3575069 / 6,396722

2, 0,3699918 / 6,752618

4, 0,0281169 / 6,752618

5, 0,0425573 / 6,811954

2, 2,258661 / 9,037038

2, 0,1174136 / 9,739302

1, 1,561234 / 10,59612

2, 0,0236076 / 10,62434

1, 0,0594276 / 10,68442

2, 0,0288729 / 10,71131

1, 0,7522658 / 11,45452

2, 1,059875 / 12,528

1, 0,8845506 / 13,39564

StartAnim : LongLook / 14,29508

2, 0,9139638 / 14,32425

1, 1,188191 / 15,51107

0, 0,0575793 / 15,56865

1, 0,344837 / 15,88372

4, 0,0275737 / 16,52539

2, 0,8708521 / 16,75164

0, 0,1302407 / 16,88188

2, 0,0277093 / 16,88188

1, 1,026952 / 17,8828

2, 0,3581742 / 18,20909

0, 0,0526767 / 18,26176

1, 2,53152 / 20,76864

2, 0,4975624 / 21,25174

StartAnim : EyeBlink / 21,90872

0, 0,7423415 / 21,99408

2, 0,0164131 / 21,99408

1, 2,384576 / 24,38122

2, 0,0288385 / 24,41382

4, 0,0326047 / 24,44102

5, 0,1704532 / 24,58087

4, 0,1714987 / 24,68236

2, 0,2020387 / 24,78407

1, 0,5577284 / 25,34006

0, 0,2575713 / 25,59763

1, 2,589124 / 28,1528

0, 0,0416469 / 28,19445

1, 0,0416469 / 28,2167

0, 0,9113656 / 29,12807

StartAnim : OpenLegs / 29,96615

1, 1,826946 / 30,92563

5, 0,1757095 / 31,15331

2, 0,5170287 / 31,43612

4, 0,155467 / 31,9146

5, 0,5124841 / 31,9146

2, 0,0208388 / 31,94595

4, 0,08028559 / 32,0238

5, 0,08028559 / 32,0238

1, 1,142302 / 33,1672

2, 0,7159021 / 33,88079

0, 0,0864361 / 33,96722

5, 0,1391539 / 34,08009

0, 0,1189059 / 34,19901

4, 0,9261397 / 35,30911

5, 1,142798 / 35,30911

2, 0,2449953 / 35,5509

1, 0,9290157 / 36,4818

2, 0,02718 / 36,5093

2, 0,2272647 / 37,27982

4, 1,754192 / 38,25266

5, 1,770859 / 38,28296

3, 0,1469214 / 38,42283

4, 0,0432642 / 38,48168

5, 0,0820917 / 38,50808

4, 0,0487517 / 38,5515

StartAnim : touchCouchInvite / 39,01373

0, 0,9143986 / 39,4659

2, 0,3254953 / 39,76741

0, 0,500272 / 40,26768

4, 0,0269766 / 40,26768

0, 0,0558892 / 40,32357

4, 0,0341326 / 40,32357

0, 0,0864095 / 40,40998

StartAnim : FaceSmile / 40,81143

4, 0,969994 / 41,36688

0, 0,1842711 / 41,55115

1, 0,8833048 / 42,39403

0, 0,4181258 / 42,81215

4, 0,5833281 / 43,36699

0, 0,3597641 / 43,72676

1, 0,7296921 / 44,43718

2, 0,0267078 / 44,45742

1, 0,0202435 / 44,48292

2, 1,080543 / 45,56948

0, 0,2820477 / 45,85153

2, 0,0188134 / 45,85153

1, 4,031927 / 49,88271

2, 0,0668998 / 49,93725

0, 0,0423589 / 49,97961

5, 0,0195149 / 49,97961

2, 1,411826 / 51,3953

**********------------scene5------------**********

1, 0,9699101 / 0,0281695

0, 0,5991648 / 0,6273342

1, 0,1687762 / 0,7747541

2, 0,4564625 / 1,230425

5, 0,4844657 / 1,71517

2, 0,4587026 / 2,175366

0, 0,6322939 / 2,80766

2, 0,0308228 / 2,80766

5, 0,7095621 / 3,49929

2, 1,158016 / 4,671846

1, 0,2829186 / 4,91493

2, 0,0170585 / 4,941048

1, 1,442439 / 6,385763

2, 0,3992746 / 6,771211

4, 0,0377044 / 7,277221

5, 0,5575753 / 7,343849

1, 0,5844362 / 7,913052

2, 0,0143962 / 7,932524

1, 0,9882725 / 8,927863

StartAnim : ShortLook / 9,656452

2, 1,699646 / 10,6277

StartAnim : FaceSmile / 10,6277

4, 0,3997535 / 10,99715

5, 0,7273936 / 11,34242

2, 0,6518195 / 11,92926

1, 2,517101 / 14,46084

2, 0,3416767 / 14,7986

4, 0,0277195 / 14,81993

5, 0,7317272 / 15,52625

2, 0,3386407 / 15,85736

0, 0,046138 / 15,90349

1, 0,5573602 / 16,44116

2, 0,6264626 / 17,05751

1, 0,4439718 / 17,50254

2, 0,0692908 / 17,57406

1, 1,116687 / 18,69839

0, 1,115477 / 19,81386

StartAnim : OpenLegs / 20,1277

1, 0,7595398 / 20,54496

2, 0,2545251 / 20,79992

3, 0,2156515 / 21,31376

5, 0,6952581 / 21,48389

2, 0,7056669 / 22,20522

StartAnim : TouchCouchInvite / 22,42825

0, 0,3247929 / 22,53002

2, 0,4132467 / 22,91577

StartAnim : LongLook / 22,96292

StartAnim : FaceSmile / 23,35462

0, 0,639689 / 23,55546

2, 0,2844069 / 23,82944

0, 0,399278 / 24,22872

5, 0,360047 / 24,57277

2, 0,6315481 / 25,20142

0, 0,3276711 / 25,52909

2, 0,4088981 / 25,89835

3, 0,3571127 / 26,67053

5, 1,21368 / 27,10074

1, 0,3024416 / 27,39852

2, 0,666668 / 28,05661

5, 1,019037 / 29,08292

1, 0,497675 / 29,57161

2, 0,0409875 / 29,61458

2, 0,1704072 / 30,3891

4, 0,888799 / 31,04059

5, 1,59363 / 31,21759

2, 0,0264775 / 31,24046

5, 0,08031431 / 31,31299

StartAnim : PenisTouch / 31,74353

StartAnim : ShortLook / 32,37032

1, 1,343055 / 32,66891

2, 0,0279569 / 32,69174

4, 0,3008536 / 33,12805

5, 0,4306981 / 33,12805

2, 0,3408681 / 33,45906

StartAnim : CloseEyes / 35,04298

1, 1,774613 / 35,24109

0, 0,0519687 / 35,29305

1, 0,0267291 / 35,29305

0, 0,7924162 / 36,08547

1, 0,3292557 / 36,39887

StartAnim : OpenEyes / 37,8712

StartAnim : StartErect / 38,18578

0, 3,571571 / 39,97042

4, 0,0704129 / 40,0152

4, 0,043265 / 40,52655

5, 0,8557196 / 40,79639

3, 0,0134136 / 40,81747

0, 0,06780881 / 40,88528

5, 0,0735507 / 40,94077

StartAnim : CloseEyes / 43,01382

0, 3,455748 / 44,39654

StartAnim : OpenEyes / 44,54113

1, 0,3433197 / 44,70026

0, 1,1128 / 45,81307

1, 0,1896943 / 45,99726

0, 0,0444856 / 46,04175

4, 0,1508376 / 46,79891

5, 0,8308526 / 46,8569

0, 0,0413351 / 46,89823

StartAnim : CloseEyes / 47,89806

1, 1,141315 / 48,0248

2, 0,7004332 / 48,72775

StartAnim : OpenEyes / 50,28141

1, 1,913542 / 50,64128

0, 0,0575033 / 50,69879

StartAnim : StopTouchPenis / 50,73938

5, 0,2699729 / 50,94106

4, 0,0715637 / 51,01291

2, 0,5290595 / 51,46876

StartAnim : TouchCouchInvite / 51,69768

0, 0,3142115 / 51,78297

2, 0,5443665 / 52,31013

0, 0,1495749 / 52,4597

2, 0,3419517 / 52,77178

0, 0,5259444 / 53,29772

5, 0,0277734 / 53,29772

0, 0,0736479 / 53,37137

2, 1,042684 / 54,35379

**********------------scene6------------**********

0, 0,1550021 / 0,1115562

1, 0,2006666 / 0,2989873

StartAnim : OpenLegs / 0,6985025

2, 0,5549346 / 0,8418005

5, 0,0897336 / 0,9327886

5, 0,0561158 / 1,041853

3, 0,6312786 / 1,470927

5, 0,0281311 / 1,49956

2, 0,6584314 / 2,158098

5, 0,4260596 / 2,555452

2, 0,8588066 / 3,354633

5, 0,2839197 / 3,610938

3, 0,3570463 / 3,968234

5, 0,0732992 / 4,038351

2, 0,4623279 / 4,472616

5, 0,5577093 / 5,041626

2, 0,7484522 / 5,770656

1, 0,3552382 / 6,128267

2, 0,3553266 / 6,470062

StartAnim : LongLook / 6,853369

StartAnim : StartTouchPenis / 6,878325

4, 0,7439069 / 7,228989

5, 0,7439069 / 7,228989

2, 0,5278288 / 7,754814

4, 1,729621 / 9,482182

5, 1,74464 / 9,482182

2, 0,058363 / 9,544415

StartAnim : CloseEyes / 10,01247

1, 0,4977425 / 10,03826

2, 0,8429986 / 10,87094

5, 0,1274998 / 11,0118

4, 0,2282883 / 11,10647

5, 0,0261088 / 11,10647

0, 0,0640068 / 11,17048

4, 0,4183474 / 11,54515

StartAnim : OpenEyes / 11,94172

2, 0,7312822 / 12,28234

5, 1,462988 / 12,58297

4, 0,34534 / 12,62585

5, 0,0184684 / 12,62585

0, 0,0568219 / 12,68267

4, 0,200225 / 12,83907

5, 0,200225 / 12,83907

0, 0,0886907 / 12,92776

4, 0,0926078 / 12,98423

5, 0,0926078 / 12,98423

0, 0,4724986 / 13,45673

5, 0,0712776 / 13,49789

4, 0,0858397 / 13,56861

0, 0,3460133 / 13,91462

4, 0,1268671 / 14,01295

0, 0,2703665 / 14,28331

4, 0,0273131 / 14,28331

5, 0,0273131 / 14,28331

5, 0,0897487 / 14,74109

2, 0,6134203 / 14,88357

1, 1,044381 / 15,94092

2, 0,45646 / 16,38447

4, 2,057204 / 18,45441

5, 2,085164 / 18,4767

3, 0,3972244 / 18,86959

StartAnim : CloseEyes / 19,20037

0, 0,8449026 / 19,71449

1, 0,8013493 / 20,48401

2, 0,5413405 / 21,02548

StartAnim : OpenEyes / 21,81079

1, 1,143655 / 22,1671

2, 0,0517497 / 22,21099

1, 0,0431579 / 22,25708

StartAnim : CloseEyes / 24,62592

2, 2,589 / 24,84122

4, 0,9313095 / 25,78168

5, 1,840827 / 26,16739

0, 0,0434324 / 26,21082

4, 0,0255474 / 26,21082

5, 0,0255474 / 26,21082

StartAnim : FastPenisTouch / 26,82517

StartAnim : OpenEyes / 26,94088

0, 1,258224 / 27,46904

4, 0,8955331 / 28,33998

5, 0,9114309 / 28,36747

2, 0,068112 / 28,42815

StartAnim : CloseEyes / 28,59844

1, 0,5503903 / 28,96717

2, 0,0245845 / 28,99312

1, 0,333624 / 29,32614

StartAnim : OpenEyes / 29,4807

2, 0,3982111 / 29,72515

4, 0,5705547 / 30,29924

5, 0,6002434 / 30,3265

2, 0,0569494 / 30,35403

1, 0,6175058 / 30,96813

StartAnim : CloseEyes / 31,01136

2, 0,2443964 / 31,21335

4, 0,3271189 / 31,56721

5, 0,3729027 / 31,56721

1, 0,5286601 / 32,09936

StartAnim : OpenEyes / 32,74292

0, 0,8867124 / 32,98608

1, 0,2130519 / 33,19175

StartAnim : PenisEjac / 33,35911

0, 0,7499776 / 33,94172

4, 0,0147801 / 33,94172

4, 0,1119241 / 34,2303

5, 0,3010823 / 34,2303

0, 0,7979637 / 35,02827

7, 0,0312476 / 35,02827

0, 0,0699661 / 35,09823

4, 0,3432756 / 35,47034

5, 0,4698963 / 35,52486

2, 0,0833501 / 35,56054

1, 0,3160436 / 35,87229

0, 0,2696566 / 36,14194

StartAnim : StopTouchPenis / 36,38917

2, 0,4678906 / 36,5875

4, 0,2168247 / 36,82035

StartAnim : DeErect / 37,20947

2, 0,0430655 / 37,41356

5, 2,532084 / 39,128

2, 0,0571449 / 39,18536

1, 0,4559906 / 39,63873

0, 0,3311722 / 39,96991

2, 0,056581 / 39,99977

5, 0,6987529 / 40,69788

0, 0,3549846 / 41,05287

7, 0,0293381 / 41,05287

0, 0,1755439 / 41,22841

2, 0,2297378 / 41,42997

**********------------Fin_Relaxation------------**********

