**********------------scene1------------**********

0, 0,1668621 / 0,1668621

1, 0,8391306 / 0,9795827

0, 0,6608049 / 1,640388

1, 1,343915 / 2,954773

0, 0,0683546 / 3,023127

1, 0,8860924 / 3,86572

0, 2,528702 / 6,394421

1, 0,7882431 / 7,153804

0, 1,358392 / 8,512196

1, 0,7004452 / 9,178826

0, 0,0865918 / 9,265418

3, 0,0839414 / 9,327138

0, 0,5084693 / 9,835608

2, 0,7730076 / 10,56579

0, 0,0754606 / 10,64125

1, 1,213881 / 11,81302

0, 0,5827069 / 12,39573

5, 0,9244868 / 13,29271

2, 0,0297885 / 13,32512

0, 0,4123402 / 13,73746

1, 1,096165 / 14,80941

0, 3,787443 / 18,59684

3, 0,8604445 / 19,42317

0, 0,0880332 / 19,5112

1, 0,2789286 / 19,76644

0, 0,08259851 / 19,84903

1, 0,4311275 / 20,26543

0, 0,5139411 / 20,77937

3, 0,771385 / 21,52539

0, 1,126077 / 22,65147

3, 0,1679654 / 22,81491

0, 0,0688225 / 22,88373

1, 1,056564 / 23,90026

0, 2,752305 / 26,65257

1, 1,675236 / 28,29418

0, 0,2269499 / 28,52113

3, 0,9706908 / 29,45138

4, 0,027802 / 29,48102

0, 0,0534277 / 29,53444

4, 0,5173054 / 30,02143

3, 0,7161452 / 30,43845

0, 1,315612 / 31,75407

1, 0,3535928 / 32,08249

0, 0,1344477 / 32,21694

1, 0,4918051 / 32,68124

0, 1,183637 / 33,86489

1, 0,4829413 / 34,32226

0, 0,9402102 / 35,26247

1, 2,167579 / 37,39652

0, 0,5712887 / 37,96781

3, 0,7590685 / 38,69899

0, 0,0541475 / 38,75314

2, 1,582959 / 40,30727

0, 0,7300745 / 41,03734

1, 1,945152 / 42,93817

0, 2,454856 / 45,39303

1, 1,140638 / 46,50957

0, 0,08992951 / 46,59949

3, 0,3575836 / 46,92712

0, 1,267039 / 48,19416

1, 0,2709831 / 48,44045

0, 5,353043 / 53,79349

2, 0,6785598 / 54,42194

StartAnim : touchMagazine / 58,89992

0, 4,71112 / 59,13307

1, 0,0377348 / 59,13307

2, 0,1194322 / 59,25658

5, 0,228775 / 59,48425

2, 0,0404564 / 59,55429

1, 0,7154191 / 60,23632

2, 0,0366487 / 60,26666

5, 0,0303418 / 60,29901

2, 1,688834 / 61,99488

5, 0,6696002 / 62,49617

0, 2,200472 / 64,69663

**********------------scene2------------**********

1, 3,274943 / 0,0318501

0, 0,2118709 / 0,243721

5, 0,0531794 / 0,2793008

0, 0,070635 / 0,3499358

3, 0,070635 / 0,4043091

0, 0,3512641 / 0,7555732

3, 0,3024702 / 1,040885

0, 0,3611982 / 1,402084

3, 0,7522637 / 2,104114

0, 1,451156 / 3,555269

1, 0,0900235 / 3,647305

2, 0,061598 / 3,672327

0, 0,4038404 / 4,076167

1, 0,4687812 / 4,514805

0, 0,0765223 / 4,591328

1, 1,468951 / 6,015091

0, 4,042671 / 10,05777

3, 2,142646 / 12,15563

0, 0,0591931 / 12,21483

4, 1,314866 / 14,85853

5, 2,663064 / 14,85853

2, 0,0398308 / 14,89448

1, 0,5287428 / 15,41586

0, 4,356548 / 19,7724

1, 0,4716084 / 20,21564

0, 0,7695188 / 20,98515

4, 0,2715443 / 21,22734

0, 0,144634 / 21,37198

1, 0,1876804 / 21,52648

0, 0,0578292 / 21,58431

1, 0,1606776 / 21,70823

0, 0,0640199 / 21,77225

3, 1,163105 / 22,89818

0, 0,3294513 / 23,22763

3, 0,0224831 / 23,22763

0, 0,9307281 / 24,15836

1, 1,79967 / 25,92822

0, 1,418298 / 27,34652

1, 1,691475 / 29,01424

StartAnim : shortLook / 38,8601

0, 10,36112 / 39,37539

**********------------scene3------------**********

1, 1,921608 / 0,0274534

2, 0,3169192 / 0,3418059

0, 0,5149196 / 0,8567255

1, 1,600403 / 2,430797

0, 0,5956047 / 3,026402

1, 4,144358 / 7,142973

0, 1,058387 / 8,201361

1, 0,9296353 / 9,098841

0, 0,0853469 / 9,184187

3, 0,0861613 / 9,246065

0, 1,082455 / 10,32852

1, 1,543557 / 11,8476

0, 1,080291 / 12,92789

3, 0,0282796 / 12,92789

0, 1,699486 / 14,62738

1, 0,3454119 / 14,94

0, 0,0887132 / 15,02871

3, 0,0586174 / 15,05369

0, 1,549025 / 16,60271

4, 0,0628984 / 16,62543

0, 1,272984 / 17,89842

2, 0,685081 / 18,55712

1, 1,115508 / 19,67148

0, 0,054179 / 19,72566

3, 0,8859228 / 20,58855

0, 0,4817402 / 21,07029

1, 0,8031577 / 21,8406

0, 4,659431 / 26,50003

1, 0,8266399 / 27,30202

0, 2,281613 / 29,58363

3, 0,0557527 / 29,61164

0, 1,057285 / 30,66892

1, 0,2300007 / 30,86912

0, 0,1417098 / 31,01083

1, 0,624916 / 31,61161

0, 0,4358676 / 32,04747

2, 0,5436056 / 32,55817

0, 0,078494 / 32,63667

StartAnim : armStretch / 32,85065

1, 0,7807915 / 33,37365

0, 0,0512724 / 33,42492

4, 0,0542045 / 34,65429

2, 1,74141 / 35,139

0, 0,0997627 / 35,23876

4, 0,4011972 / 35,59867

0, 0,0852663 / 35,68393

1, 0,144757 / 35,79947

0, 1,110151 / 36,90962

StartAnim : longLook / 37,11309

StartAnim : handSalute / 37,39941

1, 1,22985 / 38,11187

0, 0,0598097 / 38,17168

3, 0,029101 / 38,17168

0, 0,197845 / 38,36952

4, 0,287441 / 38,62537

0, 0,2308123 / 38,85618

StartAnim : faceSmile / 41,61147

1, 14,71514 / 53,54781

2, 0,5394253 / 54,08897

0, 0,1637842 / 54,25275

3, 0,3719036 / 54,59852

0, 0,4990606 / 55,09759

4, 0,0243866 / 55,09759

0, 1,284719 / 56,38229

1, 0,0549348 / 56,41313

0, 0,6872639 / 57,10038

StartAnim : LongLook / 58,41203

1, 5,457519 / 62,52481

2, 0,0277482 / 62,55649

0, 0,1956598 / 62,75215

StartAnim : CaresseEntreCuisse / 62,86757

4, 0,9218314 / 63,66783

0, 0,056358 / 63,72419

2, 1,259715 / 64,95705

0, 0,0529564 / 65,01001

1, 1,36741 / 66,35239

2, 0,0279548 / 66,38255

0, 1,00009 / 67,38263

StartAnim : faceSmile / 68,41037

3, 1,516537 / 68,86866

0, 0,8557705 / 69,72443

**********------------scene4------------**********

1, 2,373681 / 0,0449895

0, 0,3680479 / 0,4130374

2, 0,2581249 / 0,6430415

5, 0,4522384 / 1,099573

2, 0,2433021 / 1,342353

0, 0,0602318 / 1,402585

1, 0,3457424 / 1,711336

0, 0,5191566 / 2,230492

StartAnim : LongLook / 2,543026

StartAnim : HandSalute / 2,827838

1, 0,9691234 / 3,171486

2, 0,5039685 / 3,670993

1, 0,5561127 / 4,226732

StartAnim : SitCrossLegs / 4,715183

0, 0,9053814 / 5,132115

3, 0,0301971 / 5,132115

2, 0,1063594 / 5,229812

5, 1,039768 / 6,154822

2, 0,0481166 / 6,200371

1, 0,4400762 / 6,64572

2, 1,986588 / 8,631279

1, 1,070727 / 9,701553

0, 0,0984835 / 9,800037

7, 0,0438977 / 9,823084

0, 0,034218 / 9,857302

7, 0,9490551 / 10,79725

0, 0,0473434 / 10,84459

3, 0,6603263 / 11,46882

0, 0,1300901 / 11,59891

7, 0,0171818 / 11,59891

0, 1,559235 / 13,15815

3, 0,0318329 / 13,15815

0, 0,1121649 / 13,27031

4, 0,1818381 / 13,44363

5, 0,2114777 / 13,44363

2, 0,3454894 / 13,80151

StartAnim : LongLook / 14,31205

1, 2,100813 / 15,85525

2, 1,971743 / 17,84275

0, 0,086709 / 17,92946

2, 1,044428 / 18,95542

1, 0,6825404 / 19,62738

0, 1,773645 / 21,40103

StartAnim : EyeBlink / 21,91258

1, 3,988323 / 25,37508

2, 0,857349 / 26,22666

1, 2,927658 / 29,14143

2, 0,7694466 / 29,69221

0, 0,2906027 / 29,98281

StartAnim : OpenLegs / 29,98281

2, 0,0824003 / 30,01377

0, 0,1144447 / 30,12821

1, 0,194419 / 30,3021

2, 0,0556659 / 30,36046

1, 0,2965918 / 30,65837

5, 0,7659503 / 31,49236

2, 2,11493 / 32,7742

1, 4,084536 / 36,85629

2, 0,191023 / 37,0407

4, 0,4495307 / 37,48426

StartAnim : touchCouchInvite / 38,99952

5, 2,536044 / 39,56987

2, 1,031084 / 40,61462

StartAnim : FaceSmile / 40,81459

0, 0,3697817 / 40,98439

4, 0,0561306 / 41,01715

0, 0,0552927 / 41,07245

4, 0,3278916 / 41,37214

0, 1,257962 / 42,6301

5, 0,02577 / 42,6301

2, 0,7988098 / 43,428

1, 1,814222 / 45,24456

2, 0,5409295 / 45,76855

5, 0,5117971 / 45,98512

2, 0,1204721 / 46,1115

1, 3,624331 / 49,74073

2, 0,5374942 / 50,26479

5, 1,190861 / 51,19646

2, 1,068422 / 52,08738

**********------------scene5------------**********

1, 0,2846822 / 0,0302868

0, 0,6123383 / 0,6426252

1, 0,1921504 / 0,7957706

2, 0,2213665 / 1,016214

5, 0,3591803 / 1,387022

2, 0,0272484 / 1,421014

0, 0,9191539 / 2,340168

1, 0,8585411 / 3,172112

2, 0,0618192 / 3,231898

5, 0,0564297 / 3,287368

3, 0,1538169 / 3,441924

0, 0,2996769 / 3,741601

3, 0,0302343 / 3,741601

7, 0,0261894 / 3,783844

0, 0,7870256 / 4,570869

5, 0,0567883 / 4,601622

3, 0,0307525 / 4,651621

0, 1,76123 / 6,41285

1, 1,253746 / 7,639827

2, 0,8065633 / 8,443914

StartAnim : ShortLook / 9,640749

0, 1,571953 / 10,01587

2, 0,3593687 / 10,34006

StartAnim : FaceSmile / 10,60327

1, 2,853509 / 13,2031

2, 2,112141 / 15,31379

1, 4,428339 / 19,74016

StartAnim : OpenLegs / 20,12573

2, 0,7974884 / 20,53759

0, 0,0663854 / 20,60398

5, 0,0346229 / 20,60398

0, 1,061377 / 21,66536

3, 0,0144745 / 21,66536

5, 0,0144745 / 21,66536

0, 0,1001035 / 21,76546

3, 0,0161145 / 21,76546

5, 0,0161145 / 21,76546

0, 0,471852 / 22,23731

5, 0,0134282 / 22,23731

StartAnim : TouchCouchInvite / 22,42439

0, 0,4759398 / 22,71325

3, 0,0247554 / 22,71325

5, 0,0247554 / 22,71325

StartAnim : LongLook / 22,94747

0, 0,398449 / 23,1117

1, 0,0286255 / 23,1117

StartAnim : FaceSmile / 23,37765

2, 0,3711683 / 23,48867

1, 2,426651 / 25,91275

2, 0,0575317 / 25,9663

5, 0,167232 / 26,09697

2, 0,0169891 / 26,14723

0, 2,649591 / 28,79682

5, 0,0271894 / 28,79682

0, 0,3405475 / 29,13737

5, 0,022817 / 29,13737

0, 1,020948 / 30,15831

2, 0,6287647 / 30,75639

0, 0,07680421 / 30,83319

2, 0,4722114 / 31,25699

StartAnim : PenisTouch / 31,73771

StartAnim : ShortLook / 32,36201

0, 2,4006 / 33,65758

StartAnim : CloseEyes / 35,02374

1, 2,052855 / 35,67969

2, 0,0265336 / 35,70198

5, 0,0482064 / 35,75471

0, 1,86909 / 37,62379

StartAnim : OpenEyes / 37,86111

StartAnim : StartErect / 38,15325

1, 0,6657648 / 38,25451

2, 0,0221894 / 38,28222

5, 0,0595819 / 38,33866

0, 1,854468 / 40,19313

StartAnim : CloseEyes / 43,00191

1, 3,91112 / 44,07826

2, 0,0587594 / 44,15289

5, 0,0557788 / 44,17892

0, 0,0420779 / 44,22099

4, 0,021126 / 44,22099

5, 0,021126 / 44,22099

0, 0,1150261 / 44,33602

4, 0,026777 / 44,33602

5, 0,026777 / 44,33602

0, 0,1589354 / 44,49495

4, 0,0130155 / 44,49495

5, 0,0130155 / 44,49495

StartAnim : OpenEyes / 44,53653

0, 2,998064 / 47,49301

2, 0,0255859 / 47,49301

0, 0,2309386 / 47,72395

StartAnim : CloseEyes / 47,89593

1, 0,7571196 / 48,45215

2, 0,2143335 / 48,66892

4, 0,4538517 / 49,15431

5, 0,4841689 / 49,15431

StartAnim : OpenEyes / 50,2649

0, 1,422981 / 50,5773

StartAnim : StopTouchPenis / 50,73634

1, 0,2454102 / 50,811

2, 0,0851123 / 50,89596

5, 0,0289292 / 50,89596

0, 0,0588712 / 50,95483

StartAnim : TouchCouchInvite / 51,69592

5, 0,8082859 / 51,78196

2, 1,217075 / 52,13798

1, 1,157311 / 53,29549

5, 0,3975558 / 53,75441

2, 0,5787945 / 53,86081

0, 0,0518938 / 53,91271

**********------------scene6------------**********

2, 0,5414787 / 0,0290454

StartAnim : OpenLegs / 0,7019767

0, 0,7000999 / 0,7291453

3, 0,0330471 / 0,7291453

5, 0,3546487 / 1,08261

2, 0,9388968 / 1,9969

1, 0,4260408 / 2,429124

2, 0,0338505 / 2,456185

0, 0,0578155 / 2,514001

3, 0,0269336 / 2,514001

0, 1,056353 / 3,570353

1, 0,3397541 / 3,881214

2, 0,0279198 / 3,909581

0, 0,0558476 / 3,965429

2, 2,859083 / 6,796201

StartAnim : LongLook / 6,853929

StartAnim : StartTouchPenis / 6,880574

4, 0,3117451 / 7,096184

5, 0,3275204 / 7,122985

3, 0,46035 / 7,564514

0, 0,07327349 / 7,637788

2, 0,2466749 / 7,847735

0, 0,0528837 / 7,900619

1, 0,8317461 / 8,699368

2, 0,0198847 / 8,724495

0, 0,8124107 / 9,536908

StartAnim : CloseEyes / 10,02446

2, 0,5261584 / 10,05488

StartAnim : OpenEyes / 11,93934

1, 3,94266 / 13,98446

0, 2,180749 / 16,16521

1, 1,612023 / 17,75426

StartAnim : CloseEyes / 19,18248

2, 2,857878 / 20,60977

1, 1,087586 / 21,69619

0, 0,0830863 / 21,77927

5, 0,0307208 / 21,77927

4, 0,0523655 / 21,80688

StartAnim : OpenEyes / 21,80688

StartAnim : CloseEyes / 24,60797

0, 3,074785 / 24,88168

2, 1,133216 / 25,98163

5, 0,1958027 / 26,18422

StartAnim : FastPenisTouch / 26,81203

StartAnim : OpenEyes / 26,95495

2, 1,000409 / 27,00939

StartAnim : CloseEyes / 28,59187

StartAnim : OpenEyes / 29,47964

StartAnim : CloseEyes / 31,00788

StartAnim : OpenEyes / 32,74344

StartAnim : PenisEjac / 33,33998

1, 6,899278 / 33,90873

0, 0,0438263 / 33,95256

2, 0,024753 / 33,95256

0, 1,354922 / 35,30748

2, 0,5286754 / 35,80825

4, 0,3999256 / 36,22253

StartAnim : StopTouchPenis / 36,38361

StartAnim : DeErect / 37,21104

5, 1,871382 / 37,67744

2, 0,2237276 / 37,91612

0, 0,3629674 / 38,27908

1, 0,0546371 / 38,30251

2, 0,1026119 / 38,409

0, 2,200216 / 40,60922

5, 0,0267417 / 40,60922

0, 0,4435608 / 41,05278

5, 0,0161062 / 41,05278

0, 0,1113238 / 41,1641

5, 0,0156847 / 41,1641

**********------------Fin_Relaxation------------**********

