**********------------scene1------------**********

0, 0,3964927 / 0,3964927

1, 0,0782098 / 0,432013

0, 0,2457772 / 0,6777902

3, 0,2728053 / 0,9019066

0, 0,1291625 / 1,031069

1, 1,332027 / 2,299357

0, 0,08235601 / 2,381713

2, 0,3107511 / 2,641493

5, 0,2010879 / 2,846364

2, 0,2402791 / 3,062011

1, 2,769574 / 5,83175

2, 0,7673055 / 6,599858

0, 0,1708537 / 6,770712

2, 0,0350654 / 6,770712

5, 0,0472749 / 6,822594

0, 0,5015977 / 7,324192

1, 0,3559253 / 7,64043

0, 0,5296196 / 8,170049

1, 2,013979 / 10,15473

2, 0,8743771 / 11,03646

0, 0,0551977 / 11,09165

1, 8,589888 / 19,66737

0, 0,4003019 / 20,06767

2, 0,0803736 / 20,46589

5, 0,5918638 / 20,64082

2, 0,3497976 / 20,94239

1, 1,773218 / 22,71635

0, 0,0672848 / 22,78363

2, 0,0369088 / 22,78363

5, 0,4930681 / 23,28039

2, 0,3860034 / 23,58341

1, 0,6626335 / 24,25171

0, 0,2257419 / 24,47745

1, 1,106617 / 25,53216

0, 0,0638596 / 25,59602

3, 0,0319773 / 25,59602

0, 0,3235241 / 25,91955

5, 0,3607486 / 26,25266

1, 0,4667789 / 26,70961

0, 0,2847362 / 26,99435

1, 1,841778 / 28,79419

0, 0,0977737 / 28,89196

3, 0,0600533 / 28,89196

0, 0,2611149 / 29,15307

3, 0,3724538 / 29,49129

0, 0,2620293 / 29,75332

1, 0,5584054 / 30,28505

2, 0,03482 / 30,32163

0, 0,5986997 / 30,92033

2, 0,2752077 / 31,15732

1, 1,753224 / 32,90872

0, 0,2486701 / 33,15739

4, 0,6785107 / 33,7943

0, 0,4430094 / 34,23731

1, 0,6200784 / 34,80613

0, 1,528943 / 36,33506

1, 0,1112126 / 36,4057

0, 0,8256114 / 37,2313

1, 0,7173753 / 37,89518

0, 1,74313 / 39,63831

1, 0,4279559 / 40,03372

0, 0,1182259 / 40,15194

4, 0,1156828 / 40,23025

0, 0,2343925 / 40,46465

1, 0,5801747 / 41,00776

4, 0,0313667 / 41,03735

0, 0,9587067 / 41,99606

1, 0,3330901 / 42,29186

2, 0,0254859 / 42,32239

2, 0,028947 / 42,49057

5, 0,7305825 / 43,04989

0, 0,0621805 / 43,11207

2, 0,0306552 / 43,11207

0, 0,0657935 / 43,17786

1, 0,4814252 / 43,62495

0, 0,0854297 / 43,71037

1, 0,2294256 / 43,9128

0, 0,9095784 / 44,82237

1, 0,3997101 / 45,17919

0, 0,6719416 / 45,85112

1, 0,2129133 / 46,02827

0, 2,133352 / 48,16161

1, 3,79983 / 51,93188

0, 0,3815037 / 52,31339

2, 0,6300034 / 52,8924

0, 0,6582678 / 53,55066

2, 0,2838596 / 53,79487

1, 1,145374 / 54,936

0, 0,1305574 / 55,06656

1, 0,2415139 / 55,2761

0, 0,2491713 / 55,52527

4, 0,0256429 / 55,52527

0, 0,1857956 / 55,71106

4, 0,997915 / 56,67817

5, 0,2517972 / 56,86502

0, 0,0696192 / 56,93464

3, 0,2124001 / 57,11057

0, 0,108961 / 57,21953

3, 0,0603566 / 57,26007

0, 0,122926 / 57,383

1, 0,4723463 / 57,83847

0, 0,1400973 / 57,97856

6, 0,2853879 / 58,24115

0, 0,1990976 / 58,44025

StartAnim : touchMagazine / 58,90966

1, 5,985749 / 64,39234

0, 0,383041 / 64,77539

4, 0,3153403 / 65,06729

0, 0,068002 / 65,13529

4, 0,1371316 / 65,23957

0, 0,1625858 / 65,40215

1, 1,579672 / 66,92051

**********------------scene2------------**********

2, 1,000359 / 0,0307013

0, 0,3968845 / 0,4275858

1, 0,4683743 / 0,855318

0, 0,1156636 / 0,9709816

3, 0,0351743 / 0,9709816

0, 0,3468868 / 1,317868

1, 0,3665688 / 1,642004

0, 0,1179865 / 1,759991

3, 0,6107649 / 2,324787

0, 0,4339059 / 2,758693

1, 3,569453 / 6,285037

0, 0,0991564 / 6,384193

3, 0,3599441 / 6,714971

0, 0,7099404 / 7,424911

3, 0,8206721 / 8,20934

1, 0,7562924 / 8,985797

0, 0,5302411 / 9,516039

1, 0,4734242 / 9,95413

0, 0,0577907 / 10,01192

3, 0,7290967 / 10,7164

0, 0,1181559 / 10,83456

1, 0,6515936 / 11,4451

0, 0,1163181 / 11,56142

3, 0,0359555 / 11,56142

0, 0,2230998 / 11,78452

3, 1,052495 / 12,79677

0, 0,2293475 / 13,02612

5, 0,3189042 / 13,31377

2, 0,1099739 / 13,41966

1, 0,7856168 / 14,19926

0, 0,8172921 / 15,01656

3, 0,3581797 / 15,35514

0, 0,0757722 / 15,43092

1, 1,601384 / 16,98784

0, 0,2508504 / 17,23869

4, 0,0993362 / 17,29828

0, 0,5384165 / 17,83669

1, 3,438379 / 21,23121

0, 0,4094901 / 21,64071

1, 0,5100165 / 22,11147

0, 0,2808042 / 22,39228

1, 0,673676 / 23,02531

0, 0,097323 / 23,12263

3, 0,1002896 / 23,19606

0, 0,2595258 / 23,45558

3, 0,2721745 / 23,69873

0, 0,0901133 / 23,78885

1, 0,4576657 / 24,21065

0, 2,592029 / 26,80268

1, 0,5397214 / 27,31062

0, 0,715995 / 28,02662

1, 1,118349 / 29,1125

0, 0,6015374 / 29,71404

5, 0,2534724 / 29,92501

2, 0,5260054 / 30,29324

5, 0,7035578 / 30,71952

0, 0,1204178 / 30,83994

1, 0,3366525 / 31,12517

0, 1,130649 / 32,25581

3, 0,0265844 / 32,25581

0, 0,9417882 / 33,19761

1, 0,6530084 / 33,82701

0, 0,3387845 / 34,16579

3, 0,1548043 / 34,28157

0, 2,615265 / 36,89684

1, 0,470801 / 37,32616

3, 0,027813 / 37,35596

0, 0,3140299 / 37,66999

3, 0,0592892 / 37,70885

0, 0,2503628 / 37,95922

3, 0,7099488 / 38,62862

0, 0,1195484 / 38,74817

StartAnim : shortLook / 38,81176

**********------------scene3------------**********

1, 2,57379 / 0,0327308

0, 0,823207 / 0,8559378

1, 0,7492403 / 1,569119

2, 0,7966369 / 2,369673

0, 0,4301906 / 2,799863

2, 0,0221486 / 2,799863

1, 2,199745 / 4,999866

0, 0,8560547 / 5,855923

1, 1,632245 / 7,455758

0, 0,1193284 / 7,575086

5, 0,0243334 / 7,635915

4, 0,3414525 / 7,883048

0, 0,0603342 / 7,943382

2, 0,2309634 / 8,144732

0, 0,0545336 / 8,199265

1, 0,202762 / 8,371907

0, 0,5419026 / 8,913809

5, 0,0251346 / 8,913809

3, 0,0317452 / 8,952797

0, 0,3057763 / 9,258574

2, 0,029403 / 9,258574

0, 0,0692628 / 9,327836

1, 2,781705 / 12,07046

2, 1,170825 / 13,24004

1, 4,80083 / 18,03951

0, 0,0625393 / 18,10204

3, 0,0309108 / 18,10204

0, 0,6240674 / 18,72611

2, 0,0555833 / 18,75534

1, 2,37335 / 21,12446

2, 1,090026 / 22,21046

0, 0,4321959 / 22,64266

2, 0,019149 / 22,64266

0, 0,0564199 / 22,69908

1, 5,572514 / 28,24138

0, 0,5691923 / 28,81057

3, 0,0303656 / 28,81057

4, 0,0303656 / 28,81057

0, 0,0616263 / 28,8722

3, 0,2304496 / 29,0721

4, 0,2304496 / 29,0721

0, 0,0519897 / 29,12409

2, 0,8834471 / 29,98432

1, 1,05394 / 31,04097

2, 0,0314805 / 31,07148

3, 0,0305105 / 31,10479

2, 0,3378356 / 31,4407

5, 0,254002 / 31,4407

0, 0,0912939 / 31,53199

5, 0,0309496 / 31,53199

2, 0,3703123 / 31,87017

1, 0,6028138 / 32,47052

StartAnim : armStretch / 32,81061

2, 0,3972368 / 32,87604

1, 0,9139163 / 33,78563

0, 0,0550119 / 33,84064

2, 0,7712783 / 34,58669

1, 0,6275188 / 35,21214

5, 0,31681 / 35,6684

2, 0,6258061 / 35,84296

0, 0,0607874 / 35,90375

StartAnim : longLook / 37,09502

StartAnim : handSalute / 37,38446

StartAnim : faceSmile / 41,59867

1, 13,41044 / 49,28251

0, 0,4842665 / 49,76677

1, 0,3675211 / 50,11037

2, 1,147585 / 51,25401

5, 0,025716 / 51,28221

2, 0,0282047 / 51,31217

0, 0,0574103 / 51,36958

1, 0,1423902 / 51,48468

0, 1,029651 / 52,51433

1, 0,3125887 / 52,79845

0, 0,5424603 / 53,3409

1, 2,201669 / 55,51329

0, 0,629572 / 56,14287

1, 1,659646 / 57,76866

0, 0,0599683 / 57,82863

2, 0,4004797 / 58,19507

StartAnim : LongLook / 58,39606

StartAnim : CaresseEntreCuisse / 62,85299

1, 8,857424 / 67,05548

0, 0,0919272 / 67,14741

1, 0,0303953 / 67,14741

0, 0,0475019 / 67,19491

1, 0,0798117 / 67,25619

0, 0,0543654 / 67,31055

StartAnim : faceSmile / 68,36836

**********------------scene4------------**********

1, 4,773274 / 0,0430637

0, 2,464216 / 2,50728

2, 0,0261878 / 2,50728

StartAnim : LongLook / 2,50728

0, 0,1403567 / 2,647637

StartAnim : HandSalute / 2,791007

1, 0,2844926 / 2,906644

2, 0,7454121 / 3,644029

1, 1,638835 / 5,283184

0, 0,0440375 / 5,327221

2, 0,8000527 / 6,102048

1, 0,5615836 / 6,675286

0, 0,0560774 / 6,731364

2, 0,0560774 / 6,76614

5, 0,2531582 / 6,990927

4, 0,0171906 / 7,15679

2, 0,5501856 / 7,543792

1, 2,129303 / 9,673738

2, 0,8153628 / 10,48372

1, 0,9986984 / 11,48405

0, 0,1587669 / 11,64281

5, 0,3188232 / 12,18048

3, 0,5817012 / 12,21105

0, 0,1911472 / 12,4022

2, 0,0266157 / 12,4022

1, 0,389019 / 12,78755

0, 0,4599404 / 13,24749

2, 0,3880442 / 13,60231

0, 0,0586149 / 13,66093

2, 0,0323699 / 13,66093

StartAnim : LongLook / 14,27296

StartAnim : EyeBlink / 21,88442

StartAnim : OpenLegs / 29,94306

1, 16,76299 / 30,4264

0, 0,0577498 / 30,48415

2, 0,3185976 / 30,77298

4, 0,0279749 / 30,80627

2, 0,0654193 / 30,85991

4, 0,0313834 / 30,92052

5, 0,3657116 / 30,92052

0, 0,144915 / 31,06544

4, 0,1879423 / 31,21353

5, 0,0282321 / 31,2435

2, 0,3426962 / 31,55424

1, 1,187091 / 32,74616

2, 1,082343 / 33,81542

1, 2,043334 / 35,86965

0, 0,2796524 / 36,1493

2, 0,600718 / 36,71527

1, 0,416242 / 37,12665

2, 0,0251819 / 37,16335

3, 0,0367012 / 37,19461

4, 0,5788113 / 37,76815

2, 0,4736276 / 38,26937

5, 1,106025 / 38,3024

3, 0,2004984 / 38,5015

5, 0,4575973 / 38,95452

StartAnim : touchCouchInvite / 38,98515

0, 0,2873374 / 39,24186

5, 0,1146063 / 39,32696

0, 0,144757 / 39,47172

5, 0,1394002 / 39,58466

2, 0,3998167 / 39,98639

StartAnim : FaceSmile / 40,78421

1, 5,000529 / 44,98596

0, 0,1184205 / 45,10438

3, 0,5573661 / 45,62683

0, 0,0581049 / 45,68493

2, 0,1007781 / 45,75755

1, 0,5153394 / 46,26798

2, 0,0250339 / 46,3035

0, 1,369487 / 47,67297

4, 0,025424 / 47,67297

0, 0,2394405 / 47,91241

2, 0,0250338 / 47,91241

0, 0,1018583 / 48,01427

1, 0,6854701 / 48,62636

0, 0,07186159 / 48,69822

1, 0,0357504 / 48,69822

0, 0,0883227 / 48,78654

2, 0,327674 / 49,059

1, 1,300747 / 50,35498

0, 0,0591977 / 50,41418

3, 0,4485672 / 50,82963

2, 0,1112088 / 50,94534

0, 0,1378713 / 51,08321

1, 0,1981368 / 51,22969

0, 0,0623363 / 51,29202

1, 0,0623363 / 51,33773

0, 0,5771355 / 51,91486

5, 0,0284124 / 51,91486

0, 0,0945834 / 52,00945

3, 0,1259689 / 52,07164

**********------------scene5------------**********

0, 1,771025 / 1,516872

7, 0,0622771 / 1,551122

0, 0,8048954 / 2,356018

2, 0,0587574 / 2,399958

1, 0,2419637 / 2,627775

2, 0,1246942 / 2,755521

5, 0,549942 / 3,250974

2, 0,0623079 / 3,317198

0, 0,0630284 / 3,380226

1, 0,750073 / 4,079653

0, 0,0875004 / 4,167153

1, 0,0160644 / 4,167153

0, 0,0719999 / 4,239153

1, 0,1871627 / 4,379484

0, 1,034099 / 5,413583

1, 0,4255638 / 5,81432

5, 0,0338566 / 5,871923

2, 0,089513 / 5,902162

4, 0,0237466 / 5,902162

0, 0,0671608 / 5,969323

5, 0,4625026 / 6,381722

2, 0,2853623 / 6,669067

0, 0,0612998 / 6,730367

2, 1,443192 / 8,138712

1, 0,915553 / 9,050817

2, 0,4235812 / 9,481651

3, 0,1269595 / 9,597922

StartAnim : ShortLook / 9,677139

2, 0,2756701 / 9,88105

0, 0,6154623 / 10,49651

StartAnim : FaceSmile / 10,63794

5, 0,396229 / 10,86607

0, 0,0452127 / 10,91128

4, 0,020999 / 10,91128

5, 0,020999 / 10,91128

0, 0,0972036 / 11,00848

2, 0,0332928 / 11,00848

1, 0,8474386 / 11,85061

0, 0,3869919 / 12,2376

5, 0,345681 / 12,55828

2, 0,0912492 / 12,64265

1, 0,9178286 / 13,56878

5, 0,6602011 / 14,22142

2, 0,0872721 / 14,31315

1, 3,138794 / 17,43638

2, 0,4737406 / 17,92133

1, 0,6732265 / 18,59418

2, 0,9271395 / 19,52073

StartAnim : OpenLegs / 20,12253

1, 1,05705 / 20,57914

2, 0,0694685 / 20,6523

3, 0,8584643 / 21,88242

5, 1,231678 / 21,88242

0, 0,0952238 / 21,97764

StartAnim : TouchCouchInvite / 22,42246

StartAnim : LongLook / 22,95657

StartAnim : FaceSmile / 23,35431

1, 4,837538 / 26,77917

2, 0,79901 / 27,58081

1, 1,556616 / 29,13533

2, 1,400682 / 30,53681

0, 0,0406 / 30,57741

5, 0,1376246 / 30,69205

0, 0,0618723 / 30,75393

5, 0,3553768 / 31,09298

2, 0,0960336 / 31,15226

1, 0,5747448 / 31,73582

StartAnim : PenisTouch / 31,73582

2, 0,0254527 / 31,76591

StartAnim : ShortLook / 32,38042

4, 0,9756095 / 32,73511

5, 0,9756095 / 32,73511

0, 0,1755559 / 32,91067

4, 0,0687838 / 32,95294

5, 0,0687838 / 32,95294

2, 0,1317213 / 33,09523

StartAnim : CloseEyes / 35,03614

1, 2,28599 / 35,37764

0, 0,0438513 / 35,4215

2, 0,0221087 / 35,4215

4, 0,0217426 / 35,4525

4, 0,1134053 / 35,62289

5, 0,1959903 / 35,62289

0, 0,0557515 / 35,67864

4, 1,529611 / 37,17797

5, 1,529611 / 37,17797

0, 0,057048 / 37,23502

4, 0,0774954 / 37,28059

5, 0,0774954 / 37,28059

StartAnim : OpenEyes / 37,87905

StartAnim : StartErect / 38,17855

1, 1,168787 / 38,45142

0, 0,0858304 / 38,53725

4, 0,034362 / 38,53725

5, 0,034362 / 38,53725

0, 0,4156077 / 38,95285

2, 0,0581782 / 38,98637

0, 0,0489309 / 39,0353

1, 3,835062 / 42,84856

0, 0,0454727 / 42,89403

1, 0,0923502 / 42,96281

StartAnim : CloseEyes / 43,00972

StartAnim : OpenEyes / 44,53782

0, 1,859594 / 44,82243

2, 0,0159301 / 44,82243

0, 0,0676952 / 44,89012

2, 0,4904689 / 45,33458

0, 1,677263 / 47,01182

StartAnim : CloseEyes / 47,9103

1, 1,759066 / 48,73399

0, 0,0602132 / 48,79421

StartAnim : OpenEyes / 50,26717

1, 1,681982 / 50,46395

0, 0,0461248 / 50,51008

1, 0,1313266 / 50,62054

StartAnim : StopTouchPenis / 50,7355

0, 0,461199 / 51,08174

3, 0,0266305 / 51,08174

2, 0,0302721 / 51,12306

5, 0,1709803 / 51,24833

2, 0,1481953 / 51,29568

0, 0,0604863 / 51,35617

StartAnim : TouchCouchInvite / 51,72179

**********------------scene6------------**********

1, 3,111187 / 0,0278996

StartAnim : OpenLegs / 0,7050301

0, 3,494027 / 3,521927

5, 0,3073908 / 3,80305

2, 0,0282706 / 3,827613

0, 0,08395121 / 3,911565

1, 0,7443631 / 4,630055

2, 0,370323 / 5,000537

4, 0,0270866 / 5,027201

5, 0,0537505 / 5,056953

2, 0,3418644 / 5,368468

5, 0,0260665 / 5,39578

2, 0,0273118 / 5,421

0, 0,0624781 / 5,483478

2, 0,0156224 / 5,483478

0, 0,0883121 / 5,57179

2, 0,0319658 / 5,57179

1, 0,909941 / 6,483334

StartAnim : LongLook / 6,859062

StartAnim : StartTouchPenis / 6,90721

2, 0,4804283 / 6,957474

4, 1,458623 / 8,417026

5, 1,490453 / 8,417026

0, 0,0539539 / 8,47098

4, 0,0285975 / 8,47098

5, 0,0285975 / 8,47098

0, 0,0646453 / 8,535625

1, 0,7601203 / 9,259187

0, 0,068659 / 9,327846

4, 0,5942023 / 10,01513

5, 0,7310629 / 10,04064

StartAnim : CloseEyes / 10,04064

2, 0,0569069 / 10,10097

0, 0,055284 / 10,15625

1, 1,003683 / 11,12529

0, 0,0430069 / 11,1683

2, 0,7749423 / 11,92651

StartAnim : OpenEyes / 11,96852

1, 2,442386 / 14,36902

0, 2,860251 / 17,22927

7, 0,0260105 / 17,22927

StartAnim : CloseEyes / 19,21663

0, 2,81346 / 20,04273

3, 0,4320889 / 20,44393

0, 0,4167385 / 20,86067

3, 0,343794 / 21,16922

StartAnim : OpenEyes / 21,82622

0, 1,416685 / 22,58591

StartAnim : CloseEyes / 24,6415

1, 2,22591 / 24,79729

0, 0,7735957 / 25,57088

StartAnim : FastPenisTouch / 26,82831

StartAnim : OpenEyes / 26,96838

1, 1,818954 / 27,37044

0, 0,0637786 / 27,43422

4, 0,3751079 / 27,92572

5, 0,5042285 / 27,92572

2, 0,0242437 / 27,96206

StartAnim : CloseEyes / 28,5967

StartAnim : OpenEyes / 29,49917

StartAnim : CloseEyes / 31,04097

1, 3,7324 / 31,68292

0, 0,1005703 / 31,78349

4, 0,4569701 / 32,22825

5, 0,485045 / 32,22825

2, 0,0932101 / 32,33904

StartAnim : OpenEyes / 32,76928

StartAnim : PenisEjac / 33,36702

1, 1,578725 / 33,91204

0, 0,1701354 / 34,08217

4, 0,0286895 / 34,34355

5, 0,2795514 / 34,34355

0, 0,3446143 / 34,68816

2, 0,0854253 / 34,74617

StartAnim : StopTouchPenis / 36,40007

1, 1,868991 / 36,61425

StartAnim : DeErect / 37,22564

2, 0,7287832 / 37,34187

5, 0,4878061 / 37,74229

0, 0,0397145 / 37,78201

4, 0,0243822 / 37,78201

5, 0,1029981 / 37,90105

**********------------Fin_Relaxation------------**********

