**********------------scene1------------**********

0, 0,3673834 / 0,3673834

1, 0,2843636 / 0,6236863

2, 0,2306309 / 0,8570215

0, 0,0677006 / 0,9247221

1, 0,4285378 / 1,309822

0, 0,5995935 / 1,909416

1, 0,69921 / 2,585943

2, 0,2956952 / 2,87011

0, 0,0691144 / 2,939225

3, 0,1705509 / 4,282782

1, 1,488508 / 4,386297

0, 0,8686572 / 5,254953

1, 1,564844 / 6,787356

2, 0,4011692 / 7,187891

0, 0,068619 / 7,256509

5, 0,2141174 / 7,437925

2, 0,3401018 / 7,771144

0, 0,0560169 / 7,827161

1, 0,6836864 / 8,481225

0, 0,3591996 / 8,840425

1, 0,2011767 / 8,998448

0, 0,5881258 / 9,586575

1, 1,219351 / 10,76932

0, 0,5848454 / 11,35417

5, 0,1416743 / 11,4691

2, 0,0312311 / 11,50505

1, 0,8278028 / 12,32119

0, 0,4464697 / 12,76766

1, 0,4260747 / 13,17009

0, 0,4983921 / 13,66848

5, 0,3295881 / 13,97332

2, 0,0349371 / 14,01358

3, 0,09513851 / 14,94069

1, 1,150995 / 15,15441

0, 0,2405602 / 15,39497

1, 0,4386088 / 15,81051

0, 0,2934137 / 16,10393

1, 0,2413963 / 16,31294

3, 0,03257 / 16,34084

0, 0,8127675 / 17,15361

3, 0,0275186 / 17,15361

1, 1,085282 / 18,24056

0, 0,5987855 / 18,83935

5, 0,2280617 / 19,03984

2, 0,0305815 / 19,07224

0, 0,0677935 / 19,14004

1, 0,4378455 / 19,54262

0, 0,4673311 / 20,00995

1, 0,5291379 / 20,49719

0, 0,9438238 / 21,44102

1, 0,4618095 / 21,87926

0, 0,0630968 / 21,94236

3, 0,0630968 / 21,97018

0, 0,3427266 / 22,31291

3, 0,2768661 / 22,56718

0, 0,5011843 / 23,06836

1, 1,583274 / 24,6262

0, 0,88328 / 25,50948

2, 0,0545012 / 25,54339

0, 0,0660781 / 25,60946

2, 0,2255868 / 25,7985

0, 0,2849548 / 26,08345

5, 0,0656122 / 26,11551

4, 0,0320612 / 26,14955

0, 1,232939 / 27,3825

3, 0,0314515 / 27,3825

0, 0,071059 / 27,45355

3, 0,1639663 / 27,58229

0, 0,0531519 / 27,63544

1, 0,7853066 / 28,39657

0, 0,4697182 / 28,86629

3, 0,9542866 / 29,78245

4, 0,1614181 / 29,94236

3, 0,4453506 / 30,35075

0, 0,2861741 / 30,63693

1, 0,0361537 / 30,63693

0, 0,0727606 / 30,70969

1, 0,1705957 / 30,8368

0, 0,0878154 / 30,92462

3, 0,2764395 / 31,18064

4, 0,2373726 / 31,41585

0, 0,0797539 / 31,49561

2, 0,0372977 / 31,49561

1, 0,8007855 / 32,29596

0, 0,499382 / 32,79534

2, 0,6396534 / 33,40988

0, 0,0555415 / 33,46542

1, 1,243452 / 34,68993

0, 0,5757268 / 35,26565

2, 0,2686704 / 35,4977

0, 0,0535321 / 35,55123

1, 0,6132823 / 36,13831

2, 1,176144 / 37,31062

1, 0,8229452 / 38,13787

2, 0,0278009 / 38,16875

0, 0,0613203 / 38,23007

5, 0,0988857 / 38,29699

4, 1,184591 / 39,4361

0, 0,0621942 / 39,49829

3, 0,3575345 / 39,82329

0, 0,3624296 / 40,18572

3, 0,1315553 / 40,28017

0, 0,0630308 / 40,3432

4, 0,3059996 / 40,61018

0, 0,2413334 / 40,85151

1, 1,553681 / 42,36967

0, 0,065384 / 42,43505

1, 0,1511206 / 42,5521

0, 0,0826147 / 42,63472

2, 0,026635 / 42,63472

0, 0,0639328 / 42,69865

1, 0,1359486 / 42,80964

0, 0,9707835 / 43,78043

1, 0,3825012 / 44,12441

2, 0,2383623 / 44,35136

5, 0,3612165 / 44,71009

2, 0,0288337 / 44,74091

1, 0,973037 / 45,72041

0, 0,3027853 / 46,02319

1, 0,904114 / 46,90129

0, 0,3548961 / 47,25618

1, 0,7114677 / 47,91826

0, 0,291879 / 48,21014

1, 2,266791 / 50,45526

0, 0,3667974 / 50,82206

3, 0,2401461 / 51,05209

0, 0,6989661 / 51,75105

6, 0,2110954 / 51,93985

0, 0,1049663 / 52,04482

1, 0,4909609 / 52,50711

0, 1,200128 / 53,70724

1, 0,4714722 / 54,15219

0, 0,3429751 / 54,49517

1, 0,5869089 / 55,05255

0, 2,69752 / 57,75008

3, 0,1192347 / 57,85018

0, 0,1581223 / 58,0083

2, 0,099579 / 58,06623

1, 0,0247721 / 58,09692

StartAnim : touchMagazine / 58,90733

0, 1,139027 / 59,23594

1, 0,1426432 / 59,35526

2, 0,0614969 / 59,42414

5, 0,0403092 / 59,45215

2, 0,0527905 / 59,5056

0, 0,0665498 / 59,57215

2, 0,0665498 / 59,60547

1, 0,033325 / 59,63158

2, 0,0559401 / 59,69304

5, 0,0848826 / 59,78807

4, 0,5051638 / 60,25349

5, 0,0285998 / 60,28067

4, 0,1068585 / 60,39111

1, 1,397026 / 61,79065

2, 0,0332628 / 61,82177

0, 0,0871487 / 61,90892

1, 0,0937372 / 61,97739

0, 0,3701066 / 62,34749

1, 0,0302678 / 62,34749

0, 0,084849 / 62,43234

2, 0,2013657 / 62,60951

1, 0,5364603 / 63,15009

2, 0,030164 / 63,17896

4, 0,2584615 / 63,66524

5, 0,4844047 / 63,66524

2, 0,0307408 / 63,70594

0, 0,0617849 / 63,76773

1, 0,0311036 / 63,76773

0, 0,7739532 / 64,54169

1, 0,0319359 / 64,54169

0, 2,935829 / 67,47752

2, 0,09949841 / 67,54065

0, 0,0825826 / 67,62324

**********------------scene2------------**********

1, 0,3088218 / 0,0307368

0, 0,1348588 / 0,1655956

1, 0,1659589 / 0,2850332

0, 0,0621559 / 0,347189

3, 0,0334775 / 0,347189

0, 0,4421693 / 0,7893583

3, 0,2310821 / 0,9904183

0, 0,1797746 / 1,170193

3, 0,3026745 / 1,431406

0, 0,4644376 / 1,895844

1, 0,4376264 / 2,31696

0, 0,7635505 / 3,080511

3, 1,011605 / 4,072053

0, 0,0859415 / 4,157995

3, 0,0885472 / 4,215817

1, 0,4286512 / 4,643598

2, 0,4408152 / 5,081793

0, 0,391099 / 5,472891

3, 0,1245236 / 5,569151

0, 0,0876082 / 5,656759

3, 0,5366318 / 6,167379

0, 0,0888174 / 6,256197

3, 0,1730131 / 6,401392

0, 0,0819312 / 6,483324

1, 3,012756 / 9,473378

0, 0,1822908 / 9,65567

1, 0,2158247 / 9,843224

0, 0,0558106 / 9,899034

3, 0,8282554 / 10,69793

0, 0,0581495 / 10,75607

1, 0,7742973 / 11,49711

2, 0,1667509 / 11,67487

0, 0,093182 / 11,76805

3, 0,2481886 / 11,98584

0, 0,0887512 / 12,07459

3, 0,0873042 / 12,1306

1, 1,114753 / 13,24035

2, 0,3272659 / 13,57118

0, 0,2997193 / 13,8709

3, 0,3557441 / 14,1881

0, 0,0818173 / 14,26992

1, 0,512383 / 14,75978

0, 0,3965275 / 15,15631

1, 0,9166937 / 16,03942

0, 0,4329892 / 16,4724

1, 0,4624366 / 16,89817

0, 0,4044826 / 17,30266

3, 0,146149 / 17,4184

0, 0,1912238 / 17,60962

1, 0,4682262 / 18,05289

0, 0,23343 / 18,28632

3, 0,0913373 / 18,34371

1, 1,535295 / 19,88557

2, 0,4866425 / 20,37269

0, 0,0584222 / 20,43111

1, 1,657713 / 22,05495

0, 0,3443013 / 22,39925

1, 0,3715502 / 22,74294

2, 0,3405025 / 23,08329

1, 0,6021019 / 23,68579

0, 0,0537331 / 23,73952

3, 0,0276463 / 23,73952

0, 0,6313219 / 24,37084

2, 0,0230873 / 24,37084

1, 1,58815 / 25,95544

0, 1,289654 / 27,24509

1, 0,5797276 / 27,80074

0, 0,4440395 / 28,24478

1, 0,2695764 / 28,47473

0, 0,7276239 / 29,20235

2, 0,2722435 / 29,43651

1, 0,3978057 / 29,81404

0, 0,2130149 / 30,02705

1, 1,213739 / 31,20309

0, 0,8690029 / 32,07209

1, 0,1179358 / 32,16226

0, 0,4946406 / 32,6569

3, 0,6852198 / 33,31604

0, 0,3982857 / 33,71432

1, 2,772098 / 36,45601

0, 0,5284725 / 36,98449

1, 0,6305149 / 37,56933

0, 0,3560202 / 37,92535

StartAnim : shortLook / 38,81113

3, 1,009376 / 38,91501

0, 0,0828485 / 38,99786

**********------------scene3------------**********

1, 2,286396 / 0,0226861

0, 0,0678483 / 0,0905344

2, 0,4934703 / 0,537789

5, 0,3325682 / 0,6837041

0, 0,1368673 / 0,8205714

3, 0,0853584 / 0,8799207

0, 0,1396505 / 1,019571

4, 0,2346524 / 1,220487

5, 0,428422 / 1,62063

2, 0,0559155 / 1,683627

5, 0,0571613 / 1,734419

1, 0,6264616 / 2,366563

0, 0,4283624 / 2,794925

5, 0,5193321 / 3,28037

0, 0,1391848 / 3,419555

2, 0,0485999 / 3,451359

0, 0,1144014 / 3,56576

1, 1,577381 / 5,107449

0, 0,0890362 / 5,196486

1, 0,8618224 / 6,020039

0, 0,0572567 / 6,077296

2, 0,1774528 / 6,221109

0, 0,0591732 / 6,280282

1, 1,284682 / 7,534683

0, 0,0871787 / 7,621862

3, 0,2309464 / 7,820786

0, 0,6844025 / 8,505188

2, 0,2897273 / 8,763099

4, 0,1179558 / 8,963785

5, 0,4303584 / 9,171395

2, 0,0352721 / 9,197783

1, 0,423463 / 9,622029

0, 0,2837215 / 9,90575

2, 1,027184 / 10,90512

5, 0,0272151 / 10,93912

4, 0,4326347 / 11,36475

0, 0,0871911 / 11,45194

5, 0,3121552 / 11,73714

2, 0,0301701 / 11,76362

5, 0,0842439 / 11,84896

0, 0,0577033 / 11,90666

1, 0,8876719 / 12,76254

0, 0,2603316 / 13,02288

3, 0,374357 / 13,36508

0, 0,0551115 / 13,4202

2, 0,3990695 / 13,79493

1, 0,4851277 / 14,27945

0, 0,4479286 / 14,72738

1, 1,714754 / 16,40674

0, 0,343105 / 16,74984

1, 0,5194329 / 17,23879

2, 0,6303019 / 17,86389

0, 0,0598951 / 17,92379

2, 0,0293681 / 17,92379

1, 0,399829 / 18,32391

0, 0,0838846 / 18,40779

3, 0,2016261 / 18,5781

0, 0,0851394 / 18,66324

3, 0,0281008 / 18,66324

1, 0,4557464 / 19,12411

0, 0,1373018 / 19,26141

3, 0,273377 / 19,5107

0, 0,0834201 / 19,59412

3, 0,0283644 / 19,59412

1, 0,7461057 / 20,33665

0, 0,7714853 / 21,10814

5, 0,2567674 / 21,33466

2, 0,3168437 / 21,3965

1, 0,3991455 / 21,79394

0, 0,3399664 / 22,1339

3, 0,6840471 / 22,79291

0, 0,085469 / 22,87837

1, 0,4385521 / 23,29244

5, 0,0578906 / 23,63726

2, 0,3753724 / 23,66266

0, 0,0871773 / 23,74983

1, 1,085984 / 24,80714

2, 0,1726995 / 24,97713

5, 0,8861752 / 25,86311

4, 0,0262362 / 25,89364

0, 0,2824008 / 26,17604

5, 0,5968298 / 26,74963

2, 0,0580052 / 26,80791

1, 0,6257675 / 27,43597

0, 0,3731146 / 27,80908

1, 0,6291853 / 28,4102

2, 0,0314101 / 28,43684

0, 0,3727664 / 28,80961

3, 0,0602662 / 28,84404

3, 0,0293503 / 28,95101

4, 0,1703674 / 28,95101

5, 0,1460687 / 29,09306

0, 0,2281354 / 29,32119

3, 0,4524945 / 29,74917

0, 0,7716742 / 30,52084

1, 0,4293622 / 30,92071

0, 0,0561552 / 30,97686

5, 0,3346176 / 32,30462

2, 1,643584 / 32,59893

StartAnim : armStretch / 32,79607

1, 0,5677222 / 33,16383

0, 0,3402319 / 33,50407

1, 0,198921 / 33,68245

0, 0,315188 / 33,99764

3, 0,1504463 / 34,10546

2, 0,0232663 / 34,1345

0, 0,4004071 / 34,53491

4, 0,0824254 / 34,59759

0, 0,0511981 / 34,64879

1, 0,2487877 / 34,88263

2, 0,3224232 / 35,19744

0, 0,0850959 / 35,28253

1, 0,5441844 / 35,79587

0, 0,0534756 / 35,84935

2, 0,0223266 / 35,84935

0, 0,4326979 / 36,28204

5, 0,175286 / 36,44754

2, 0,2862581 / 36,53373

5, 0,0861926 / 36,56433

2, 0,0614891 / 36,62031

0, 0,0613172 / 36,68163

StartAnim : longLook / 37,08176

StartAnim : handSalute / 37,39153

1, 1,428323 / 38,08244

0, 0,08706109 / 38,1695

4, 0,234502 / 38,365

0, 0,0856212 / 38,45062

StartAnim : faceSmile / 41,5942

1, 3,226052 / 41,64848

0, 0,0561923 / 41,70467

2, 0,2346151 / 41,90384

1, 5,48542 / 47,39335

2, 0,3116971 / 47,70464

1, 1,287544 / 48,99232

2, 0,2520389 / 49,25246

1, 1,085667 / 50,33493

2, 0,7452844 / 51,07829

0, 0,0549632 / 51,13325

1, 3,399677 / 54,50486

2, 0,2556464 / 54,77128

5, 0,2168485 / 54,97537

2, 0,1724385 / 55,15646

5, 0,1810835 / 55,17673

0, 0,1472562 / 55,32399

4, 0,145635 / 55,43693

0, 0,0865121 / 55,52344

4, 0,0850278 / 55,57942

1, 0,6287909 / 56,20494

0, 0,4006193 / 56,60556

1, 0,2576762 / 56,83812

0, 0,0574947 / 56,89562

2, 0,2229343 / 57,09539

5, 1,146743 / 58,03642

2, 0,0524821 / 58,09736

StartAnim : LongLook / 58,37558

1, 4,535553 / 62,62045

2, 0,0252897 / 62,64728

StartAnim : CaresseEntreCuisse / 62,84512

0, 0,3131098 / 62,96039

4, 0,4875866 / 63,421

0, 0,0577037 / 63,4787

2, 0,026273 / 63,4787

4, 0,0842668 / 63,56247

1, 1,173254 / 64,73151

0, 0,0598535 / 64,79137

2, 0,2338555 / 64,98992

0, 0,4161448 / 65,40607

2, 0,2881806 / 65,66005

1, 1,170523 / 66,83694

2, 0,5140041 / 67,34684

1, 0,8721563 / 68,21915

2, 0,0260776 / 68,2472

0, 0,0911971 / 68,33839

StartAnim : faceSmile / 68,36393

4, 0,8821347 / 69,19503

5, 0,368795 / 69,56499

2, 0,2931038 / 69,84676

**********------------scene4------------**********

1, 2,191672 / 0,0427782

0, 0,3145706 / 0,3573488

1, 0,1483741 / 0,4706079

2, 0,448997 / 0,9273601

5, 0,4851986 / 1,184675

2, 0,9397826 / 2,124969

StartAnim : LongLook / 2,534636

1, 0,5428395 / 2,671954

StartAnim : HandSalute / 2,844769

2, 0,8010511 / 3,468074

4, 0,0265647 / 3,493063

5, 0,0265647 / 3,493063

5, 0,1356154 / 3,756786

2, 0,3315611 / 3,825662

1, 0,4442825 / 4,268579

StartAnim : SitCrossLegs / 4,713983

2, 1,911639 / 6,182208

1, 0,527984 / 6,699403

2, 1,887373 / 8,600438

1, 0,3844709 / 8,971544

2, 0,4154544 / 9,399323

0, 0,6278391 / 10,02716

7, 0,3038749 / 10,31592

2, 0,2280881 / 10,53833

1, 0,842786 / 11,38309

2, 0,4848943 / 11,85549

1, 0,9598275 / 12,82861

2, 0,5230165 / 13,34138

1, 0,6739775 / 14,02556

0, 0,0911815 / 14,11674

1, 0,0603505 / 14,1403

0, 0,1428394 / 14,28314

StartAnim : LongLook / 14,30663

1, 5,144667 / 19,42352

2, 0,2505219 / 19,67129

StartAnim : EyeBlink / 21,89705

1, 8,790884 / 28,46841

2, 0,4414945 / 28,89824

1, 1,000038 / 29,88227

0, 0,045337 / 29,9276

StartAnim : OpenLegs / 29,98535

1, 0,7057161 / 30,61535

2, 0,4130773 / 31,02272

5, 0,3553011 / 31,38246

2, 0,0447887 / 31,42233

1, 3,197217 / 34,62451

2, 0,47167 / 35,10197

4, 0,6566293 / 35,91164

5, 0,9574942 / 35,91164

2, 0,4444321 / 36,36582

1, 0,2843208 / 36,65311

2, 0,0540781 / 36,69808

4, 0,8173983 / 37,52764

5, 0,8173983 / 37,52764

2, 0,0302449 / 37,56027

4, 0,1065902 / 37,65432

5, 0,1065902 / 37,65432

2, 0,0200884 / 37,68767

1, 0,9851729 / 38,66624

2, 0,2268924 / 38,88778

StartAnim : touchCouchInvite / 39,01094

0, 0,5221605 / 39,40993

2, 0,4171891 / 39,80969

StartAnim : FaceSmile / 40,8013

1, 2,195778 / 42,00259

0, 0,9780146 / 42,98061

2, 0,0530129 / 43,00387

0, 0,0825017 / 43,08637

2, 0,0213133 / 43,08637

1, 1,956544 / 45,03806

2, 0,0154465 / 45,06621

1, 1,606726 / 46,66624

0, 0,315945 / 46,98219

2, 0,3041273 / 47,26665

1, 0,0247132 / 47,29676

2, 0,0895269 / 47,39075

1, 3,298725 / 50,68217

2, 0,4851807 / 51,16886

**********------------scene5------------**********

1, 1,197197 / 0,031133

0, 0,2031311 / 0,2342641

1, 0,2633924 / 0,4574465

2, 0,1989845 / 0,6570203

5, 0,1742955 / 0,8329793

0, 0,4507505 / 1,28373

1, 0,0237587 / 1,28373

0, 0,0591439 / 1,342874

2, 0,1724228 / 1,486138

1, 0,4018407 / 1,88735

0, 0,9987046 / 2,886055

2, 0,529721 / 3,386199

4, 0,1445283 / 4,384088

5, 1,158399 / 4,541541

2, 0,2823259 / 4,813273

1, 0,4295526 / 5,255513

0, 0,3506468 / 5,60616

1, 0,4265451 / 6,004372

0, 1,4719 / 7,476272

1, 0,2016665 / 7,668556

2, 0,2719455 / 7,930737

5, 0,4097881 / 8,344699

2, 0,0719519 / 8,413224

5, 0,0891594 / 8,508595

2, 0,0320033 / 8,530709

1, 0,5619322 / 9,084864

StartAnim : ShortLook / 9,657067

2, 0,9325381 / 10,03012

0, 0,2022186 / 10,23234

2, 0,0352452 / 10,23234

0, 0,1100142 / 10,34235

StartAnim : FaceSmile / 10,6301

1, 1,841335 / 12,14277

2, 0,2324137 / 12,38665

5, 0,2285 / 12,61385

2, 0,0867184 / 12,69886

5, 0,0659807 / 12,76042

2, 0,0187059 / 12,80256

1, 1,269654 / 14,05626

2, 0,0261814 / 14,07895

1, 0,3577966 / 14,43022

2, 0,8727406 / 15,31846

1, 1,627345 / 16,92679

2, 1,001533 / 17,94192

StartAnim : OpenLegs / 20,14083

1, 2,539605 / 20,47673

2, 0,1999375 / 20,67601

3, 0,5531827 / 21,65462

StartAnim : TouchCouchInvite / 22,42944

3, 0,2485592 / 22,69901

StartAnim : LongLook / 22,95694

3, 0,1601002 / 23,1985

5, 2,576217 / 23,24316

StartAnim : FaceSmile / 23,36998

0, 0,4131939 / 23,65636

2, 0,0206338 / 23,65636

0, 0,1058288 / 23,76219

1, 0,6437974 / 24,38493

2, 0,1998933 / 24,58754

3, 1,314039 / 25,89874

5, 2,398893 / 26,98662

2, 0,0287107 / 27,01284

3, 0,0684583 / 27,07108

5, 0,0684583 / 27,07108

2, 0,015998 / 27,10752

1, 0,2269977 / 27,31207

2, 0,064874 / 27,38675

4, 0,5865684 / 31,45461

StartAnim : PenisTouch / 31,75727

StartAnim : ShortLook / 32,37036

4, 1,312394 / 32,85491

5, 5,493106 / 32,85491

2, 0,0872482 / 32,94135

4, 0,0247852 / 32,96714

5, 0,0247852 / 32,96714

2, 0,1569537 / 33,11882

1, 0,2315679 / 33,35654

2, 0,0266675 / 33,38671

4, 1,011897 / 34,41458

5, 1,058039 / 34,44331

2, 0,0447157 / 34,47228

StartAnim : CloseEyes / 35,04303

1, 1,627962 / 36,09643

2, 0,0251492 / 36,12042

0, 0,0498391 / 36,17026

4, 1,580437 / 37,75556

5, 1,607082 / 37,75556

2, 0,0280504 / 37,78995

4, 0,0598561 / 37,84013

5, 0,0598561 / 37,84013

StartAnim : OpenEyes / 37,87186

StartAnim : StartErect / 38,18548

1, 0,3700609 / 38,21407

0, 0,042244 / 38,25631

2, 0,0620773 / 38,30784

4, 0,4970455 / 39,11392

5, 0,8377759 / 39,14038

0, 0,776163 / 39,91654

2, 0,0259524 / 39,91654

0, 0,1166558 / 40,0332

2, 0,0170614 / 40,0332

1, 1,053664 / 41,07045

0, 0,0474089 / 41,11786

1, 0,11985 / 41,21268

4, 0,0785499 / 41,34017

5, 0,1257456 / 41,34017

0, 0,2797291 / 41,6199

4, 0,0207129 / 41,6199

5, 0,0207129 / 41,6199

0, 0,4794261 / 42,09932

StartAnim : CloseEyes / 43,01356

1, 1,214994 / 43,29682

2, 0,070674 / 43,37054

StartAnim : OpenEyes / 44,54132

4, 1,358003 / 44,89667

5, 1,554478 / 44,89667

2, 0,0246343 / 44,92749

4, 0,0308277 / 44,96147

5, 0,0308277 / 44,96147

3, 0,0339768 / 44,9916

2, 0,0541654 / 45,04101

1, 1,254268 / 46,29744

2, 0,0551946 / 46,34233

4, 0,6135029 / 46,98567

5, 0,6583865 / 46,98567

2, 0,0636214 / 47,04189

StartAnim : CloseEyes / 47,91633

1, 1,136635 / 48,18525

2, 0,0291516 / 48,20882

0, 0,0451723 / 48,25399

4, 1,306778 / 49,54018

5, 1,306778 / 49,54018

2, 0,0425757 / 49,57556

4, 0,0653564 / 49,63058

5, 0,0653564 / 49,63058

2, 0,0250384 / 49,66405

StartAnim : OpenEyes / 50,27197

StartAnim : StopTouchPenis / 50,73886

1, 1,198943 / 50,85481

2, 0,1864613 / 51,0434

5, 0,6880711 / 51,58752

2, 0,0169212 / 51,6131

StartAnim : TouchCouchInvite / 51,69875

1, 0,4425895 / 52,05666

2, 0,2838812 / 52,34003

**********------------scene6------------**********

1, 2,242272 / 0,1688551

2, 0,2013429 / 0,3689543

5, 0,2850868 / 0,6043724

StartAnim : OpenLegs / 0,6813468

2, 0,1974721 / 0,7984242

5, 0,3469852 / 1,142839

2, 0,9773344 / 2,087782

1, 0,3740799 / 2,456397

2, 0,7761223 / 3,226976

2, 0,1571694 / 3,695795

5, 0,8577374 / 4,070233

2, 0,0278431 / 4,103647

5, 0,0969755 / 4,190425

2, 0,023217 / 4,21612

1, 0,2392422 / 4,454551

5, 0,0611788 / 5,44566

2, 1,01599 / 5,469983

1, 0,3833113 / 5,851988

2, 0,2359142 / 6,083256

4, 0,0864838 / 6,426845

2, 0,1961662 / 6,57054

4, 0,2292484 / 6,796456

5, 0,750469 / 6,838916

StartAnim : LongLook / 6,862547

StartAnim : StartTouchPenis / 6,883924

2, 0,5542866 / 7,400179

4, 1,668579 / 9,083911

2, 0,0151506 / 9,105953

4, 0,0827503 / 9,189369

5, 1,797017 / 9,189369

1, 0,3476724 / 9,542734

StartAnim : CloseEyes / 10,00942

2, 0,5408443 / 10,08179

1, 1,129792 / 11,21

StartAnim : OpenEyes / 11,94306

2, 0,7580857 / 11,96929

4, 1,409986 / 13,36968

5, 1,426677 / 13,36968

0, 0,1420198 / 13,5117

4, 0,079967 / 13,56952

5, 0,079967 / 13,56952

0, 0,0614269 / 13,63095

1, 0,2842277 / 13,8688

0, 0,0418738 / 13,91068

2, 0,5170632 / 14,40963

4, 0,072872 / 14,80982

5, 0,7257847 / 15,14122

2, 0,2862869 / 15,42743

1, 1,413078 / 16,82701

2, 0,0436995 / 16,88466

4, 0,8305379 / 17,71154

5, 0,8305379 / 17,71154

1, 1,385874 / 19,09566

2, 0,0857204 / 19,187

StartAnim : CloseEyes / 19,187

4, 0,2312946 / 19,41103

5, 0,2464563 / 19,41103

2, 0,0228914 / 19,44357

0, 0,0633267 / 19,5069

StartAnim : OpenEyes / 21,81101

1, 2,742078 / 22,21074

2, 0,1998 / 22,41108

4, 0,7257528 / 23,12827

5, 0,7428247 / 23,154

2, 0,0257213 / 23,17527

4, 0,072681 / 23,25475

5, 0,072681 / 23,25475

StartAnim : CloseEyes / 24,60931

1, 3,000129 / 26,25258

2, 0,0513223 / 26,29573

0, 0,045763 / 26,34149

StartAnim : FastPenisTouch / 26,8084

4, 0,460886 / 26,89479

5, 0,599057 / 26,91741

StartAnim : OpenEyes / 26,94163

2, 0,0716489 / 26,96785

4, 0,0889351 / 27,05527

5, 0,0889351 / 27,05527

2, 0,0246956 / 27,09559

1, 0,5300881 / 27,60828

2, 0,0443864 / 27,65899

4, 0,3654255 / 28,00963

5, 0,3799001 / 28,0331

2, 0,0379436 / 28,05307

4, 0,0824699 / 28,14379

5, 0,0824699 / 28,14379

StartAnim : CloseEyes / 28,58428

1, 0,5940638 / 28,7275

2, 0,0178643 / 28,75366

0, 0,0409879 / 28,79465

4, 0,4729814 / 29,25433

5, 0,4729814 / 29,25433

2, 0,0642201 / 29,31466

4, 0,0572176 / 29,36803

5, 0,0572176 / 29,36803

StartAnim : OpenEyes / 29,47254

1, 1,036544 / 30,41056

2, 0,0259387 / 30,43437

0, 0,0483448 / 30,48272

4, 0,4399915 / 30,91028

2, 0,0150939 / 30,93164

StartAnim : CloseEyes / 31,01104

4, 0,100759 / 31,0314

5, 0,5766631 / 31,0314

1, 0,9418193 / 31,96906

2, 0,0384372 / 32,0102

0, 0,0426425 / 32,05285

StartAnim : OpenEyes / 32,75252

4, 0,831288 / 32,86948

5, 0,831288 / 32,86948

2, 0,0616462 / 32,92612

4, 0,0543411 / 32,9841

5, 0,0543411 / 32,9841

StartAnim : PenisEjac / 33,3418

1, 0,9679599 / 33,94112

2, 0,0434487 / 34,00167

4, 0,5761564 / 34,56792

5, 0,5761564 / 34,56792

2, 0,022869 / 34,60428

4, 0,1013423 / 34,6948

5, 0,1013423 / 34,6948

1, 1,244489 / 35,9441

2, 0,030344 / 35,9653

0, 0,0597576 / 36,02506

StartAnim : StopTouchPenis / 36,38497

4, 0,7984498 / 36,82569

StartAnim : DeErect / 37,20907

5, 1,4818 / 37,49516

2, 0,0458737 / 37,54003

5, 0,0736464 / 37,61027

1, 1,19515 / 38,80846

0, 0,0491206 / 38,85759

2, 0,0257096 / 38,85759

0, 0,0546295 / 38,91221

2, 0,0319343 / 38,91221

5, 0,4573411 / 39,34174

2, 0,0268235 / 39,36684

5, 0,1105645 / 39,46898

0, 0,0557519 / 39,52473

**********------------Fin_Relaxation------------**********

