**********------------scene1------------**********

0, 0,0881273 / 0,0881273

4, 0,0424462 / 0,0881273

5, 0,0424462 / 0,0881273

0, 0,404682 / 0,4928092

2, 0,404682 / 0,5585366

5, 0,2700715 / 0,8083323

0, 0,1542055 / 0,9625378

2, 0,3938998 / 1,237665

0, 0,0887583 / 1,326423

2, 0,0887583 / 1,392694

1, 0,1370789 / 1,508633

0, 0,1116152 / 1,620249

1, 0,040323 / 1,620249

0, 0,1139253 / 1,734174

1, 0,1139253 / 1,778952

0, 0,7543505 / 2,533303

3, 0,1578672 / 2,647644

0, 0,3457712 / 2,993415

2, 0,0407126 / 2,993415

0, 0,7287502 / 3,722165

4, 0,0435022 / 3,722165

0, 0,8435875 / 4,565753

2, 0,08092991 / 4,606313

5, 0,0413816 / 4,606313

0, 0,1457185 / 4,752031

6, 0,1457185 / 4,784659

0, 0,6991985 / 5,483857

2, 0,0816009 / 5,526499

0, 0,2362333 / 5,762733

6, 0,0453754 / 5,762733

0, 0,1880658 / 5,950799

6, 0,3136968 / 6,248325

0, 0,231326 / 6,479651

5, 0,0396135 / 6,479651

0, 0,1014606 / 6,581112

2, 0,0442605 / 6,581112

0, 0,1480322 / 6,729144

2, 0,1119867 / 6,797541

0, 0,7513761 / 7,548917

2, 0,7278634 / 8,215718

0, 0,3781478 / 8,593866

2, 0,2685547 / 8,810491

0, 0,3621995 / 9,17269

2, 0,054672 / 9,219666

5, 0,7858323 / 10,10502

4, 1,289976 / 10,50297

4, 0,0624542 / 10,66096

5, 0,289055 / 10,76562

2, 0,6425055 / 11,39027

0, 0,0701409 / 11,46041

4, 0,0307164 / 11,46041

0, 0,3146406 / 11,77505

5, 0,3178519 / 12,04769

2, 0,4448555 / 12,45087

0, 0,4972209 / 12,94809

2, 0,6133323 / 13,52051

0, 0,5837704 / 14,10429

2, 1,192214 / 15,2797

0, 4,313544 / 19,59324

2, 0,0862751 / 19,69238

0, 3,545341 / 23,23771

2, 0,0783559 / 23,30742

0, 0,125944 / 23,43336

1, 0,0888091 / 23,43336

0, 0,7599983 / 24,19336

3, 0,0458895 / 24,19336

0, 1,168025 / 25,36138

3, 0,041494 / 25,36138

0, 0,4152467 / 25,77663

1, 0,0413169 / 25,77663

0, 0,3370351 / 26,11367

3, 0,0298531 / 26,11367

0, 0,172661 / 26,28633

3, 0,0210396 / 26,28633

2, 0,0325594 / 26,32785

0, 0,1741188 / 26,50197

1, 0,0290631 / 26,50197

0, 0,0995396 / 26,60151

3, 0,0279952 / 26,60151

0, 0,6772354 / 27,27875

2, 0,0320191 / 27,27875

0, 0,0791228 / 27,35787

2, 0,0531466 / 27,35787

0, 0,1173315 / 27,4752

2, 0,0362451 / 27,4752

0, 0,4563144 / 27,93152

2, 0,2142174 / 28,11071

5, 0,0327505 / 28,18385

2, 0,1259343 / 28,25892

0, 0,0616556 / 28,32058

2, 0,2408446 / 28,53039

0, 0,7893838 / 29,31978

4, 0,0366031 / 29,31978

0, 0,0703987 / 29,39017

2, 0,0416426 / 29,39017

1, 0,0287561 / 29,4236

2, 0,3138092 / 29,72528

0, 0,2459763 / 29,97126

4, 0,3420512 / 30,30445

2, 0,3938491 / 30,69112

4, 0,3074997 / 30,98786

0, 0,1127013 / 31,10056

2, 0,0552347 / 31,12961

0, 0,7022766 / 31,83189

2, 0,1088003 / 31,9019

0, 0,4141808 / 32,31608

2, 0,6196599 / 32,91459

5, 0,324603 / 33,23372

4, 0,2130245 / 33,44443

2, 0,0576117 / 33,50033

0, 0,1369433 / 33,63727

2, 0,1344847 / 33,74667

0, 0,5091681 / 34,25584

2, 0,305437 / 34,53023

1, 0,2837543 / 34,81458

0, 0,0735756 / 34,88816

1, 0,1367703 / 34,97134

0, 0,0738797 / 35,04522

1, 0,0738797 / 35,07327

0, 0,2970489 / 35,37031

2, 0,1899475 / 35,52499

5, 0,0174524 / 35,55943

4, 0,0972527 / 35,65752

0, 0,0665062 / 35,72402

4, 0,0490877 / 35,72402

0, 0,1615996 / 35,88562

2, 0,3102378 / 36,17182

0, 0,2309652 / 36,40278

4, 0,1093617 / 36,48609

2, 0,030585 / 36,51748

4, 0,4730033 / 36,98973

0, 0,1533676 / 37,1431

2, 0,1541516 / 37,28215

0, 0,0611581 / 37,34331

2, 0,0337223 / 37,34331

0, 0,6886134 / 38,03193

2, 0,4512944 / 38,44387

4, 0,0271348 / 38,47515

2, 0,1519271 / 38,63582

0, 0,2203737 / 38,8562

2, 0,1781988 / 39,00144

0, 0,1448694 / 39,14631

2, 0,0273086 / 39,14631

5, 0,0273086 / 39,14631

0, 0,3320249 / 39,47834

2, 0,0755842 / 39,51611

0, 0,4425658 / 39,95868

2, 0,1185935 / 40,05669

0, 0,230557 / 40,28724

3, 0,0604835 / 40,32188

0, 0,7649711 / 41,08685

2, 0,1281472 / 41,18928

0, 0,0721305 / 41,26141

2, 0,4979221 / 41,71748

0, 0,4274148 / 42,1449

2, 0,0391033 / 42,1449

1, 0,0687133 / 42,21578

0, 0,1289786 / 42,34476

2, 0,4320506 / 42,7461

0, 0,0856902 / 42,83179

2, 0,1712864 / 42,97005

0, 0,3829093 / 43,35296

2, 0,167629 / 43,48507

0, 0,0590162 / 43,54409

2, 0,0875895 / 43,60294

1, 0,0868385 / 43,68162

0, 0,3070945 / 43,98872

2, 0,5661786 / 44,52038

1, 0,0331475 / 44,55918

0, 0,0554342 / 44,61461

2, 0,0554342 / 44,64402

0, 0,4299942 / 45,07402

2, 0,6724428 / 45,70393

0, 0,1062558 / 45,81019

2, 0,1653113 / 45,92816

0, 0,3223295 / 46,25049

2, 0,0758316 / 46,28763

0, 0,7022864 / 46,98991

2, 0,2140998 / 47,17083

0, 0,08345331 / 47,25428

4, 0,3550739 / 47,58977

5, 0,0308437 / 47,61583

4, 0,08425491 / 47,71624

0, 0,0844168 / 47,80066

2, 0,1415319 / 47,93072

0, 0,7100295 / 48,64074

2, 0,0509984 / 48,70883

1, 0,0680869 / 48,74507

0, 0,0719554 / 48,81702

2, 0,6228749 / 49,40389

0, 0,0969969 / 49,50089

4, 0,4406233 / 49,91619

0, 0,2124703 / 50,12865

2, 1,045154 / 51,14339

0, 0,8907238 / 52,03411

2, 0,1901786 / 52,23081

0, 0,0587911 / 52,2896

2, 0,027486 / 52,2896

0, 0,0749057 / 52,3645

1, 0,0749057 / 52,43332

0, 0,2300938 / 52,66342

2, 0,1405107 / 52,75655

0, 0,5313214 / 53,28787

2, 0,0419027 / 53,28787

0, 0,0752357 / 53,36311

2, 0,0752357 / 53,40713

4, 0,0440252 / 53,44548

2, 0,0383513 / 53,50739

4, 0,429636 / 53,90269

0, 0,09888971 / 54,00158

2, 0,4647318 / 54,4325

0, 2,573921 / 57,00642

6, 0,0383456 / 57,00642

0, 0,0809928 / 57,08742

6, 0,0809928 / 57,1254

0, 0,0906259 / 57,21603

6, 0,0652757 / 57,21603

0, 0,0860512 / 57,30208

7, 0,1997034 / 57,44163

0, 0,082378 / 57,52401

7, 0,3583976 / 57,83689

4, 0,0368724 / 57,87689

7, 0,0399935 / 57,91369

2, 0,2422912 / 58,16331

4, 0,0441346 / 58,20017

5, 0,1211612 / 58,26193

0, 0,1983738 / 58,4603

7, 0,33689 / 58,73349

0, 0,1865749 / 58,92006

StartAnim : touchMagazine / 58,92006

2, 0,1155997 / 58,96578

0, 0,8399674 / 59,80575

2, 0,4121295 / 60,17603

0, 0,2944152 / 60,47044

1, 0,0449571 / 60,47044

0, 0,3629629 / 60,83341

2, 0,1498036 / 60,94665

1, 0,0372718 / 60,99641

2, 0,0913744 / 61,10369

0, 0,0701144 / 61,17381

2, 0,0701144 / 61,20463

0, 0,1465459 / 61,35117

1, 0,0658525 / 61,35117

0, 0,0809975 / 61,43217

2, 0,480638 / 61,86599

4, 0,0341668 / 61,90896

0, 0,2097671 / 62,11872

4, 0,1364357 / 62,21064

0, 0,0926847 / 62,30332

4, 0,1387812 / 62,4157

1, 0,0662861 / 62,44913

2, 1,798808 / 64,24806

0, 0,6270684 / 64,87511

2, 0,9163487 / 65,75916

0, 0,3008294 / 66,06

3, 0,0304915 / 66,06

2, 0,0415115 / 66,13117

0, 0,3959017 / 66,52708

2, 0,0276548 / 66,52708

0, 0,4001436 / 66,92722

2, 0,6759078 / 67,59085

0, 0,2017762 / 67,79263

2, 0,0422587 / 67,79263

**********------------scene2------------**********

0, 0,2076836 / 0,0814378

1, 0,0423793 / 0,0814378

2, 0,0390585 / 0,1258489

0, 0,311287 / 0,4371359

4, 0,0429798 / 0,4371359

0, 0,6069322 / 1,044068

3, 0,1178605 / 1,123555

0, 0,0735813 / 1,197137

3, 0,2742689 / 1,423407

0, 0,1776831 / 1,601091

3, 0,0244233 / 1,601091

0, 0,1222496 / 1,72334

2, 0,0400819 / 1,72334

0, 0,0854728 / 1,808813

2, 0,6842221 / 2,439152

0, 0,6256806 / 3,064833

2, 0,624607 / 3,653286

0, 3,812238 / 7,465523

2, 0,0823759 / 7,524393

0, 0,4820424 / 8,006435

2, 0,169311 / 8,151063

0, 0,1053401 / 8,256403

2, 0,4985707 / 8,709129

0, 0,9110592 / 9,620187

2, 0,1481238 / 9,751065

0, 0,4108372 / 10,1619

4, 0,0230363 / 10,1619

0, 0,3457662 / 10,50767

3, 0,0590765 / 10,53438

2, 0,4416953 / 10,98005

0, 0,3536895 / 11,33374

4, 0,0206132 / 11,33374

0, 0,1781425 / 11,51188

2, 0,5274538 / 11,99473

0, 0,1965459 / 12,19128

4, 0,3737254 / 12,5524

5, 0,1254969 / 12,5524

0, 0,0644071 / 12,61681

4, 0,2171466 / 12,78926

2, 0,33744 / 13,13296

0, 0,2922554 / 13,42521

2, 0,6007069 / 13,97706

0, 0,4319047 / 14,40897

6, 0,0260216 / 14,40897

0, 0,1056908 / 14,51466

2, 0,7233686 / 15,19847

0, 0,3975157 / 15,59599

6, 0,0639269 / 15,62161

4, 0,0256175 / 15,64838

5, 0,0256175 / 15,64838

0, 0,0629733 / 15,71135

4, 0,0629733 / 15,75068

0, 0,0639503 / 15,81463

4, 0,0639503 / 15,84608

0, 0,2027347 / 16,04881

1, 0,0546418 / 16,08065

0, 0,6508496 / 16,7315

2, 0,3132041 / 17,0243

0, 0,0853953 / 17,10969

4, 0,0283434 / 17,10969

6, 0,0934547 / 17,20409

0, 0,128672 / 17,33277

4, 0,0189863 / 17,33277

0, 0,2654853 / 17,59825

1, 0,0361412 / 17,59825

2, 1,503253 / 19,10981

1, 0,1410834 / 19,23027

0, 0,2935455 / 19,52382

1, 0,0652207 / 19,55186

0, 0,0982141 / 19,65008

1, 0,0710208 / 19,67417

0, 0,1935787 / 19,86775

1, 0,1299691 / 19,9622

0, 0,1993539 / 20,16156

1, 0,0169066 / 20,16156

0, 0,0594469 / 20,221

1, 0,1527773 / 20,35025

0, 0,3715146 / 20,72177

1, 0,260551 / 20,95188

0, 0,4260512 / 21,37793

1, 0,0325216 / 21,37793

0, 0,3417394 / 21,71968

5, 0,0587223 / 21,75041

4, 0,0864604 / 21,82578

0, 0,08121771 / 21,907

7, 0,3463791 / 22,25212

0, 0,2827975 / 22,53492

4, 0,0211943 / 22,53492

7, 0,0314008 / 22,5756

0, 0,2750212 / 22,85062

7, 0,0436585 / 22,85062

0, 0,1044356 / 22,95506

7, 0,0386402 / 22,95506

0, 0,1671157 / 23,12218

7, 0,0391228 / 23,12218

0, 0,0841949 / 23,20637

7, 0,2322996 / 23,40826

0, 0,0679234 / 23,47619

5, 0,0295151 / 23,47619

4, 0,6433616 / 24,07935

0, 0,3015083 / 24,38086

7, 0,0581927 / 24,42042

0, 0,0678725 / 24,48829

7, 0,2878856 / 24,72526

0, 0,1567159 / 24,88198

7, 0,1381764 / 24,96484

6, 0,3470034 / 25,32966

0, 1,026087 / 26,35574

2, 0,1749911 / 26,47905

0, 0,0741008 / 26,55315

5, 0,0366126 / 26,55315

1, 0,0374882 / 26,59632

2, 0,4087277 / 27,00053

0, 0,5810332 / 27,58156

2, 0,4425011 / 27,97852

0, 0,6242607 / 28,60278

2, 0,4983983 / 29,08253

0, 0,1111379 / 29,19367

4, 0,0382136 / 29,19367

0, 0,4266304 / 29,6203

3, 0,0348644 / 29,6203

0, 0,2300737 / 29,85037

2, 0,2135127 / 30,03835

0, 0,1307114 / 30,16907

2, 0,7119045 / 30,85213

5, 0,031952 / 30,88983

0, 0,0756345 / 30,96546

2, 2,060574 / 32,99492

0, 2,113762 / 35,10866

1, 0,9980875 / 36,07643

0, 0,6588276 / 36,73526

3, 0,0304088 / 36,73526

0, 0,4856734 / 37,22093

3, 0,0665074 / 37,25066

2, 0,029725 / 37,27948

0, 0,1127409 / 37,39223

1, 0,0578798 / 37,42521

0, 0,8521906 / 38,2774

1, 0,0250509 / 38,2774

StartAnim : shortLook / 38,83454

0, 1,572654 / 39,85006

2, 0,0314364 / 39,85006

0, 0,1964266 / 40,04649

2, 0,0397953 / 40,04649

0, 0,2311431 / 40,27764

1, 0,0274616 / 40,27764

0, 0,3638268 / 40,64146

1, 0,0255298 / 40,64146

0, 0,0686059 / 40,71007

2, 0,0402058 / 40,71007

0, 0,0983687 / 40,80844

2, 0,0449243 / 40,80844

0, 0,0716684 / 40,8801

1, 0,2291498 / 41,07725

**********------------scene3------------**********

2, 0,3927548 / 0,2222338

0, 0,0867424 / 0,3089762

2, 0,0292195 / 0,3089762

0, 0,0576207 / 0,3665969

3, 0,0576207 / 0,3976744

0, 0,358536 / 0,7562104

3, 0,0303582 / 0,7562104

0, 0,0531343 / 0,8093447

3, 0,0299798 / 0,8093447

0, 0,1067171 / 0,9160618

3, 0,0255063 / 0,9160618

0, 0,2449216 / 1,160984

3, 0,203225 / 1,346037

0, 0,1351764 / 1,481213

2, 0,0273042 / 1,481213

0, 0,09408201 / 1,575295

2, 0,0460903 / 1,575295

1, 0,1607425 / 1,773958

0, 0,9591275 / 2,733086

2, 0,5616188 / 3,282446

0, 0,054876 / 3,337322

1, 0,0273647 / 3,337322

0, 0,8620827 / 4,199405

1, 0,08774319 / 4,251069

2, 0,8604268 / 5,110044

0, 0,1085655 / 5,218609

1, 0,3070969 / 5,465212

0, 0,0541807 / 5,519393

1, 0,182367 / 5,671495

0, 0,0874959 / 5,758991

1, 0,0302323 / 5,758991

2, 0,070993 / 5,848852

0, 0,0486222 / 5,897474

1, 0,24576 / 6,124826

2, 0,0302136 / 6,156475

1, 0,0553431 / 6,207036

0, 0,0802812 / 6,287317

1, 0,0317717 / 6,287317

2, 0,0485095 / 6,316658

1, 0,2174886 / 6,522129

0, 0,0573371 / 6,579466

1, 0,5449591 / 7,095855

0, 0,1992586 / 7,295114

2, 0,0277038 / 7,295114

0, 0,08073109 / 7,375845

2, 0,035485 / 7,375845

0, 0,1505493 / 7,526394

3, 0,0267625 / 7,526394

0, 0,3543822 / 7,880776

3, 0,2143985 / 8,063418

0, 0,0614937 / 8,124912

3, 0,0614937 / 8,156732

0, 0,2363391 / 8,393071

1, 0,3562043 / 8,724671

0, 0,1015969 / 8,826268

2, 0,1935072 / 8,953268

1, 0,0661553 / 9,00899

0, 0,4444079 / 9,453398

1, 0,0284871 / 9,453398

0, 0,8763884 / 10,32978

2, 0,0256986 / 10,32978

0, 0,1104223 / 10,44021

2, 0,0470969 / 10,44021

0, 0,2390017 / 10,67921

2, 0,0122191 / 10,67921

0, 0,1162452 / 10,79545

2, 0,0297314 / 10,79545

0, 0,0789809 / 10,87443

1, 0,3097066 / 11,12366

0, 0,5479783 / 11,67164

2, 0,0323757 / 11,67164

0, 0,4082144 / 12,07985

2, 0,0283648 / 12,07985

0, 0,094262 / 12,17412

2, 0,0476407 / 12,17412

0, 1,004877 / 13,179

2, 0,0338463 / 13,179

0, 0,3777977 / 13,55679

2, 0,0303001 / 13,55679

0, 0,8781607 / 14,43495

2, 0,0281466 / 14,43495

0, 0,1234458 / 14,5584

2, 0,0524301 / 14,5584

0, 0,1324345 / 14,69083

2, 0,0264201 / 14,69083

0, 1,198099 / 15,88893

1, 0,0269225 / 15,88893

0, 0,08737689 / 15,97631

2, 0,032938 / 15,97631

0, 0,122069 / 16,09838

2, 0,0497023 / 16,09838

0, 0,0943587 / 16,19274

2, 0,0287207 / 16,19274

0, 0,316068 / 16,50881

2, 0,0269761 / 16,50881

0, 0,1426803 / 16,65149

2, 0,0288526 / 16,65149

0, 1,108818 / 17,76031

1, 0,0850324 / 17,8226

0, 1,056628 / 18,87923

2, 0,0273072 / 18,87923

0, 1,655557 / 20,53479

2, 0,0282351 / 20,53479

0, 0,3203468 / 20,85513

1, 0,1981649 / 21,02263

0, 0,1392496 / 21,16188

1, 0,2117278 / 21,35252

2, 0,0602984 / 21,40864

0, 0,3435924 / 21,75224

2, 0,0289157 / 21,75224

0, 0,1372636 / 21,8895

2, 0,0290948 / 21,8895

0, 0,8737357 / 22,76324

2, 0,0498171 / 22,81406

0, 0,076879 / 22,89094

2, 0,0256898 / 22,89094

0, 1,429065 / 24,32001

2, 0,0277657 / 24,32001

0, 0,2540364 / 24,57405

1, 0,0483694 / 24,6056

0, 0,0580006 / 24,6636

2, 0,2300016 / 24,86465

1, 0,0290489 / 24,89108

2, 0,7404238 / 25,63668

0, 0,0539331 / 25,69062

1, 0,0867913 / 25,75128

0, 0,8610423 / 26,61232

2, 0,0249316 / 26,61232

0, 0,9832663 / 27,59558

3, 0,0307813 / 27,59558

0, 0,1802908 / 27,77587

3, 0,2668019 / 28,01772

0, 0,459316 / 28,47704

3, 0,3244295 / 28,86602

4, 0,4743187 / 28,92047

0, 0,0936088 / 29,01408

4, 0,0295145 / 29,06312

3, 0,2920756 / 29,26567

0, 0,4544273 / 29,7201

4, 0,0264909 / 29,7201

0, 0,2594773 / 29,97958

4, 0,0237722 / 29,97958

0, 0,2029469 / 30,18253

2, 0,242728 / 30,39625

0, 0,1323893 / 30,52864

2, 0,080445 / 30,55163

5, 0,1358938 / 30,69108

0, 0,1030383 / 30,79412

5, 0,0138247 / 30,79412

0, 0,254373 / 31,04849

2, 0,2827422 / 31,30856

0, 0,1275055 / 31,43606

3, 0,1294543 / 31,51804

0, 0,1249989 / 31,64304

7, 0,0522597 / 31,64304

4, 0,0620439 / 31,71895

0, 0,4348365 / 32,15379

2, 0,2554773 / 32,37692

StartAnim : armStretch / 32,81698

0, 0,5559872 / 32,93291

3, 0,1144561 / 33,01927

0, 0,0981353 / 33,1174

2, 0,0559042 / 33,1174

5, 0,0129365 / 33,15028

0, 2,655031 / 35,80531

5, 0,2820885 / 36,06419

0, 0,9978026 / 37,062

StartAnim : longLook / 37,11725

StartAnim : handSalute / 37,40429

5, 1,143758 / 38,17659

0, 0,08890849 / 38,2655

7, 0,2456718 / 38,47886

4, 0,0291731 / 38,51287

7, 0,1202493 / 38,62262

0, 0,1124154 / 38,73503

2, 0,5953751 / 39,49255

2, 0,1146111 / 40,66312

5, 2,869556 / 41,57755

StartAnim : faceSmile / 41,60371

0, 0,0556872 / 41,63323

5, 0,1418616 / 41,7472

2, 0,425071 / 42,14843

5, 1,771338 / 43,60343

5, 0,0360761 / 43,66428

2, 0,1166047 / 43,72178

5, 0,0294524 / 43,75381

0, 0,0774017 / 43,83121

2, 0,3787688 / 44,16496

5, 0,0323764 / 44,22909

2, 0,1086099 / 44,28831

1, 0,0591667 / 44,36336

2, 0,3325936 / 44,7175

5, 0,2184526 / 44,7175

0, 0,2477411 / 44,96524

2, 0,0137236 / 44,96524

0, 0,2835111 / 45,24875

1, 0,024163 / 45,24875

2, 0,0310205 / 45,28357

5, 0,0310205 / 45,28357

1, 0,1866019 / 45,46266

2, 0,0548374 / 45,52002

5, 0,0548374 / 45,52002

0, 0,1289315 / 45,64895

5, 0,0158995 / 45,64895

1, 0,0186206 / 45,69027

2, 0,1582998 / 45,83551

2, 0,4900989 / 46,69127

5, 1,015424 / 46,69127

0, 0,0646975 / 46,75597

5, 0,1138783 / 46,85795

2, 0,8745495 / 47,5941

5, 0,6572207 / 47,5941

0, 0,0543487 / 47,64845

2, 0,0543487 / 47,67689

5, 0,0543487 / 47,67689

0, 0,1276369 / 47,80452

2, 0,09950911 / 47,89052

0, 0,1286353 / 48,01915

2, 0,0170702 / 48,01915

5, 0,0170702 / 48,01915

0, 0,0576748 / 48,07683

2, 0,2024478 / 48,24649

5, 0,2024478 / 48,24649

0, 0,0611013 / 48,30759

2, 1,229371 / 49,50666

0, 0,7697167 / 50,27637

4, 0,5438695 / 50,79386

0, 0,0555862 / 50,84944

2, 0,0822661 / 50,91526

0, 0,6200829 / 51,53535

3, 0,0322517 / 51,53535

0, 0,4312065 / 51,96656

7, 0,0610664 / 51,99415

0, 0,5399538 / 52,53411

4, 0,0325278 / 52,53411

0, 0,2841468 / 52,81825

4, 0,0322885 / 52,81825

0, 0,2898197 / 53,10807

2, 0,3234812 / 53,38752

5, 0,2110765 / 53,38752

0, 0,0594417 / 53,44696

5, 0,2130346 / 53,61901

2, 0,2605578 / 53,67553

5, 0,7877218 / 54,46318

0, 1,372864 / 55,83606

5, 0,0300622 / 55,83606

0, 0,0518296 / 55,88789

5, 0,2256128 / 56,08984

0, 1,314469 / 57,40432

2, 0,0512745 / 57,43548

0, 0,8527377 / 58,28821

StartAnim : LongLook / 58,4026

1, 1,087337 / 59,34975

0, 0,0563373 / 59,40609

1, 0,8165377 / 60,19456

0, 0,0568098 / 60,25137

1, 0,2545619 / 60,48188

0, 1,023127 / 61,505

2, 0,4865995 / 61,96367

0, 0,4280008 / 62,39167

2, 0,0591891 / 62,4165

5, 0,1684626 / 62,59205

0, 0,1118 / 62,70385

StartAnim : CaresseEntreCuisse / 62,85239

4, 0,3245229 / 63,0264

0, 0,9249333 / 63,95133

4, 0,0327416 / 63,95133

5, 0,0304569 / 63,9853

0, 0,0555848 / 64,04089

4, 0,1069038 / 64,1233

1, 0,0985038 / 64,21796

0, 0,0629276 / 64,28088

2, 0,3727355 / 64,61687

0, 0,3432667 / 64,96013

2, 0,0511544 / 64,99221

4, 0,7714431 / 65,76097

1, 0,0293884 / 65,79598

0, 0,0517042 / 65,84769

2, 0,0517042 / 65,9007

0, 0,1050088 / 66,00571

1, 0,0844374 / 66,06422

0, 0,0974727 / 66,1617

2, 0,0141736 / 66,1617

0, 0,0571365 / 66,21883

1, 0,1140473 / 66,32763

0, 0,2169155 / 66,54454

2, 0,1588389 / 66,65001

0, 0,3447174 / 66,99473

2, 0,0875216 / 67,0459

0, 0,2333627 / 67,27927

2, 0,4168367 / 67,66531

0, 0,268162 / 67,93348

StartAnim : faceSmile / 68,39539

2, 0,7990631 / 68,70779

0, 0,2122968 / 68,92009

2, 0,8569353 / 69,73396

1, 0,0269577 / 69,76263

0, 0,1173783 / 69,88001

2, 0,0317499 / 69,88001

0, 0,1991344 / 70,07915

2, 0,0320801 / 70,07915

0, 0,1559383 / 70,23509

1, 0,1602667 / 70,40077

0, 0,0460891 / 70,44686

1, 0,1300547 / 70,56512

0, 0,08542079 / 70,65054

1, 0,0390348 / 70,67642

0, 0,0567541 / 70,73318

1, 0,1199672 / 70,8437

0, 0,0477569 / 70,89146

1, 0,6162981 / 71,49123

0, 0,0586189 / 71,54986

**********------------scene4------------**********

1, 0,5464005 / 0,0410821

0, 1,088108 / 1,12919

1, 0,1121223 / 1,19247

2, 1,065868 / 2,267796

1, 0,0227178 / 2,29956

0, 0,0595323 / 2,359092

1, 0,1142897 / 2,464148

StartAnim : LongLook / 2,512951

0, 0,2926204 / 2,756768

1, 0,0316841 / 2,756768

2, 0,0678082 / 2,824251

StartAnim : HandSalute / 2,824251

1, 0,4044209 / 3,223409

0, 0,0985217 / 3,32193

1, 0,1011434 / 3,404361

0, 0,0471757 / 3,451537

1, 0,1293794 / 3,557884

0, 0,1118886 / 3,669773

2, 0,2527045 / 3,884156

5, 0,1170548 / 3,912968

2, 0,0288129 / 3,965611

1, 0,0526428 / 3,988122

0, 0,0361221 / 4,024244

2, 0,082352 / 4,097262

0, 0,115279 / 4,212542

1, 0,0096321 / 4,212542

0, 0,0534064 / 4,265948

1, 0,1033557 / 4,34102

0, 0,1434985 / 4,484518

2, 0,3429002 / 4,802561

0, 0,4957693 / 5,29833

2, 0,1672899 / 5,463349

4, 0,0300762 / 5,514556

5, 0,0806737 / 5,514556

2, 0,1216696 / 5,665086

0, 0,6920705 / 6,357156

1, 0,030167 / 6,357156

0, 0,0530118 / 6,410168

4, 0,0270437 / 6,899431

5, 0,0270437 / 6,899431

2, 0,6251522 / 7,012524

0, 0,7012272 / 7,713752

2, 0,0302781 / 7,713752

0, 0,5292154 / 8,242968

2, 0,1552139 / 8,382778

0, 0,5030767 / 8,885855

2, 0,0852282 / 9,070608

1, 0,4557172 / 9,293274

4, 0,0198342 / 9,367758

2, 0,1211449 / 9,425872

1, 0,0230835 / 9,483416

4, 0,08076259 / 9,528216

5, 0,08076259 / 9,528216

2, 0,0778433 / 9,585634

4, 0,0330431 / 9,585634

5, 0,0574178 / 9,621529

2, 0,1405907 / 9,755763

0, 0,556101 / 10,31186

1, 0,0172111 / 10,31186

0, 0,1412332 / 10,4531

1, 0,0241884 / 10,4531

0, 0,1572129 / 10,61031

1, 0,0183155 / 10,61031

0, 2,944946 / 13,55525

1, 0,0445834 / 13,58096

0, 0,2325251 / 13,81348

2, 0,0090111 / 13,81348

StartAnim : LongLook / 14,28089

0, 1,368763 / 15,18225

1, 0,0310655 / 15,18225

0, 0,1749043 / 15,35715

1, 0,0271998 / 15,35715

0, 0,1980084 / 15,55516

1, 0,0271158 / 15,55516

0, 0,4687503 / 16,02391

2, 0,0258015 / 16,02391

0, 0,8596117 / 16,88352

2, 0,070253 / 16,94811

0, 0,3332145 / 17,28132

2, 0,0261694 / 17,28132

0, 0,4708946 / 17,75221

1, 0,0187512 / 17,75221

0, 0,070786 / 17,823

2, 0,0142138 / 17,823

0, 0,4200678 / 18,24307

2, 0,0253152 / 18,24307

0, 1,014849 / 19,25792

1, 0,0222371 / 19,25792

0, 0,3657718 / 19,62369

1, 0,0283063 / 19,62369

0, 0,4895772 / 20,11327

2, 0,0569586 / 20,14336

0, 0,1831172 / 20,32648

2, 0,0479873 / 20,32648

0, 0,413615 / 20,74009

1, 0,0236622 / 20,74009

0, 0,1454159 / 20,88551

1, 0,0323728 / 20,88551

StartAnim : EyeBlink / 21,88346

0, 1,339034 / 22,22455

1, 0,0176692 / 22,22455

0, 0,3336869 / 22,55824

2, 0,0462163 / 22,58272

0, 1,229706 / 23,81242

1, 0,0249921 / 23,81242

0, 0,2544513 / 24,06687

2, 0,0273025 / 24,06687

0, 0,1190474 / 24,18592

2, 0,015318 / 24,18592

0, 0,310924 / 24,49684

2, 0,0279742 / 24,49684

0, 0,0810308 / 24,57787

2, 0,0348161 / 24,57787

0, 0,0649514 / 24,64282

2, 0,092781 / 25,29581

1, 1,106111 / 25,71037

2, 0,0263877 / 25,73857

0, 2,484394 / 28,22297

2, 0,0277786 / 28,22297

0, 0,3344891 / 28,55746

2, 0,0267442 / 28,55746

0, 0,1537286 / 28,71119

2, 0,0336025 / 28,73985

1, 0,0625684 / 28,79876

0, 0,5123044 / 29,31107

1, 0,0325233 / 29,31107

2, 0,0325233 / 29,31107

StartAnim : OpenLegs / 29,97249

0, 0,8744296 / 30,1855

1, 0,0255903 / 30,1855

0, 0,4594156 / 30,64491

1, 0,0301107 / 30,64491

0, 0,8631533 / 31,50807

1, 0,0404422 / 31,5317

0, 1,338521 / 32,87022

1, 0,5558726 / 33,39864

0, 0,055237 / 33,45387

1, 0,7234593 / 34,13956

0, 0,4038908 / 34,54345

3, 0,0275307 / 34,54345

0, 0,9672136 / 35,51065

3, 0,9024004 / 36,39976

2, 0,564772 / 36,95496

1, 0,3863533 / 37,29774

2, 0,711219 / 38,00132

1, 0,0769075 / 38,1045

2, 0,0475648 / 38,13082

1, 0,0263152 / 38,15807

0, 0,051962 / 38,21003

1, 0,0945597 / 38,28487

0, 0,08566801 / 38,37053

1, 0,0336986 / 38,40059

0, 0,2670914 / 38,66768

1, 0,0331011 / 38,66768

0, 0,0792596 / 38,74694

1, 0,0333557 / 38,74694

0, 0,148926 / 38,89587

StartAnim : touchCouchInvite / 38,99042

1, 0,1994236 / 39,06808

0, 0,0599352 / 39,12802

1, 0,2578504 / 39,3595

0, 0,1681943 / 39,5277

2, 0,2302341 / 39,72845

0, 0,4813858 / 40,20984

1, 0,1217933 / 40,29268

0, 0,0447384 / 40,33742

1, 0,0194547 / 40,33742

0, 0,0866581 / 40,42408

2, 0,0937551 / 40,478

0, 0,3003758 / 40,77837

2, 0,0306454 / 40,77837

StartAnim : FaceSmile / 40,77837

5, 0,0228163 / 40,81449

0, 0,2507204 / 41,06521

3, 0,1156939 / 41,15334

5, 0,0745622 / 41,22409

5, 0,0131936 / 41,35732

2, 0,2563753 / 41,42287

1, 0,5437191 / 41,97701

0, 0,2349239 / 42,21194

2, 0,791335 / 43,00001

1, 0,0304127 / 43,02748

2, 0,8433284 / 43,86745

1, 0,3568173 / 44,22644

1, 0,0731985 / 44,3504

2, 0,2974971 / 44,54988

0, 0,2248442 / 44,77472

5, 0,0300525 / 44,77472

0, 0,0475509 / 44,82227

5, 0,2669895 / 45,06551

2, 0,4857997 / 45,55532

2, 0,0807692 / 45,84787

5, 0,3072106 / 45,84787

3, 0,0131548 / 45,87988

5, 0,0320125 / 45,90489

0, 0,8945934 / 46,79948

2, 0,025428 / 46,79948

0, 0,053081 / 46,85256

2, 0,0349476 / 46,85256

1, 1,163456 / 48,02249

2, 0,0517373 / 48,0669

1, 0,0172828 / 48,09792

0, 0,6560066 / 48,75393

4, 0,2854002 / 49,01313

0, 0,2822743 / 49,2954

4, 0,0223998 / 49,2954

0, 0,2168484 / 49,51225

1, 0,1203247 / 49,5992

2, 0,0555372 / 49,65311

0, 0,0571554 / 49,71027

1, 0,0832379 / 49,79015

2, 0,0736104 / 49,84007

1, 0,0301168 / 49,87173

2, 0,0563756 / 49,92481

1, 0,1691378 / 50,09605

0, 0,5681076 / 50,66416

2, 0,0293763 / 50,66416

1, 0,1416967 / 50,8086

2, 0,3826193 / 51,18679

5, 0,0442722 / 51,24227

2, 0,1132769 / 51,3557

5, 0,6400521 / 51,91164

2, 0,0293164 / 51,93927

5, 0,0276392 / 51,96819

2, 0,0289188 / 52,002

5, 0,1558767 / 52,177

1, 0,0529239 / 52,19765

**********------------scene5------------**********

2, 0,2004486 / 0,0313809

0, 0,5358996 / 0,5672805

2, 0,415551 / 0,9443138

5, 0,0888367 / 1,054129

2, 0,0728357 / 1,10349

4, 0,296906 / 1,275216

4, 0,0299708 / 1,402299

5, 0,3197527 / 1,402299

2, 0,0284175 / 1,433266

4, 0,0309675 / 1,484972

5, 0,0826733 / 1,50639

2, 0,7567163 / 2,216566

0, 2,344834 / 4,5614

2, 0,0258081 / 4,5614

StartAnim : ShortLook / 9,657131

StartAnim : FaceSmile / 10,64747

0, 6,428401 / 10,98981

1, 0,0275506 / 10,98981

0, 0,058863 / 11,04868

1, 0,0335218 / 11,04868

0, 0,3537748 / 11,40245

1, 0,0502051 / 11,43397

0, 0,1191581 / 11,55313

1, 0,0274522 / 11,55313

0, 0,8324733 / 12,38561

1, 0,0274932 / 12,38561

0, 0,1725573 / 12,55816

1, 0,0251065 / 12,55816

0, 0,4429953 / 13,00116

1, 0,0271122 / 13,00116

0, 0,0727399 / 13,0739

1, 0,0146728 / 13,0739

0, 1,568411 / 14,64231

1, 0,0273626 / 14,64231

0, 1,342563 / 15,98487

1, 0,0161954 / 15,98487

0, 0,8909888 / 16,87586

1, 0,7094901 / 17,55849

2, 1,175121 / 18,38409

4, 0,0462083 / 18,42965

5, 0,0462083 / 18,42965

2, 0,1574961 / 18,61087

1, 0,3525196 / 18,92723

2, 1,049792 / 19,89897

5, 0,0244564 / 19,943

4, 0,1084298 / 19,96662

2, 0,0236218 / 19,98337

5, 0,0167471 / 20,00686

4, 0,0779168 / 20,09532

StartAnim : OpenLegs / 20,14112

2, 0,5189123 / 20,52718

0, 0,0624081 / 20,58959

1, 0,0341946 / 20,61691

0, 0,0404684 / 20,65738

2, 0,2141093 / 20,85789

4, 0,2000629 / 21,05675

5, 0,2257281 / 21,07677

2, 0,0200191 / 21,09814

4, 0,0612964 / 21,15489

5, 0,7806647 / 21,87645

0, 0,0542118 / 21,93066

5, 0,1359795 / 22,03459

0, 0,0536259 / 22,08822

2, 0,2065456 / 22,25866

2, 0,0616781 / 22,34357

StartAnim : TouchCouchInvite / 22,42759

2, 0,0840175 / 22,45216

5, 0,6042013 / 22,66108

2, 0,2158937 / 22,86944

1, 0,0147559 / 22,89571

StartAnim : LongLook / 22,9765

StartAnim : FaceSmile / 23,37601

2, 0,5621611 / 23,45652

0, 0,08817481 / 23,54469

5, 0,043569 / 23,57595

0, 0,0826077 / 23,65856

5, 0,1993843 / 23,83217

0, 0,0409989 / 23,87317

2, 0,0409989 / 23,91553

0, 0,4037227 / 24,31925

2, 0,08546411 / 24,37469

0, 0,2831227 / 24,65781

2, 0,0260765 / 24,65781

0, 0,1207255 / 24,77853

2, 0,0475478 / 24,77853

0, 0,0797953 / 24,85833

2, 0,020271 / 24,85833

0, 0,1293428 / 24,98767

2, 0,0147314 / 24,98767

0, 0,2112065 / 25,19888

2, 0,0494685 / 25,19888

0, 0,0775884 / 25,27647

1, 0,0164391 / 25,27647

0, 0,121781 / 25,39825

2, 0,0401684 / 25,39825

0, 0,0920596 / 25,4903

1, 0,029883 / 25,4903

0, 1,399488 / 26,8898

2, 0,0273915 / 26,8898

0, 0,1150826 / 27,00488

2, 0,0598901 / 27,03297

1, 0,0280929 / 27,06763

0, 0,1354212 / 27,20305

2, 0,136313 / 27,29384

5, 0,106142 / 27,29384

0, 0,13908 / 27,43292

1, 0,016822 / 27,43292

0, 0,092991 / 27,52591

2, 0,0844176 / 27,57267

1, 0,0672997 / 27,6455

0, 0,2802891 / 27,92579

1, 0,178082 / 28,05765

2, 0,8542305 / 28,91724

0, 0,7840734 / 29,70131

2, 0,2450379 / 29,91776

StartAnim : PenisTouch / 31,74189

StartAnim : ShortLook / 32,38841

0, 2,741807 / 32,65956

1, 0,0305404 / 32,65956

0, 0,6174932 / 33,27706

1, 0,0611333 / 33,32539

0, 0,1528702 / 33,47827

1, 0,0326762 / 33,47827

StartAnim : CloseEyes / 35,04504

StartAnim : OpenEyes / 37,88552

StartAnim : StartErect / 38,17189

0, 4,776989 / 38,25525

1, 0,0794474 / 38,30133

0, 0,6021299 / 38,90348

1, 2,704909 / 41,58572

0, 0,090141 / 41,67587

1, 0,3908962 / 42,02992

0, 0,100675 / 42,1306

1, 0,0555936 / 42,16647

2, 0,2010173 / 42,36292

0, 0,2395957 / 42,60252

StartAnim : CloseEyes / 43,0151

1, 1,887276 / 44,4565

StartAnim : OpenEyes / 44,54153

0, 0,4211848 / 44,87769

1, 0,0858777 / 44,92641

0, 0,4336086 / 45,36002

1, 0,041395 / 45,38804

0, 0,1065977 / 45,49464

1, 0,1475756 / 45,58875

0, 0,4980619 / 46,08681

1, 0,0297559 / 46,08681

0, 0,8843093 / 46,97113

1, 0,0891602 / 47,03111

StartAnim : CloseEyes / 47,93268

0, 1,242668 / 48,27377

1, 0,0581824 / 48,30121

0, 1,642655 / 49,94387

2, 0,2709248 / 50,17297

StartAnim : OpenEyes / 50,27547

StartAnim : StopTouchPenis / 50,75969

StartAnim : TouchCouchInvite / 51,72005

0, 1,813794 / 51,98678

1, 0,0311577 / 51,98678

0, 1,0558 / 53,04258

1, 0,2704987 / 53,28633

**********------------scene6------------**********

0, 1,173072 / 0,0578857

5, 0,032769 / 0,0578857

3, 0,1369295 / 0,1620015

5, 0,025072 / 0,1876563

3, 0,0256548 / 0,2144098

5, 0,0565218 / 0,2765016

0, 0,1671006 / 0,4436022

5, 0,0253228 / 0,4436022

0, 0,114912 / 0,5585142

5, 0,0120267 / 0,5585142

0, 0,0577382 / 0,6162524

5, 0,0577382 / 0,6462524

0, 0,051936 / 0,6981884

StartAnim : OpenLegs / 0,6981884

2, 0,0244981 / 1,246038

2, 0,0521236 / 1,402624

5, 0,9638106 / 1,63153

0, 0,7158664 / 2,347396

5, 0,1687112 / 2,471523

0, 0,0598714 / 2,531395

5, 0,4751861 / 2,973136

2, 0,0553571 / 3,035226

0, 0,0827599 / 3,117986

2, 0,0127418 / 3,117986

1, 0,02376 / 3,154178

2, 0,696224 / 3,843624

4, 0,0312099 / 3,900795

5, 0,0865852 / 3,927774

2, 0,0269789 / 3,980376

0, 0,0545473 / 4,034924

2, 0,0269877 / 4,034924

5, 0,3016819 / 4,330472

3, 0,0214266 / 4,360929

5, 0,1131319 / 4,480327

0, 0,0518338 / 4,53216

5, 0,1968396 / 4,698009

0, 0,0457096 / 4,743719

5, 0,0208726 / 4,743719

0, 0,0436484 / 4,787368

5, 0,1189587 / 4,887071

0, 0,0610044 / 4,948075

5, 0,0292316 / 4,948075

0, 0,0526617 / 5,000736

5, 0,0526617 / 5,032328

0, 0,2256362 / 5,257964

2, 0,0543634 / 5,310803

5, 0,1575008 / 5,387849

0, 0,4427407 / 5,830591

5, 0,0266995 / 5,830591

0, 0,5145507 / 6,345141

5, 0,2152911 / 6,530077

1, 0,0298039 / 6,567136

5, 0,0370588 / 6,588645

1, 0,0474948 / 6,644979

StartAnim : LongLook / 6,871443

StartAnim : StartTouchPenis / 6,89948

2, 0,3080538 / 6,942075

4, 0,042595 / 6,966104

5, 0,042595 / 6,966104

0, 0,0540272 / 7,020131

4, 0,2713575 / 7,24929

5, 0,2713575 / 7,24929

0, 0,0513742 / 7,300664

4, 0,3380997 / 7,613479

5, 0,3380997 / 7,613479

0, 0,0608423 / 7,674322

4, 0,2526693 / 7,879274

5, 0,2526693 / 7,879274

0, 0,1156596 / 7,994934

4, 0,4164756 / 8,388933

5, 0,4164756 / 8,388933

0, 0,057454 / 8,446387

4, 0,1225624 / 8,531681

5, 0,1225624 / 8,531681

0, 0,0578858 / 8,589566

4, 0,0350698 / 8,589566

5, 0,0350698 / 8,589566

0, 0,0692051 / 8,658772

4, 0,1557362 / 8,772977

5, 0,1557362 / 8,772977

0, 0,0636518 / 8,836629

4, 0,1508849 / 8,940223

5, 0,1508849 / 8,940223

1, 0,0163611 / 8,972397

StartAnim : CloseEyes / 10,02796

2, 2,532293 / 11,49694

0, 0,1029796 / 11,59992

StartAnim : OpenEyes / 11,97289

1, 0,4568516 / 12,04335

2, 0,1395768 / 12,1685

0, 0,2193918 / 12,38789

2, 0,6812307 / 13,05789

4, 0,0901145 / 13,15371

4, 0,5637159 / 13,74427

4, 0,1891684 / 13,95801

5, 0,9027364 / 13,95801

2, 0,870441 / 14,83498

4, 1,823232 / 16,68339

5, 1,854335 / 16,68339

1, 0,0251822 / 16,71303

0, 0,5756727 / 17,2887

5, 0,0174827 / 17,2887

0, 0,5417211 / 17,83043

2, 0,0111744 / 17,83043

0, 0,8868737 / 18,7173

2, 0,024941 / 18,7173

StartAnim : CloseEyes / 19,19856

0, 2,046317 / 20,76361

7, 0,5303022 / 21,25574

4, 0,4440502 / 21,69784

5, 0,4440502 / 21,69784

StartAnim : OpenEyes / 21,83275

7, 0,2436095 / 21,94168

5, 0,0791679 / 22,00722

2, 0,0109403 / 22,0344

0, 1,308848 / 23,34325

7, 0,0318401 / 23,34325

4, 0,8187096 / 24,16122

5, 0,8187096 / 24,16122

0, 0,2965001 / 24,45773

2, 0,1043293 / 24,52489

5, 0,0136698 / 24,54649

StartAnim : CloseEyes / 24,63211

2, 1,015604 / 25,5589

3, 0,0184035 / 25,58463

0, 0,0728629 / 25,65749

4, 0,0793566 / 25,71851

5, 0,0793566 / 25,71851

2, 0,0795536 / 25,77745

4, 0,4874163 / 26,2718

4, 0,1095389 / 26,44051

5, 0,8844954 / 26,66285

2, 0,0121478 / 26,68396

0, 0,0751048 / 26,75906

5, 0,0323829 / 26,78459

StartAnim : FastPenisTouch / 26,85325

StartAnim : OpenEyes / 26,97388

0, 0,7867284 / 27,57132

5, 0,0245722 / 27,57132

0, 0,1769466 / 27,74827

2, 0,0177412 / 27,74827

0, 0,7671256 / 28,51539

StartAnim : CloseEyes / 28,59966

1, 0,1431522 / 28,61888

2, 0,3561078 / 28,98372

1, 0,358523 / 29,33841

StartAnim : OpenEyes / 29,51005

0, 0,3336937 / 29,6721

5, 0,0196591 / 29,6721

0, 0,4669569 / 30,13906

5, 0,0271892 / 30,13906

2, 0,0527144 / 30,18547

0, 0,0995187 / 30,28499

1, 0,0134006 / 30,28499

2, 0,0474755 / 30,32869

0, 0,1524036 / 30,48109

StartAnim : CloseEyes / 31,03011

StartAnim : OpenEyes / 32,77121

StartAnim : PenisEjac / 33,37464

2, 3,672545 / 34,09866

4, 0,3858518 / 34,48719

4, 1,258056 / 35,84235

4, 0,0642922 / 35,97184

5, 1,912523 / 35,97184

3, 0,2319244 / 36,20227

0, 0,0551143 / 36,25739

5, 0,1149639 / 36,36723

0, 0,04697 / 36,41419

StartAnim : StopTouchPenis / 36,41419

3, 0,04697 / 36,44596

0, 0,085239 / 36,5312

5, 0,4630817 / 36,95717

0, 0,2641331 / 37,2213

StartAnim : DeErect / 37,2416

3, 1,283704 / 38,48587

0, 0,3123959 / 38,79827

2, 0,0285157 / 38,94591

5, 1,213357 / 39,99232

2, 0,1165565 / 40,03812

0, 0,265208 / 40,30332

2, 0,5879401 / 40,89418

**********------------Fin_Relaxation------------**********

