**********------------scene1------------**********

0, 0,3542857 / 0,3542857

3, 0,0600256 / 0,3810619

0, 0,2198481 / 0,6009099

3, 0,0386065 / 0,6009099

0, 0,3114247 / 0,9123347

1, 1,082537 / 1,920343

0, 0,120423 / 2,040766

3, 0,4630594 / 2,474028

0, 0,1391486 / 2,613176

2, 0,0325476 / 2,613176

1, 0,4012645 / 3,008669

0, 0,3447319 / 3,353401

1, 0,8914289 / 4,198241

3, 0,0295685 / 4,222631

0, 0,8174484 / 5,040079

1, 0,0329673 / 5,040079

0, 0,1077013 / 5,14778

1, 1,569004 / 6,683217

0, 0,1927627 / 6,87598

2, 0,0470841 / 6,87598

0, 0,2145768 / 7,090558

2, 0,2009267 / 7,273366

1, 0,1803768 / 7,441738

0, 1,598812 / 9,040549

1, 0,6117862 / 9,623695

0, 0,0614842 / 9,68518

3, 0,1139923 / 9,768874

0, 0,1233277 / 9,892202

2, 0,2674631 / 10,13729

1, 1,530588 / 11,66958

2, 0,1964062 / 11,87028

3, 0,2887077 / 12,15387

0, 0,1845234 / 12,3384

3, 0,1932483 / 12,51077

0, 0,0882338 / 12,599

3, 0,0300915 / 12,599

1, 1,920857 / 14,52515

2, 0,06738991 / 14,61216

5, 0,0554337 / 14,63842

2, 0,4720005 / 15,10972

5, 0,0255599 / 15,13788

0, 3,103767 / 18,24165

5, 0,0288016 / 18,24165

4, 0,0340293 / 18,2811

0, 0,1177096 / 18,39882

4, 0,2206631 / 18,59605

5, 0,2206631 / 18,59605

2, 0,6174164 / 19,20919

1, 0,8017255 / 20,02715

0, 0,2671036 / 20,29426

3, 0,1706073 / 20,47042

0, 0,0545815 / 20,525

2, 0,2324646 / 20,742

4, 0,2342663 / 20,96801

4, 0,1151112 / 21,31122

2, 0,0429358 / 21,34066

5, 0,7918776 / 21,54057

2, 0,0458035 / 21,56663

1, 0,9549204 / 22,53064

0, 0,3802361 / 22,91087

1, 1,897514 / 24,77736

0, 0,2050794 / 24,98244

3, 0,0421315 / 25,75356

1, 1,102535 / 26,02868

3, 0,0320831 / 26,06564

0, 3,319153 / 29,38479

1, 0,1600354 / 29,51075

0, 0,0873854 / 29,59814

1, 0,3242087 / 29,86951

0, 0,0840768 / 29,95359

4, 0,1440366 / 30,03593

0, 0,4931929 / 30,52913

1, 1,611941 / 32,08323

0, 0,208788 / 32,29202

1, 0,6448121 / 32,88734

0, 0,15493 / 33,04227

1, 0,074023 / 33,08313

0, 0,0807933 / 33,16392

1, 0,0556075 / 33,16392

0, 3,24976 / 36,41367

1, 0,5833368 / 36,95441

0, 0,1306871 / 37,0851

2, 0,864705 / 37,89442

5, 0,2316427 / 37,92811

4, 0,1982483 / 38,12625

5, 0,0964787 / 38,15903

2, 0,5461264 / 38,66595

1, 0,9284579 / 39,60957

0, 0,1438674 / 39,75343

2, 0,0722093 / 39,77927

0, 0,2065109 / 39,98578

2, 0,3420393 / 40,29434

0, 0,7164791 / 41,01083

1, 0,8142332 / 41,79891

0, 0,2402244 / 42,03913

1, 0,8458761 / 42,85093

2, 0,0292998 / 42,88311

5, 0,2836462 / 43,16663

2, 0,2482249 / 43,41129

1, 0,059569 / 43,49613

0, 0,4003297 / 43,89646

1, 0,3641663 / 44,23714

0, 0,3303549 / 44,56749

1, 0,0292958 / 44,56749

0, 0,1589702 / 44,72646

1, 0,2001921 / 44,89133

0, 0,4009848 / 45,29231

1, 0,0281616 / 45,29231

0, 0,1064015 / 45,39872

1, 0,143059 / 45,50575

0, 0,1154287 / 45,62118

1, 0,0223496 / 45,62118

0, 0,0637367 / 45,68492

1, 0,0452699 / 45,68492

0, 0,067529 / 45,75245

1, 2,42366 / 48,13896

0, 4,682605 / 52,82155

5, 0,8143767 / 53,60757

0, 0,0604914 / 53,66806

2, 0,09200691 / 53,7364

0, 0,0593231 / 53,79572

1, 2,633443 / 56,40854

0, 0,244035 / 56,65257

StartAnim : touchMagazine / 58,90601

1, 2,536517 / 59,13816

2, 0,0317837 / 59,16681

0, 0,0698339 / 59,23664

4, 0,2712594 / 59,47234

0, 0,2215773 / 59,69391

4, 0,5597528 / 60,23564

0, 0,2915863 / 60,52723

4, 0,4583314 / 60,95451

5, 0,0342715 / 60,9853

2, 0,0307919 / 61,03965

1, 1,185353 / 62,20795

0, 0,0723909 / 62,28035

2, 0,2649198 / 62,50912

1, 0,06326 / 62,56643

2, 0,0624692 / 62,62579

0, 0,0696401 / 62,69542

1, 0,744002 / 63,39416

2, 0,6681954 / 64,06352

0, 0,0587875 / 64,12231

1, 1,844039 / 65,93842

0, 1,857691 / 67,7961

**********------------scene2------------**********

1, 0,1444202 / 0,0411707

0, 0,7814147 / 0,8225855

3, 0,026593 / 0,8225855

0, 0,2217126 / 1,044298

1, 0,5371138 / 1,55788

3, 0,8204616 / 2,371004

0, 0,2283126 / 2,599316

2, 0,2590368 / 2,845514

1, 2,180485 / 5,014216

0, 0,0695659 / 5,083782

3, 0,1128499 / 5,167549

0, 0,2428954 / 5,410445

5, 0,2736158 / 5,668245

1, 0,28893 / 5,935327

0, 0,2921324 / 6,227459

1, 1,497343 / 7,683683

0, 0,5140896 / 8,197772

1, 0,5152751 / 8,665851

0, 0,4025158 / 9,068365

1, 1,317619 / 10,3555

0, 0,198528 / 10,55402

3, 0,4161849 / 10,95257

0, 0,1816084 / 11,13418

1, 0,4944526 / 11,61117

0, 0,07101861 / 11,68219

2, 0,5965053 / 12,24079

1, 0,0331193 / 12,26731

2, 0,0265212 / 12,29655

1, 0,5291213 / 12,82744

2, 1,383377 / 14,2103

1, 0,2734016 / 14,49249

0, 0,3448675 / 14,83736

2, 0,0202758 / 14,83736

2, 0,0356234 / 14,91008

2, 0,0782137 / 15,03592

5, 0,4988603 / 15,30799

2, 0,0265313 / 15,33705

1, 1,942687 / 17,28144

2, 0,4739753 / 17,75423

1, 4,786955 / 22,53474

0, 0,0638248 / 22,59857

3, 0,3301339 / 22,89488

0, 0,4607548 / 23,35563

2, 0,3038364 / 23,61719

0, 0,068464 / 23,68566

1, 0,0342381 / 23,68566

2, 0,0342259 / 23,72628

0, 0,0844122 / 23,81069

2, 0,0283328 / 23,81069

1, 0,7552804 / 24,53712

0, 1,642549 / 26,17968

1, 0,1984654 / 26,35261

0, 0,0728835 / 26,4255

1, 0,0728835 / 26,45038

0, 0,800334 / 27,25071

2, 0,022884 / 27,25071

0, 0,3147672 / 27,56548

3, 0,2117929 / 27,73739

2, 0,5540836 / 28,29274

5, 0,6079435 / 28,36719

0, 0,0541067 / 28,42129

4, 0,1550132 / 28,56685

5, 0,5843644 / 29,13556

4, 0,5253493 / 29,22906

0, 0,2151712 / 29,44423

4, 0,0471294 / 29,44423

0, 1,222377 / 30,66661

1, 0,3670216 / 31,00961

0, 0,1878619 / 31,19747

3, 0,0210455 / 31,19747

0, 0,2236855 / 31,42115

3, 0,0551941 / 31,44897

0, 0,1895732 / 31,63854

4, 0,1169049 / 32,04832

5, 0,8858577 / 32,4938

0, 0,0588226 / 32,55262

3, 0,0838131 / 32,60694

0, 0,9695486 / 33,5765

1, 0,0846155 / 33,63657

0, 0,07565311 / 33,71222

2, 0,15739 / 33,82056

0, 0,1174701 / 33,93803

1, 4,678684 / 38,56528

3, 0,092153 / 38,64997

StartAnim : shortLook / 38,8393

0, 0,3515852 / 39,00155

**********------------scene3------------**********

1, 2,299031 / 0,0281939

0, 0,0561826 / 0,0843765

2, 0,023985 / 0,0843765

0, 0,0586169 / 0,1429934

2, 0,0328981 / 0,1429934

0, 0,3110296 / 0,454023

2, 0,4270408 / 0,8553238

1, 0,82579 / 1,683601

0, 0,0601422 / 1,743743

3, 0,2863593 / 2,000093

0, 0,2518408 / 2,251934

1, 0,5018878 / 2,699104

2, 0,4842985 / 3,187396

1, 1,570398 / 4,754202

0, 0,1721696 / 4,926372

1, 0,0199353 / 4,926372

2, 0,0258955 / 4,956893

2, 0,1750755 / 5,210375

5, 0,3657599 / 5,306036

2, 0,1487996 / 5,491797

1, 0,2674706 / 5,71778

0, 0,0783482 / 5,796128

1, 1,02567 / 6,79661

2, 0,1150316 / 6,912244

1, 0,3987561 / 7,312488

3, 0,0299 / 7,343435

0, 0,08439539 / 7,42783

3, 0,107863 / 7,48838

0, 0,0813176 / 7,569698

3, 0,0344873 / 7,569698

0, 0,1088122 / 7,67851

3, 0,0304861 / 7,67851

0, 0,108852 / 7,787362

3, 0,0311445 / 7,787362

0, 0,9118193 / 8,699183

1, 0,1976376 / 8,871479

0, 0,0537897 / 8,925268

1, 0,1977074 / 9,099231

2, 0,2026729 / 9,297314

3, 0,0254546 / 9,325139

0, 0,0807381 / 9,405877

3, 0,1000418 / 9,44279

0, 0,7958005 / 10,23859

2, 0,3362139 / 10,55542

0, 0,2845561 / 10,83998

2, 0,4823895 / 11,29767

1, 1,116074 / 12,41146

2, 0,4862493 / 12,89763

1, 0,7400548 / 13,64232

0, 0,7140313 / 14,35635

1, 1,425978 / 15,75599

2, 0,0318721 / 15,78511

5, 0,3694077 / 16,1559

4, 0,0573823 / 16,20955

0, 0,1754347 / 16,38499

2, 0,1364528 / 16,50312

0, 0,0811553 / 16,58427

1, 1,633585 / 18,21002

0, 1,00076 / 19,21078

1, 0,5765808 / 19,75479

0, 0,08869819 / 19,84349

3, 0,2813237 / 20,10107

0, 0,109018 / 20,21009

2, 0,5017893 / 20,65794

0, 0,0542978 / 20,71224

3, 0,1914258 / 20,86253

0, 0,3952123 / 21,25774

1, 0,3934852 / 21,63006

2, 0,0335654 / 21,6528

0, 0,296238 / 21,94904

3, 0,885251 / 22,79669

0, 0,196639 / 22,99332

3, 0,0322079 / 22,99332

0, 0,1599726 / 23,1533

1, 3,804184 / 26,92502

0, 0,5151436 / 27,44016

3, 0,4270927 / 27,84447

0, 0,1672398 / 28,01171

1, 0,1478768 / 28,15715

2, 0,2629898 / 28,37343

1, 0,3341262 / 28,72912

0, 0,0914579 / 28,82058

4, 0,0668859 / 28,84082

0, 0,1991013 / 29,03992

3, 0,2283652 / 29,2482

0, 0,3359593 / 29,58416

3, 0,0303 / 29,58416

0, 0,0917649 / 29,67593

3, 0,1178585 / 29,75409

0, 0,0562438 / 29,81034

1, 2,631243 / 32,41247

2, 0,3711605 / 32,78473

StartAnim : armStretch / 32,8144

1, 0,384493 / 33,16777

2, 0,4001576 / 33,56707

0, 0,5743719 / 34,14145

2, 0,0288858 / 34,14145

1, 1,11813 / 35,25415

0, 0,0595574 / 35,31371

2, 0,2858399 / 35,56714

1, 0,4347248 / 35,9968

0, 0,0537761 / 36,05057

2, 0,0537761 / 36,08181

0, 0,0908924 / 36,17271

1, 0,0454515 / 36,17271

2, 0,0115417 / 36,19915

0, 0,0538711 / 36,25302

StartAnim : longLook / 37,10942

StartAnim : handSalute / 37,42648

1, 1,851922 / 38,08703

3, 0,0359658 / 38,11024

4, 0,0232179 / 38,13988

0, 0,0563782 / 38,19625

3, 0,1123729 / 38,28324

0, 0,1677409 / 38,45098

4, 0,1979354 / 38,62566

0, 0,0836501 / 38,70931

StartAnim : faceSmile / 41,59724

1, 8,658842 / 47,33927

0, 0,1690046 / 47,50828

1, 1,056182 / 48,54133

0, 1,00144 / 49,54278

1, 0,0298979 / 49,54278

0, 0,1691542 / 49,71193

2, 0,1196201 / 49,79515

1, 0,9413474 / 50,74067

0, 0,3081479 / 51,04882

2, 1,055761 / 52,07086

1, 2,344657 / 54,40852

0, 0,0586536 / 54,46717

1, 2,173488 / 56,60799

0, 0,1466685 / 56,75465

StartAnim : LongLook / 58,40881

1, 3,431286 / 60,18475

0, 0,0533544 / 60,2381

3, 0,0817415 / 60,30338

0, 0,1646281 / 60,46801

2, 0,2288153 / 60,67419

1, 1,903958 / 62,59587

2, 0,0302695 / 62,62806

StartAnim : CaresseEntreCuisse / 62,88114

0, 0,3651814 / 62,99324

4, 0,1756635 / 63,16249

0, 0,2466352 / 63,40913

5, 0,1214225 / 63,52686

2, 0,028818 / 63,57679

0, 0,0745691 / 63,65136

1, 2,83305 / 66,45013

0, 0,0601344 / 66,51026

2, 0,0876435 / 66,59158

0, 0,3914835 / 66,98306

2, 0,0294208 / 66,98306

StartAnim : faceSmile / 68,38469

1, 3,642143 / 70,6244

0, 0,0866387 / 70,71104

2, 0,028642 / 70,71104

0, 0,0548373 / 70,76587

1, 0,7965803 / 71,54232

0, 0,3101524 / 71,85248

**********------------scene4------------**********

2, 0,2414457 / 0,0429718

0, 0,2990196 / 0,3419914

1, 0,1699487 / 0,4888343

5, 0,2025101 / 1,170984

2, 0,7971089 / 1,265601

5, 0,0529198 / 1,265601

1, 1,044665 / 2,330657

StartAnim : LongLook / 2,496626

StartAnim : HandSalute / 2,814328

2, 0,6001512 / 2,929921

1, 0,3251587 / 3,246217

0, 0,0527476 / 3,298965

1, 0,0235726 / 3,298965

2, 0,029175 / 3,331594

0, 0,0537118 / 3,385306

2, 0,2664167 / 3,623621

0, 0,2281781 / 3,851799

2, 0,0919493 / 3,897418

1, 0,3101334 / 4,19817

0, 0,4565848 / 4,654755

2, 0,0559569 / 4,708803

StartAnim : SitCrossLegs / 4,708803

0, 0,0606683 / 4,769472

2, 0,9753926 / 5,711304

1, 0,2945169 / 5,99061

2, 0,4216399 / 6,425945

1, 0,4702075 / 6,899588

0, 1,954881 / 8,854472

1, 0,1265315 / 8,955016

2, 0,087535 / 9,027899

1, 0,223236 / 9,257967

2, 0,0502438 / 9,31389

1, 0,5865892 / 9,87046

2, 0,442776 / 10,31575

1, 0,5144981 / 10,82442

2, 0,2665209 / 11,08744

1, 1,060013 / 12,15246

0, 0,3434776 / 12,49594

1, 0,4010177 / 12,86772

2, 0,3163539 / 13,19717

StartAnim : LongLook / 14,28297

2, 0,0957913 / 15,32494

1, 3,422138 / 16,50889

2, 0,5133822 / 17,02453

1, 1,199591 / 18,21465

2, 0,5263962 / 18,72504

2, 0,2090223 / 20,4464

StartAnim : EyeBlink / 21,88142

1, 6,218382 / 24,95043

2, 0,2209822 / 25,11916

1, 3,524083 / 28,65316

2, 0,609003 / 29,26786

StartAnim : OpenLegs / 29,95436

1, 1,247582 / 30,51058

2, 0,8824481 / 31,39661

1, 1,88476 / 33,28538

2, 0,2858696 / 33,57043

1, 2,228967 / 35,79653

2, 1,21136 / 36,99802

1, 0,7860575 / 37,79707

2, 0,0310723 / 37,81755

4, 0,3746278 / 38,2653

4, 0,0373535 / 38,49472

5, 0,7997553 / 38,62318

0, 0,0530794 / 38,67626

5, 0,0210534 / 38,67626

0, 0,047709 / 38,72396

2, 0,1337559 / 38,8386

StartAnim : touchCouchInvite / 38,99539

StartAnim : FaceSmile / 40,78078

1, 5,399353 / 44,24119

0, 0,1934346 / 44,43463

1, 0,2263298 / 44,60847

0, 0,1154879 / 44,72396

4, 0,11261 / 44,80837

0, 0,1291522 / 44,93752

4, 0,0693245 / 44,97915

0, 0,3714901 / 45,35063

2, 0,1123499 / 45,44045

4, 0,0173643 / 45,46673

0, 0,0503342 / 45,51707

4, 0,0503342 / 45,53904

2, 0,0259567 / 45,65147

1, 0,348599 / 45,88136

0, 0,7596011 / 46,64096

4, 0,2701979 / 46,89449

0, 0,21497 / 47,10946

1, 2,873484 / 49,95089

2, 0,458303 / 50,40999

1, 0,3396062 / 50,75011

2, 0,1152159 / 50,85153

1, 1,371789 / 52,24052

0, 0,0401292 / 52,28065

2, 0,0401292 / 52,30101

**********------------scene5------------**********

1, 0,0454032 / 0,0263033

0, 0,1900075 / 0,2163108

2, 0,2128354 / 0,3945018

1, 0,3739036 / 0,7851714

0, 0,7694599 / 1,554632

1, 0,1715378 / 1,702211

2, 0,0322273 / 1,73034

5, 0,0819018 / 1,814211

2, 0,9147543 / 2,697063

1, 0,1995031 / 2,898585

0, 0,0850486 / 2,983634

1, 0,6040051 / 3,570359

0, 0,3469424 / 3,917301

7, 0,0254965 / 3,917301

0, 1,553795 / 5,471097

2, 0,0252855 / 5,471097

0, 0,0577655 / 5,528862

1, 0,0577655 / 5,555403

0, 0,0835022 / 5,638906

1, 0,5047759 / 6,098286

0, 0,0418123 / 6,140098

2, 0,3163011 / 6,439675

1, 1,272892 / 7,713027

2, 0,6310999 / 8,310511

1, 0,82863 / 9,154397

4, 0,0254114 / 9,455794

5, 0,0254114 / 9,455794

StartAnim : ShortLook / 9,669575

2, 1,141857 / 10,28555

StartAnim : FaceSmile / 10,64224

1, 3,345646 / 13,6383

0, 0,0612751 / 13,69957

1, 0,9089735 / 14,59653

2, 0,6030705 / 15,19907

0, 0,1984146 / 15,39748

2, 0,1837988 / 15,53982

StartAnim : OpenLegs / 20,14299

1, 4,630017 / 20,17027

5, 0,0293689 / 20,71007

2, 0,8016104 / 20,96403

5, 0,1012538 / 21,0144

2, 0,1880969 / 21,16609

3, 0,2903379 / 21,45695

5, 0,345388 / 21,51207

2, 0,5408657 / 22,05421

StartAnim : TouchCouchInvite / 22,43906

StartAnim : LongLook / 22,96934

StartAnim : FaceSmile / 23,37109

1, 1,532664 / 23,59887

2, 0,1085669 / 23,69442

1, 0,0148064 / 23,71774

0, 0,0791428 / 23,79689

1, 0,0488494 / 23,8245

2, 0,6914678 / 24,51411

1, 0,5972578 / 25,11281

2, 0,0522803 / 25,17845

2, 0,1404254 / 25,39152

3, 0,2616834 / 25,62668

5, 0,4685557 / 25,62668

2, 0,2373143 / 25,86941

2, 0,0180538 / 25,95666

5, 0,2293689 / 25,98619

0, 0,0652573 / 26,05145

5, 0,2509196 / 26,25057

2, 0,2643816 / 26,27354

1, 1,479882 / 27,75338

2, 0,0229218 / 27,78053

0, 0,2174033 / 27,99794

2, 0,6161969 / 28,59612

0, 0,2026631 / 28,79879

2, 0,0423457 / 28,82606

0, 0,0422461 / 28,8683

2, 0,0422461 / 28,89332

1, 0,025014 / 28,93637

0, 0,0804824 / 29,01685

2, 0,3375654 / 29,32983

1, 0,9583381 / 30,28305

5, 0,1127286 / 30,69921

2, 0,4421355 / 30,7263

4, 0,2452281 / 30,84957

5, 0,1161835 / 30,84957

2, 0,2241649 / 31,09261

1, 0,5017835 / 31,56996

StartAnim : PenisTouch / 31,75305

2, 0,7863376 / 32,3539

StartAnim : ShortLook / 32,3956

4, 0,0679266 / 32,41631

2, 0,0157513 / 32,55285

4, 0,08247989 / 32,72206

5, 0,546104 / 32,88683

2, 0,0987338 / 32,94897

1, 0,3041217 / 33,24002

2, 0,0231267 / 33,26517

1, 0,0251598 / 33,28709

2, 0,0460923 / 33,32815

StartAnim : CloseEyes / 35,05458

1, 2,229163 / 35,55322

2, 0,0127942 / 35,57573

2, 0,0125596 / 35,79824

5, 0,3419493 / 35,91061

0, 0,0594159 / 35,97002

2, 0,0196664 / 35,97002

1, 1,786209 / 37,75556

0, 0,0408721 / 37,79643

StartAnim : OpenEyes / 37,89629

StartAnim : StartErect / 38,18278

1, 0,7435947 / 38,52698

2, 0,5141624 / 39,03895

1, 0,2856784 / 39,32778

2, 0,028783 / 39,35533

4, 0,012707 / 39,44011

5, 0,8434204 / 40,19624

2, 0,0250464 / 40,222

5, 0,1136165 / 40,32742

1, 1,902889 / 42,23914

2, 0,1692837 / 42,39653

1, 0,2316145 / 42,63993

2, 0,0262725 / 42,6695

3, 0,0295758 / 42,69704

StartAnim : CloseEyes / 43,01346

5, 0,6443003 / 43,33944

2, 0,0670421 / 43,39693

1, 0,4729536 / 43,87012

0, 0,1379141 / 44,00803

2, 0,0693165 / 44,02996

1, 0,0496683 / 44,08349

2, 0,1136137 / 44,20982

StartAnim : OpenEyes / 44,55155

1, 0,7812448 / 44,97204

0, 0,041037 / 45,01308

1, 0,0241198 / 45,01308

0, 0,065608 / 45,07869

2, 0,065608 / 45,10391

1, 0,6649831 / 45,77179

2, 0,2269629 / 45,9965

0, 0,2858043 / 46,2823

2, 0,032644 / 46,2823

1, 0,4360027 / 46,71041

0, 0,1276874 / 46,8381

2, 0,1475433 / 46,95431

1, 0,8799977 / 47,8393

0, 0,0441059 / 47,8834

StartAnim : CloseEyes / 47,92596

4, 0,0488009 / 47,99308

2, 0,0682123 / 48,09832

4, 0,2985492 / 48,41214

5, 0,5575668 / 48,41214

2, 0,3024683 / 48,72566

1, 1,496063 / 50,21257

0, 0,0457154 / 50,25828

StartAnim : OpenEyes / 50,28317

StartAnim : StopTouchPenis / 50,75352

1, 0,6969178 / 50,92725

2, 0,0177666 / 50,95247

0, 0,6189493 / 51,57141

StartAnim : TouchCouchInvite / 51,72607

2, 0,2059898 / 51,76997

1, 0,5377718 / 52,29938

0, 0,0540123 / 52,35339

2, 0,0142295 / 52,35339

0, 0,0842905 / 52,43768

2, 0,685274 / 53,09799

5, 0,2168853 / 53,32238

2, 0,3251871 / 53,63912

**********------------scene6------------**********

1, 0,8005306 / 0,0305866

0, 0,09050991 / 0,1210965

1, 0,2004219 / 0,3116721

StartAnim : OpenLegs / 0,7020783

2, 0,8975009 / 1,186831

0, 0,1163333 / 1,303164

2, 0,0842711 / 1,38158

1, 0,8172587 / 2,17079

0, 0,112943 / 2,283733

1, 0,0830458 / 2,308782

0, 1,080809 / 3,389591

1, 0,2252629 / 3,569034

2, 0,0124935 / 3,595986

5, 0,3625565 / 3,96202

2, 0,7147381 / 4,675138

1, 1,588057 / 6,261287

5, 0,0848246 / 6,40096

2, 0,3387718 / 6,589754

5, 0,2573215 / 6,845789

StartAnim : LongLook / 6,845789

StartAnim : StartTouchPenis / 6,878477

2, 0,121072 / 6,973917

1, 1,950604 / 8,928669

0, 0,0419324 / 8,970601

StartAnim : CloseEyes / 10,02861

1, 2,158004 / 11,10176

2, 0,0150871 / 11,12802

0, 0,0571265 / 11,18514

5, 0,0756867 / 11,23229

0, 0,0964378 / 11,32873

5, 0,0934928 / 11,38052

0, 0,0795647 / 11,46008

5, 0,2072858 / 11,6308

2, 0,380379 / 11,94767

StartAnim : OpenEyes / 11,94767

1, 0,7599584 / 12,70141

0, 0,0475679 / 12,74898

1, 1,900353 / 14,63164

0, 0,2116989 / 14,84333

1, 1,656342 / 16,48515

2, 0,0254513 / 16,50529

4, 0,1425851 / 16,64075

5, 0,1425851 / 16,64075

0, 0,197119 / 16,83787

2, 0,3160795 / 17,12812

4, 0,1445362 / 17,27126

5, 0,2116824 / 17,32874

2, 0,1486701 / 17,48427

5, 0,1701802 / 17,57404

StartAnim : CloseEyes / 19,18854

2, 1,983077 / 19,54576

0, 0,09622081 / 19,64198

1, 1,058664 / 20,68494

0, 0,1666757 / 20,85162

StartAnim : OpenEyes / 21,82827

1, 3,183491 / 24,01392

2, 0,5687943 / 24,57095

StartAnim : CloseEyes / 24,61536

1, 1,013676 / 25,58916

0, 0,052076 / 25,64124

2, 0,6396165 / 26,2418

0, 0,0592203 / 26,30103

1, 0,4650976 / 26,7443

StartAnim : FastPenisTouch / 26,82786

StartAnim : OpenEyes / 26,96629

2, 0,2383284 / 26,99842

StartAnim : CloseEyes / 28,58783

1, 1,69241 / 28,68517

2, 0,0264596 / 28,70941

0, 0,0377548 / 28,74716

4, 0,0785875 / 28,81432

5, 0,188848 / 28,91111

2, 0,0468576 / 28,97045

5, 0,2597627 / 29,18599

StartAnim : OpenEyes / 29,48586

2, 0,9873507 / 30,07161

StartAnim : CloseEyes / 31,01601

1, 2,444654 / 32,52881

2, 0,0268511 / 32,55003

StartAnim : OpenEyes / 32,77104

StartAnim : PenisEjac / 33,35383

1, 1,615671 / 34,16934

2, 0,0248567 / 34,19345

0, 0,0455088 / 34,23896

4, 0,4167469 / 34,67669

5, 0,5129187 / 34,7271

0, 0,0434674 / 34,77057

5, 0,1028899 / 34,88184

2, 0,3139866 / 35,16988

1, 0,6156839 / 35,79127

2, 0,0608664 / 35,84224

1, 0,5231063 / 36,37076

StartAnim : StopTouchPenis / 36,39462

5, 0,0693177 / 36,45646

2, 0,2456709 / 36,61554

4, 0,2258933 / 36,83059

5, 0,263449 / 36,86139

2, 0,3133136 / 37,17075

StartAnim : DeErect / 37,21259

0, 0,100117 / 37,27087

2, 0,0529521 / 37,31406

0, 0,0557931 / 37,36986

2, 0,1789076 / 37,52632

0, 0,0470921 / 37,57341

1, 1,80102 / 39,346

0, 0,06890079 / 39,4149

2, 0,1025685 / 39,61212

5, 0,5704238 / 39,94977

2, 0,3825809 / 40,24353

**********------------Fin_Relaxation------------**********

