**********------------scene1------------**********

0, 0,3523834 / 0,3523834

1, 0,1166343 / 0,4258065

0, 0,4009831 / 0,8267895

3, 0,2799426 / 1,087605

1, 0,5060801 / 1,586167

2, 0,1422921 / 1,724539

1, 0,0555803 / 1,78769

2, 0,3524234 / 2,141156

0, 0,0598811 / 2,201037

3, 0,1561455 / 2,320118

0, 0,0679245 / 2,388043

2, 0,3552173 / 2,714384

1, 1,865447 / 4,569282

2, 0,3866441 / 4,959282

0, 0,0674929 / 5,026775

1, 0,5698155 / 5,566895

3, 0,0377972 / 5,596604

0, 0,3883345 / 5,984939

2, 0,2967828 / 6,22962

4, 0,0296852 / 6,711949

5, 0,6949585 / 6,740438

2, 0,2979011 / 7,042888

1, 2,259363 / 9,30072

2, 0,4037032 / 9,699733

0, 0,2877213 / 9,987453

5, 0,0709966 / 10,09802

2, 0,2926862 / 10,21535

2, 0,3096651 / 10,55739

5, 0,3618943 / 10,59682

0, 0,5466563 / 11,14348

5, 0,0352067 / 11,14348

0, 0,1992026 / 11,34268

2, 0,1201147 / 11,42594

0, 0,1193769 / 11,54531

3, 0,865528 / 12,35492

0, 0,170598 / 12,52551

2, 0,0261892 / 12,52551

0, 0,0884022 / 12,61392

1, 0,6589442 / 13,21368

0, 0,0705389 / 13,28421

2, 1,371789 / 14,62954

5, 1,556602 / 16,1189

2, 7,736745 / 23,83433

1, 1,237104 / 25,06715

0, 4,709066 / 29,77621

1, 0,6577772 / 30,40039

0, 0,0619871 / 30,46238

2, 0,2418497 / 30,67301

1, 0,5547985 / 31,22935

2, 0,7978309 / 32,03064

4, 0,3761705 / 32,402

5, 0,5855608 / 32,43595

2, 0,0339491 / 32,47109

4, 0,0911705 / 32,54665

5, 0,0911705 / 32,54665

1, 0,451402 / 33,01551

0, 0,1783291 / 33,19384

2, 0,3097606 / 33,4598

0, 0,2555452 / 33,71534

1, 0,0262179 / 33,71534

0, 0,5147134 / 34,23005

1, 0,6308846 / 34,8171

0, 0,4128587 / 35,22996

2, 0,2161153 / 35,41959

5, 0,2216167 / 35,44761

0, 0,2985199 / 35,74612

5, 0,0408904 / 35,74612

0, 0,2469627 / 35,99309

2, 0,7997952 / 36,75291

0, 1,67916 / 38,43206

1, 0,0244834 / 38,43206

0, 0,09663019 / 38,52869

1, 0,0564615 / 38,55895

0, 0,7748666 / 39,33381

1, 0,1748493 / 39,48544

0, 0,0862931 / 39,57173

1, 0,1349572 / 39,7015

0, 0,4576288 / 40,15913

1, 0,5984971 / 40,73019

0, 2,371051 / 43,10126

1, 0,8117006 / 43,87662

0, 1,193639 / 45,07026

1, 0,1831248 / 45,23236

0, 0,5823195 / 45,81468

1, 0,1534082 / 45,97171

0, 0,5322055 / 46,50392

1, 0,3010865 / 46,7714

2, 0,182514 / 46,97337

0, 0,3294909 / 47,30286

2, 0,2765114 / 47,55838

1, 0,4607598 / 48,02914

0, 0,4319207 / 48,46106

1, 0,515981 / 48,94881

2, 0,5005926 / 49,47025

4, 0,1387502 / 49,58804

5, 0,3453379 / 49,61856

0, 0,9261985 / 50,54475

1, 0,3214538 / 50,83167

0, 0,3277466 / 51,15942

1, 0,1061167 / 51,21268

0, 0,5390469 / 51,75173

1, 0,2636327 / 51,95534

0, 0,9608921 / 52,91624

1, 0,3529784 / 53,23001

0, 0,0716074 / 53,30162

2, 0,0716074 / 53,35708

1, 0,2150454 / 53,5705

0, 0,3614144 / 53,93191

2, 0,3070857 / 54,19344

0, 0,0802836 / 54,27372

2, 0,0479415 / 54,27372

0, 1,520434 / 55,79416

1, 0,0470827 / 55,79416

0, 0,1330684 / 55,92723

1, 0,2095023 / 56,04707

0, 1,015752 / 57,06282

1, 0,35893 / 57,39394

0, 0,6704853 / 58,06442

1, 0,5720239 / 58,60624

0, 0,1278597 / 58,7341

1, 0,2157443 / 58,91246

StartAnim : touchMagazine / 58,91246

0, 1,703345 / 60,61581

1, 0,9671905 / 61,55335

5, 0,1034135 / 61,68622

4, 0,4495797 / 61,99974

2, 0,0304893 / 62,06185

5, 0,075518 / 62,06185

4, 0,1280427 / 62,18937

2, 0,512072 / 62,70142

1, 0,4873093 / 63,1907

2, 0,0623207 / 63,28343

5, 0,2832196 / 63,54346

0, 0,2880796 / 63,83154

5, 0,0567013 / 63,88346

0, 0,0604196 / 63,94389

2, 0,2284977 / 64,13186

1, 0,1601964 / 64,3257

0, 0,4315624 / 64,75726

1, 0,8171349 / 65,5439

0, 0,8467802 / 66,39069

1, 0,8164664 / 67,17249

2, 0,4247638 / 67,59991

**********------------scene2------------**********

5, 0,3383391 / 0,0274113

4, 2,73136 / 2,762694

2, 3,140518 / 5,897314

1, 1,104461 / 7,003717

0, 0,6943101 / 7,698027

1, 1,970722 / 9,643021

2, 7,041139 / 16,68764

1, 0,887489 / 17,57076

0, 0,1033701 / 17,67414

2, 0,0614446 / 17,70178

1, 2,236456 / 19,94124

0, 1,057505 / 20,99874

1, 7,86693 / 28,82684

0, 0,2185165 / 29,04536

2, 1,485774 / 30,48888

5, 7,81343 / 38,29765

StartAnim : shortLook / 38,82503

2, 0,6417475 / 38,93984

**********------------scene3------------**********

1, 2,332258 / 0,0268685

0, 0,2627172 / 0,2895857

1, 2,157396 / 2,417346

2, 0,8851026 / 3,300601

0, 0,0550603 / 3,355662

1, 0,0550603 / 3,40649

2, 0,1029369 / 3,48526

1, 3,967909 / 7,459345

2, 0,0328375 / 7,483921

0, 0,0598723 / 7,543793

2, 0,2902786 / 7,798705

1, 0,6531387 / 8,459842

0, 0,0516132 / 8,511456

2, 0,9161074 / 9,398787

1, 0,6228973 / 10,02785

2, 0,4592232 / 10,48801

1, 1,0558 / 11,54191

0, 0,1403473 / 11,68225

2, 0,0284693 / 11,68225

0, 0,115896 / 11,79815

2, 0,3193745 / 12,08643

0, 0,0581765 / 12,14461

1, 0,5123162 / 12,62648

2, 0,027731 / 12,65842

0, 0,4274455 / 13,08586

2, 0,0582926 / 13,13434

0, 0,2132637 / 13,34761

1, 4,954917 / 18,261

2, 0,886192 / 19,1438

1, 1,325158 / 20,45373

0, 0,4438203 / 20,89755

1, 0,9290994 / 21,7964

2, 7,332603 / 29,11781

5, 0,6271961 / 29,51523

2, 0,0313589 / 29,54014

5, 0,0838355 / 29,62965

2, 0,1130547 / 29,77499

0, 0,2928645 / 30,06786

2, 0,022151 / 30,06786

0, 0,3168594 / 30,38472

2, 0,2002901 / 30,55537

1, 0,3691718 / 30,92611

0, 0,0594132 / 30,98552

2, 0,2009492 / 31,15478

5, 0,312141 / 31,47007

0, 0,0611695 / 31,53124

4, 0,1710517 / 31,69163

0, 0,2264556 / 31,91808

5, 0,3986879 / 32,28683

StartAnim : armStretch / 32,82596

2, 1,428441 / 33,68349

0, 0,2575942 / 33,94108

2, 0,0195 / 33,94108

1, 0,0587758 / 33,99775

0, 0,0773135 / 34,07507

2, 0,0316031 / 34,07507

1, 0,4135354 / 34,47015

0, 0,0867129 / 34,55686

4, 0,1162085 / 34,63924

0, 0,2300501 / 34,86929

4, 0,0509776 / 34,90136

0, 0,2825814 / 35,18394

2, 0,0721595 / 35,2418

0, 0,6577469 / 35,89954

4, 0,1774875 / 36,04203

0, 0,0595455 / 36,10157

2, 0,0290529 / 36,10157

StartAnim : longLook / 37,10077

StartAnim : handSalute / 37,41848

1, 1,883357 / 37,98573

2, 0,0312984 / 38,01756

0, 0,0531261 / 38,07068

4, 0,6858904 / 38,72668

2, 0,0285142 / 39,01498

5, 0,4536185 / 39,1869

0, 0,0748737 / 39,26178

1, 0,5547945 / 39,77527

2, 0,7168655 / 40,48755

1, 0,3414793 / 40,82722

0, 0,0607432 / 40,88797

2, 0,3736169 / 41,22814

0, 0,0598203 / 41,28796

StartAnim : faceSmile / 41,59858

1, 3,229595 / 44,48907

0, 0,0512336 / 44,54031

1, 0,0828766 / 44,60156

5, 0,029611 / 44,62815

2, 0,8877375 / 45,48707

0, 0,2253551 / 45,71243

2, 0,2550408 / 45,9439

0, 0,0730886 / 46,01699

1, 3,93836 / 49,91127

0, 0,4857086 / 50,39698

2, 1,085578 / 51,45899

0, 0,5130782 / 51,97208

2, 0,0603913 / 51,99684

0, 0,0849651 / 52,08181

2, 0,0311219 / 52,08181

1, 2,983979 / 55,06987

0, 0,6277992 / 55,69767

2, 1,293 / 56,9554

1, 0,5775806 / 57,54075

2, 0,5495585 / 58,08286

StartAnim : LongLook / 58,39587

1, 1,398211 / 59,48109

2, 0,0222709 / 59,51202

0, 0,3463218 / 59,85835

4, 0,5999171 / 60,42616

0, 0,0558974 / 60,48206

2, 0,033602 / 60,48206

4, 0,07998089 / 60,57148

1, 1,03025 / 61,59621

2, 0,0262138 / 61,62761

StartAnim : CaresseEntreCuisse / 62,86775

4, 1,462389 / 63,08152

0, 0,2313016 / 63,31282

4, 0,0327432 / 63,31282

5, 0,0327432 / 63,31282

0, 0,1299991 / 63,44283

2, 0,0597383 / 63,46795

0, 0,1276859 / 63,59563

1, 0,728931 / 64,31299

0, 0,3140038 / 64,62699

2, 0,055915 / 64,66056

0, 0,0824152 / 64,74297

1, 0,755151 / 65,48141

2, 0,294766 / 65,78424

0, 0,0528327 / 65,83707

1, 0,7270564 / 66,54095

2, 0,8000076 / 67,33967

0, 0,0580826 / 67,39775

StartAnim : faceSmile / 68,39745

1, 4,242693 / 71,61115

0, 0,0633785 / 71,67453

**********------------scene4------------**********

1, 0,4144707 / 0,0390057

StartAnim : LongLook / 2,511149

StartAnim : HandSalute / 2,796576

0, 11,62755 / 11,66656

4, 0,4863989 / 12,46649

2, 0,8866543 / 12,52044

4, 0,0297924 / 12,52044

5, 0,0297924 / 12,52044

1, 0,4563414 / 12,97932

2, 0,02669 / 13,00898

0, 0,2121817 / 13,22117

2, 0,1440083 / 13,33711

0, 0,1476416 / 13,48475

4, 0,2762607 / 13,69848

5, 0,6561514 / 14,09571

0, 0,0570857 / 14,15279

StartAnim : LongLook / 14,29797

4, 0,2558406 / 14,43893

3, 0,0303017 / 14,46802

5, 0,343228 / 14,46802

0, 0,0738247 / 14,54185

7, 0,1126854 / 14,60823

0, 0,1624354 / 14,77067

7, 0,2419783 / 14,9849

0, 0,9949405 / 15,97984

2, 0,1972982 / 16,14411

1, 0,6279819 / 16,74942

4, 0,0975742 / 16,93801

4, 0,0676837 / 17,20967

2, 1,130924 / 17,87848

2, 0,0978714 / 18,10726

5, 0,2539453 / 18,14198

4, 0,3279198 / 18,20704

2, 0,2868353 / 18,42248

1, 0,3026925 / 18,72281

2, 0,0558156 / 18,77936

3, 0,0524691 / 19,10863

5, 0,3248332 / 19,10863

0, 0,1164057 / 19,22504

7, 0,2403442 / 19,45349

0, 0,5400249 / 19,99351

2, 0,1671462 / 20,14211

5, 0,0338633 / 20,1656

0, 1,398841 / 21,56444

2, 0,035295 / 21,56444

2, 0,0345164 / 21,62577

StartAnim : EyeBlink / 21,89543

1, 1,882516 / 23,45109

2, 1,567438 / 25,02456

5, 0,2649839 / 25,25394

7, 0,2667847 / 25,52202

0, 0,0766864 / 25,59871

3, 0,0285404 / 25,59871

5, 0,0285404 / 25,59871

2, 0,3879788 / 25,96455

1, 0,6286849 / 26,59497

2, 0,1959141 / 26,77944

0, 0,0491989 / 26,82864

2, 0,8002883 / 27,60791

1, 1,158498 / 28,76261

2, 0,0243894 / 28,78669

4, 0,0243894 / 28,78669

5, 0,0243894 / 28,78669

1, 0,0240785 / 28,82208

2, 0,3511131 / 29,16336

StartAnim : OpenLegs / 29,96269

1, 1,011169 / 30,1629

2, 0,4756469 / 30,65274

5, 0,7156932 / 31,26282

2, 0,4989394 / 31,76246

1, 0,4264619 / 32,18045

2, 0,233013 / 32,44044

5, 0,5986134 / 32,97995

0, 0,2702397 / 33,25019

2, 1,130403 / 34,36313

4, 0,951516 / 35,47698

5, 2,459129 / 36,52051

4, 0,699554 / 36,54996

2, 0,3836038 / 36,90522

1, 0,4295813 / 37,33889

2, 1,344305 / 38,68087

5, 0,2455274 / 38,90958

StartAnim : touchCouchInvite / 39,00495

0, 0,5675408 / 39,47712

2, 0,1322599 / 39,58552

0, 0,3765494 / 39,96207

1, 0,5584686 / 40,50505

2, 0,0256155 / 40,52717

0, 0,2094582 / 40,73663

2, 0,0407271 / 40,7627

StartAnim : FaceSmile / 40,79762

1, 1,560411 / 42,32214

2, 1,482989 / 43,80537

0, 0,4445389 / 44,24991

4, 0,7273158 / 44,96267

0, 0,0438937 / 45,00657

4, 0,08916771 / 45,08735

1, 0,6474875 / 45,71984

0, 0,6015112 / 46,32134

2, 0,9712559 / 47,26574

0, 0,540325 / 47,80607

4, 0,5841312 / 48,36566

0, 0,0561598 / 48,42182

1, 0,6550108 / 49,04827

5, 0,384985 / 49,65079

2, 0,6862436 / 49,73674

1, 0,3427567 / 50,07638

2, 1,84352 / 51,90612

0, 0,0562602 / 51,96238

**********------------scene5------------**********

1, 0,4131434 / 0,026614

0, 0,2297915 / 0,2564055

1, 0,0551275 / 0,6562675

2, 0,4565152 / 0,6892335

5, 0,6593656 / 1,341648

2, 0,2256679 / 1,573392

0, 0,4268424 / 2,000235

1, 0,4010896 / 2,371368

0, 0,1419538 / 2,513322

1, 0,0268712 / 2,513322

0, 0,0846126 / 2,597935

1, 0,8331727 / 3,403057

2, 0,235333 / 3,631531

0, 0,3683953 / 3,999926

2, 0,1742196 / 4,141294

4, 0,2140785 / 4,618776

5, 0,4813598 / 4,618776

2, 0,0490218 / 4,66982

4, 0,1719273 / 4,861979

5, 0,1719273 / 4,861979

1, 0,2543824 / 5,100573

2, 0,0558693 / 5,156603

5, 0,7829515 / 5,929362

2, 0,0169018 / 5,954121

5, 0,1277342 / 6,084137

2, 0,31563 / 6,397618

1, 0,2436766 / 6,643253

2, 0,8020872 / 7,441799

1, 0,3113054 / 7,756583

2, 0,1989787 / 7,954127

0, 0,5142675 / 8,468394

1, 0,8156741 / 9,259527

StartAnim : ShortLook / 9,658422

2, 0,860608 / 10,12944

StartAnim : FaceSmile / 10,63979

1, 2,056032 / 12,15869

2, 1,886723 / 14,05739

1, 0,5998369 / 14,66005

2, 0,3586159 / 15,01477

1, 0,8561288 / 15,87182

2, 0,912675 / 16,77219

4, 0,0447406 / 17,09912

5, 0,7013378 / 17,48516

2, 0,0514917 / 17,52887

1, 0,0215382 / 17,55534

2, 0,0520894 / 17,59796

1, 1,603965 / 19,21444

0, 0,387337 / 19,60177

StartAnim : OpenLegs / 20,12786

1, 1,145054 / 20,72705

2, 0,0259272 / 20,75116

5, 1,20039 / 21,95644

0, 0,0584246 / 22,01487

StartAnim : TouchCouchInvite / 22,44085

5, 0,5286822 / 22,51028

2, 0,3995724 / 22,90274

StartAnim : LongLook / 22,95403

StartAnim : FaceSmile / 23,35566

5, 0,9808339 / 23,87015

2, 0,0569851 / 23,9285

5, 0,0842056 / 23,99977

1, 0,8755855 / 24,88452

2, 0,4720285 / 25,35494

5, 0,8002127 / 26,15494

0, 0,8593299 / 27,01427

5, 0,75814 / 27,75466

0, 0,257898 / 28,01256

5, 0,8734532 / 28,86861

2, 0,4565645 / 29,17086

3, 0,0607197 / 29,28349

5, 0,7028283 / 29,8825

2, 0,0253323 / 29,90532

5, 0,106192 / 29,99867

1, 0,3236466 / 30,32752

2, 0,3983251 / 30,72763

StartAnim : PenisTouch / 31,75426

4, 0,7031149 / 31,82684

StartAnim : ShortLook / 32,37178

4, 0,5534417 / 32,5014

4, 0,0610971 / 32,68462

4, 0,1139785 / 33,61792

4, 0,0442171 / 33,80521

5, 3,072876 / 33,80521

2, 0,0216659 / 33,83727

5, 0,1063375 / 33,9283

StartAnim : CloseEyes / 35,05638

1, 1,216778 / 35,15509

2, 0,0551239 / 35,19682

4, 0,619793 / 35,83941

5, 0,6331591 / 35,83941

2, 0,022788 / 35,87454

4, 0,1172502 / 35,98655

5, 0,1172502 / 35,98655

1, 0,4436724 / 36,42561

2, 0,1556114 / 36,60384

4, 0,2124346 / 36,84043

5, 0,5897207 / 37,08423

2, 0,0483654 / 37,13182

1, 0,4480288 / 37,58517

2, 0,060434 / 37,6597

StartAnim : OpenEyes / 37,87173

4, 0,2975358 / 38,02941

StartAnim : StartErect / 38,17151

5, 3,668008 / 41,31563

0, 0,6810997 / 41,99672

4, 0,1978532 / 42,66936

5, 0,6864205 / 42,66936

2, 0,0294437 / 42,71638

StartAnim : CloseEyes / 43,01416

1, 0,4421342 / 43,12575

2, 0,2483489 / 43,38403

4, 0,2143002 / 43,59651

StartAnim : OpenEyes / 44,53966

5, 1,341117 / 44,71397

0, 0,1708744 / 44,88484

4, 0,5391909 / 45,61406

5, 0,7674525 / 45,64119

2, 0,074476 / 45,70065

1, 0,3810375 / 46,09811

2, 0,0285392 / 46,127

4, 0,8699122 / 47,01633

4, 0,1147755 / 47,16896

4, 0,0200931 / 47,52921

5, 1,403117 / 47,52921

2, 0,0594809 / 47,5869

StartAnim : CloseEyes / 47,90402

1, 0,5197042 / 48,10108

2, 0,0487734 / 48,15329

4, 0,9273437 / 49,08409

5, 1,424261 / 49,57091

2, 0,0695469 / 49,62178

1, 0,5022175 / 50,12859

2, 0,0579945 / 50,20224

StartAnim : OpenEyes / 50,28349

4, 0,1997017 / 50,42242

StartAnim : StopTouchPenis / 50,75263

4, 0,0276871 / 51,2697

5, 1,370106 / 51,54323

0, 0,09632219 / 51,63955

StartAnim : TouchCouchInvite / 51,71712

4, 0,3307229 / 51,95442

0, 0,0429818 / 51,9974

4, 0,6296942 / 52,61187

0, 0,4719698 / 53,08383

2, 0,0158874 / 53,08383

**********------------scene6------------**********

1, 1,359354 / 0,0261962

0, 0,1463341 / 0,1725303

2, 0,1822576 / 0,3614658

5, 0,2616366 / 0,5876765

StartAnim : OpenLegs / 0,7065045

2, 0,494649 / 1,101601

1, 0,2617643 / 1,355501

0, 0,0609714 / 1,416472

2, 0,1178449 / 1,500585

0, 0,1324022 / 1,632987

2, 0,026592 / 1,632987

3, 0,2644843 / 1,869753

5, 1,73818 / 3,397114

2, 0,0699522 / 3,460028

1, 0,5007622 / 3,971381

0, 0,0442451 / 4,015626

2, 1,014414 / 5,016963

1, 0,7860484 / 5,797891

2, 0,6983194 / 6,499599

4, 0,0828842 / 6,572622

StartAnim : LongLook / 6,855709

StartAnim : StartTouchPenis / 6,911587

4, 0,533164 / 7,512179

2, 0,0244184 / 7,537553

4, 0,1011576 / 7,641413

5, 1,143174 / 7,641413

2, 0,0280761 / 7,673023

0, 0,1586713 / 7,831694

2, 0,642416 / 8,441062

4, 1,53969 / 9,971638

5, 1,556461 / 9,996977

StartAnim : CloseEyes / 10,02456

0, 0,0532953 / 10,05027

4, 0,0753277 / 10,10275

5, 0,0753277 / 10,10275

2, 0,0304431 / 10,14394

1, 0,2530203 / 10,40395

2, 0,0481777 / 10,4265

3, 0,0531525 / 10,48591

4, 0,0123204 / 10,65874

4, 0,0269116 / 10,71239

5, 0,3084478 / 10,74098

0, 0,3283606 / 11,06934

4, 0,0276568 / 11,06934

5, 0,0276568 / 11,06934

0, 0,3572031 / 11,42654

StartAnim : OpenEyes / 11,95679

4, 0,8991189 / 12,30078

5, 0,9289344 / 12,3303

2, 0,572737 / 12,87651

1, 0,7694442 / 13,64199

2, 0,0717476 / 13,71108

4, 0,1619724 / 14,03061

5, 0,333502 / 14,03061

0, 0,3667205 / 14,39734

3, 0,0270535 / 14,39734

4, 0,6858847 / 15,08532

5, 0,6858847 / 15,08532

2, 0,0595963 / 15,14312

1, 1,481736 / 16,62623

2, 0,3740744 / 17,01785

4, 1,770601 / 18,77513

5, 1,91601 / 18,77513

2, 0,0325839 / 18,80741

4, 0,1096895 / 18,93234

5, 0,1096895 / 18,93234

0, 0,0531963 / 18,98554

StartAnim : CloseEyes / 19,1981

1, 0,4224229 / 19,37585

0, 0,0494048 / 19,42525

2, 0,1859152 / 19,57929

0, 0,4357064 / 20,015

2, 0,553793 / 20,55527

0, 0,1568843 / 20,71216

2, 0,5994872 / 21,2725

StartAnim : OpenEyes / 21,82505

4, 0,6737723 / 21,95623

5, 0,6737723 / 21,95623

2, 0,0865151 / 22,04026

1, 1,654198 / 23,69638

2, 0,3442096 / 24,05984

StartAnim : CloseEyes / 24,64288

5, 0,9263538 / 24,72824

4, 0,9284403 / 24,97758

0, 0,1252239 / 25,10281

4, 0,0759532 / 25,12328

5, 0,0445458 / 25,12328

0, 0,0951824 / 25,21846

1, 1,416077 / 26,62611

0, 0,0435281 / 26,66964

StartAnim : FastPenisTouch / 26,82543

StartAnim : OpenEyes / 26,98308

2, 0,5460787 / 27,19745

4, 0,8867391 / 28,0844

5, 0,8867391 / 28,0844

2, 0,025467 / 28,12173

1, 0,4285239 / 28,52752

2, 0,0146002 / 28,55426

StartAnim : CloseEyes / 28,596

4, 0,4736226 / 29,05591

5, 0,5003559 / 29,05591

0, 0,157368 / 29,21328

StartAnim : OpenEyes / 29,49562

5, 0,9410966 / 30,14362

4, 1,738859 / 30,9267

StartAnim : CloseEyes / 31,05962

5, 0,7891712 / 31,12822

0, 1,043759 / 32,17198

4, 0,0245715 / 32,19745

5, 0,0431169 / 32,19745

2, 0,0599763 / 32,25513

StartAnim : OpenEyes / 32,77031

1, 0,538343 / 32,79633

2, 0,0496022 / 32,84136

4, 0,2313987 / 33,17362

5, 0,3090289 / 33,17362

StartAnim : PenisEjac / 33,40543

2, 0,2990742 / 33,45908

4, 1,226821 / 34,68459

5, 1,249401 / 34,68459

0, 0,9989231 / 35,68351

7, 0,0574707 / 35,7309

0, 0,1097254 / 35,84062

7, 0,0444088 / 35,86557

StartAnim : StopTouchPenis / 36,39697

0, 0,7886996 / 36,65427

4, 0,1156276 / 36,73962

StartAnim : DeErect / 37,23883

5, 1,258779 / 37,88423

0, 0,0553996 / 37,93963

4, 0,3544139 / 38,25585

0, 0,3413789 / 38,59723

5, 0,7158659 / 39,28307

2, 0,0509625 / 39,32936

1, 0,3760267 / 39,70107

2, 0,0184912 / 39,72659

0, 0,1018965 / 39,82849

1, 0,0156501 / 39,82849

5, 0,4435679 / 40,28263

0, 0,3557972 / 40,63843

5, 0,09893391 / 40,70012

0, 0,1585336 / 40,85866

**********------------Fin_Relaxation------------**********

