**********------------scene1------------**********

0, 0,1615459 / 0,1615459

2, 0,2062381 / 0,3100069

0, 0,5137632 / 0,8237701

2, 5,524953 / 6,308852

0, 0,0884821 / 6,397334

2, 1,098658 / 7,434684

0, 2,835985 / 10,27067

2, 0,5560316 / 10,78019

0, 0,9417893 / 11,72198

2, 1,168969 / 12,85115

5, 0,029963 / 12,89101

0, 0,3894679 / 13,28048

4, 0,0974063 / 13,34376

5, 0,0231682 / 13,37976

2, 1,377122 / 14,75776

0, 0,4378371 / 15,1956

2, 2,991309 / 18,13684

0, 1,140547 / 19,27739

2, 1,842155 / 21,09185

0, 2,241992 / 23,33384

2, 0,466404 / 23,76245

0, 0,2604227 / 24,02288

2, 0,0319341 / 24,02288

0, 0,897962 / 24,92084

2, 0,2282655 / 25,14928

5, 0,0569285 / 25,18397

2, 0,559292 / 25,73541

5, 0,554966 / 26,19958

0, 1,68089 / 27,88047

5, 0,187594 / 28,02087

2, 0,2311588 / 28,24155

0, 1,151936 / 29,39349

2, 0,121038 / 29,49401

4, 0,0452577 / 29,52227

0, 1,113177 / 30,63545

4, 0,2137903 / 30,80229

0, 2,156386 / 32,95866

5, 0,319604 / 34,59529

2, 1,847463 / 34,75986

0, 2,162597 / 36,92247

4, 0,9519245 / 37,83305

5, 0,3410368 / 38,15106

4, 0,3561124 / 38,36462

0, 2,428625 / 40,79325

3, 0,0632531 / 40,81923

0, 1,098294 / 41,91751

3, 0,0252892 / 41,91751

0, 0,1880731 / 42,10558

4, 0,0397687 / 42,29056

3, 0,4424388 / 42,51368

0, 0,4660558 / 42,97974

4, 0,2728656 / 43,22181

2, 0,0613232 / 43,29027

4, 0,0372943 / 43,3328

0, 0,0738855 / 43,40669

6, 0,0738855 / 43,44878

0, 0,0622575 / 43,51104

6, 0,0311615 / 43,51104

4, 0,0696442 / 43,59119

0, 0,247872 / 43,83906

3, 0,0416812 / 43,83906

0, 2,871386 / 46,71045

3, 0,0263353 / 46,71045

0, 5,766905 / 52,47737

2, 0,7338085 / 53,18996

5, 0,9263455 / 54,10409

2, 1,857835 / 55,96788

5, 0,0328664 / 56,00423

4, 0,0363518 / 56,03541

0, 0,1851257 / 56,22054

4, 0,8620359 / 57,06129

5, 0,3586695 / 57,37396

StartAnim : touchMagazine / 58,90564

2, 1,84139 / 59,19136

5, 0,4956617 / 59,64846

2, 2,734565 / 62,38857

5, 0,8094783 / 63,19175

2, 0,8609926 / 63,94712

2, 0,0306773 / 64,01112

4, 0,0333149 / 64,04553

5, 0,1368102 / 64,07752

0, 0,2108872 / 64,28841

2, 0,2042078 / 64,47662

4, 0,0661833 / 64,5364

5, 0,2005798 / 64,67691

2, 0,7603611 / 65,43443

0, 0,855884 / 66,29031

2, 0,8010217 / 67,07489

5, 0,036057 / 67,10928

0, 0,0731381 / 67,18242

5, 0,0202726 / 67,22017

**********------------scene2------------**********

2, 0,7821985 / 0,0425523

0, 0,0719797 / 0,114532

4, 0,5589641 / 0,6416678

2, 0,0401515 / 0,6865019

5, 0,0448341 / 0,7412387

2, 0,0547368 / 0,7734455

0, 0,4554631 / 1,228909

2, 0,1448378 / 1,341

0, 1,257091 / 2,598092

3, 0,0446184 / 2,598092

0, 4,056448 / 6,654542

2, 0,0438544 / 6,654542

0, 5,242852 / 11,8974

2, 0,2320891 / 12,07078

0, 0,6860966 / 12,75688

4, 0,119597 / 12,83131

0, 1,521952 / 14,35326

3, 0,0405499 / 14,35326

0, 1,939013 / 16,29227

2, 0,5731356 / 16,85026

0, 4,463613 / 21,31386

2, 0,1574843 / 21,43853

0, 0,8296624 / 22,26819

2, 0,1746378 / 22,42183

0, 1,614578 / 24,03641

2, 0,270193 / 24,28077

0, 1,407918 / 25,68869

2, 0,2225187 / 25,87858

0, 0,1472493 / 26,02583

5, 0,0445565 / 26,05038

2, 0,2638396 / 26,32178

0, 0,1612156 / 26,48299

3, 0,0341213 / 26,48299

0, 1,946064 / 28,42905

3, 0,0379037 / 28,42905

0, 1,308793 / 29,73785

3, 0,041135 / 29,73785

0, 1,126333 / 30,86418

3, 0,0597095 / 30,89405

0, 0,1269243 / 31,02097

2, 0,0718644 / 31,04531

0, 0,9182459 / 31,96356

3, 0,1418481 / 32,09374

0, 0,3538473 / 32,44759

2, 0,2396551 / 32,66305

0, 1,258348 / 33,92141

2, 0,6458985 / 34,53347

0, 0,4719521 / 35,00542

2, 0,7281778 / 35,70833

0, 2,559057 / 38,26742

StartAnim : shortLook / 38,82188

2, 2,228476 / 40,46875

0, 0,0648545 / 40,53361

**********------------scene3------------**********

2, 0,7534729 / 0,0332011

0, 0,5658088 / 0,5990099

2, 0,3275373 / 0,9014111

0, 0,166388 / 1,067799

2, 0,4118186 / 1,430079

0, 0,0960046 / 1,526084

2, 0,0516792 / 1,526084

0, 3,232505 / 4,758588

6, 0,0327056 / 4,758588

0, 0,6872782 / 5,445866

2, 0,427898 / 5,845057

0, 0,5730407 / 6,418098

2, 0,8782896 / 7,276022

0, 0,7685195 / 8,044541

4, 0,0842357 / 8,102713

0, 0,1965518 / 8,299265

2, 0,2310406 / 8,501175

0, 1,655043 / 10,15622

2, 1,039509 / 11,17064

0, 0,0631057 / 11,23375

2, 0,08611991 / 11,2843

4, 0,0275337 / 11,31671

2, 2,032509 / 13,34354

0, 0,0559049 / 13,39945

2, 0,9112009 / 14,28372

0, 1,634399 / 15,91812

2, 0,4298337 / 16,31519

0, 1,314192 / 17,62938

2, 0,7687111 / 18,3704

0, 0,9425412 / 19,31294

2, 0,2076846 / 19,49089

4, 0,0279104 / 19,51405

2, 0,5381537 / 20,05362

0, 0,5997922 / 20,65341

2, 2,854182 / 23,48393

0, 0,1701263 / 23,65406

2, 0,1168312 / 23,7644

StartAnim : armStretch / 32,82932

0, 9,149192 / 32,9136

3, 0,0273931 / 32,9136

0, 0,5144409 / 33,42804

2, 1,341587 / 34,74236

0, 1,915089 / 36,65744

2, 0,1148553 / 36,76385

0, 0,362659 / 37,12651

StartAnim : longLook / 37,12651

StartAnim : handSalute / 37,4106

2, 0,4853186 / 37,58336

0, 0,2587675 / 37,84212

2, 1,403932 / 39,2419

0, 0,2299151 / 39,47182

4, 0,0611586 / 39,52069

0, 0,048058 / 39,56875

2, 0,0182976 / 39,56875

0, 0,2296027 / 39,79835

2, 0,393137 / 40,16789

0, 0,4875139 / 40,65541

2, 0,4795711 / 41,1116

0, 0,4350332 / 41,54663

StartAnim : faceSmile / 41,59824

2, 4,311914 / 45,82534

0, 0,1947 / 46,02004

2, 1,673134 / 47,63916

0, 0,143645 / 47,7828

2, 0,0139532 / 47,7828

0, 0,1438895 / 47,9267

2, 0,1087499 / 47,99131

0, 0,0482993 / 48,0396

2, 0,2504131 / 48,27208

0, 0,2557474 / 48,52784

4, 1,258761 / 49,75368

0, 0,1944757 / 49,94816

4, 0,0787581 / 49,967

2, 0,1659801 / 50,16404

0, 1,875469 / 52,03949

4, 0,0269059 / 52,03949

0, 1,429435 / 53,46893

2, 0,0224626 / 53,46893

0, 1,230483 / 54,69941

3, 0,0580994 / 54,72862

0, 1,086759 / 55,81538

2, 0,0278376 / 55,81538

StartAnim : LongLook / 58,41319

0, 2,939627 / 58,755

2, 0,5413439 / 59,27467

0, 0,0520848 / 59,32676

2, 0,3382732 / 59,63948

0, 0,800151 / 60,43964

StartAnim : CaresseEntreCuisse / 62,85313

5, 0,0260726 / 63,48277

4, 3,485223 / 63,89624

5, 2,473374 / 65,98614

4, 1,431572 / 66,38659

5, 0,0537984 / 66,4399

0, 0,1131639 / 66,55306

2, 0,01494 / 66,55306

0, 1,002839 / 67,55591

2, 0,0293287 / 67,55591

0, 0,1402175 / 67,69613

StartAnim : faceSmile / 68,40995

2, 1,887162 / 69,55766

0, 0,1822265 / 69,73987

**********------------scene4------------**********

2, 2,533134 / 0,2175649

0, 0,345258 / 0,5628229

2, 1,253356 / 1,791693

5, 0,0284331 / 1,819121

0, 0,11424 / 1,933361

StartAnim : LongLook / 2,547684

StartAnim : HandSalute / 2,833393

2, 2,639823 / 4,545885

4, 0,0288275 / 4,567576

5, 0,0288275 / 4,567576

2, 2,08426 / 6,647733

4, 0,5281572 / 6,647733

0, 0,0684571 / 6,71619

2, 0,0289677 / 6,71619

4, 0,0289677 / 6,71619

0, 0,055747 / 6,771937

2, 1,242386 / 7,974122

4, 1,242386 / 7,974122

0, 0,1005914 / 8,074714

2, 0,5976802 / 8,637317

4, 0,5976802 / 8,637317

0, 0,0780937 / 8,71541

5, 0,4118041 / 9,102868

4, 3,725651 / 12,41505

2, 5,158403 / 14,25825

4, 1,680192 / 14,25825

StartAnim : LongLook / 14,30361

0, 0,19049 / 14,44874

2, 5,741588 / 20,16043

4, 5,741588 / 20,16043

0, 0,0723758 / 20,23281

2, 0,0213968 / 20,23281

4, 0,0213968 / 20,23281

0, 0,226152 / 20,45896

2, 1,339967 / 21,77152

4, 1,339967 / 21,77152

0, 0,1260547 / 21,89758

StartAnim : EyeBlink / 21,91901

2, 0,7085711 / 22,63295

4, 0,7893315 / 22,63295

0, 0,0598381 / 22,69279

4, 0,1158776 / 23,51919

4, 0,0133472 / 23,64621

4, 1,801232 / 26,36012

StartAnim : OpenLegs / 29,98736

4, 4,644104 / 31,1764

4, 0,0762131 / 31,26438

2, 9,068152 / 31,71618

4, 0,015052 / 31,74629

5, 0,015052 / 31,74629

0, 0,054691 / 31,80098

5, 0,028271 / 31,80098

2, 1,343858 / 33,17209

4, 1,372129 / 33,17209

5, 0,0421918 / 33,17209

0, 0,059744 / 33,23184

2, 1,422628 / 34,61679

4, 1,422628 / 34,61679

0, 0,1131902 / 34,72998

5, 0,3963702 / 35,1018

2, 1,37263 / 36,10535

5, 0,0282471 / 36,13091

2, 0,0255613 / 36,16122

5, 0,2579092 / 36,41502

4, 2,578613 / 37,27716

2, 1,854318 / 38,04499

0, 0,0565438 / 38,10153

2, 0,0217362 / 38,10153

0, 0,099669 / 38,2012

StartAnim : touchCouchInvite / 39,01507

2, 1,78067 / 39,94645

5, 0,0512929 / 39,94645

0, 0,06658719 / 40,01304

2, 0,0169786 / 40,01304

5, 0,4844987 / 40,50083

StartAnim : FaceSmile / 40,81348

5, 0,1080172 / 41,44606

5, 0,5300243 / 44,25735

2, 5,930712 / 45,98775

5, 0,0170258 / 46,01476

0, 0,0507575 / 46,06552

5, 0,8849274 / 46,91862

5, 0,0256836 / 47,74496

2, 2,185982 / 48,61436

5, 0,7995511 / 49,37078

2, 0,826548 / 49,91555

5, 0,0621415 / 49,95771

0, 0,2338998 / 50,19161

5, 0,0418292 / 50,21326

0, 0,1178789 / 50,33114

5, 0,5921715 / 50,89917

**********------------scene5------------**********

2, 1,761258 / 0,0317872

3, 0,1704675 / 0,1990171

5, 0,9917026 / 0,2580549

2, 1,116488 / 1,345127

5, 0,0280651 / 1,345127

3, 0,0296224 / 1,371078

0, 0,7921246 / 2,163203

5, 0,5030804 / 2,648111

0, 0,1044269 / 2,752538

2, 0,0970657 / 2,804625

5, 0,1122016 / 2,920624

5, 0,0465131 / 2,978679

2, 0,6116561 / 3,615338

4, 0,8155174 / 3,615338

0, 0,1727524 / 3,78809

2, 0,6169003 / 4,37064

5, 0,4378517 / 4,856694

4, 1,346303 / 5,12313

4, 0,0935688 / 5,582007

2, 1,527083 / 6,373235

4, 0,6811349 / 6,373235

0, 0,1293516 / 6,502587

4, 0,0195221 / 6,700431

4, 0,0215322 / 6,771625

4, 0,0650687 / 6,848889

4, 1,137849 / 8,012339

StartAnim : ShortLook / 9,657001

2, 3,911469 / 10,38479

StartAnim : FaceSmile / 10,63221

2, 0,0255263 / 10,68566

4, 2,528121 / 10,68566

0, 0,0426308 / 10,72829

4, 0,0235638 / 10,72829

0, 0,0746539 / 10,80294

2, 3,619363 / 14,41438

4, 3,636803 / 14,41438

0, 0,0441046 / 14,45849

2, 3,017847 / 17,49833

4, 3,061952 / 17,49833

0, 0,0429578 / 17,54128

StartAnim : OpenLegs / 20,14279

5, 0,0261336 / 20,87027

4, 4,202034 / 21,72624

StartAnim : TouchCouchInvite / 22,4286

StartAnim : LongLook / 22,97076

2, 5,425323 / 23,02869

0, 0,0884795 / 23,11717

5, 0,0226117 / 23,11717

StartAnim : FaceSmile / 23,36947

2, 1,073233 / 24,20005

5, 0,027521 / 24,20005

0, 0,0714729 / 24,27153

5, 0,0252956 / 24,27153

2, 0,3434633 / 24,61284

2, 0,0152758 / 24,89861

3, 0,0552058 / 25,31402

3, 0,1416378 / 25,59637

3, 0,2288098 / 25,94395

5, 1,95796 / 26,57065

2, 0,1735636 / 26,74172

5, 0,7484161 / 27,44077

2, 0,5460389 / 27,77109

5, 0,0481571 / 27,77109

0, 0,0582541 / 27,82935

2, 0,0131929 / 27,82935

0, 0,0581798 / 27,88753

5, 0,1066639 / 27,94944

5, 0,3040342 / 28,84228

4, 0,8310366 / 31,25528

StartAnim : PenisTouch / 31,74178

StartAnim : ShortLook / 32,38598

5, 0,0602185 / 32,98669

5, 0,0750273 / 33,81129

5, 0,1023328 / 33,9407

StartAnim : CloseEyes / 35,05309

2, 9,868893 / 37,74527

4, 0,0237823 / 37,79096

2, 0,0219049 / 37,81799

StartAnim : OpenEyes / 37,87801

4, 0,1033425 / 37,91803

4, 0,241285 / 38,18503

StartAnim : StartErect / 38,18503

4, 0,053038 / 38,38588

2, 0,1125088 / 38,65777

5, 1,171881 / 38,91398

2, 0,0159364 / 38,94178

5, 0,1167698 / 39,05744

2, 1,514126 / 40,57107

5, 0,031763 / 40,57107

0, 0,0510237 / 40,62209

5, 0,0771818 / 40,72609

5, 0,4032264 / 42,62754

2, 2,142418 / 42,75029

5, 0,0151493 / 42,75029

0, 0,0487317 / 42,79902

StartAnim : CloseEyes / 42,99928

StartAnim : OpenEyes / 44,5402

2, 1,78992 / 44,56483

5, 0,0457228 / 44,61074

2, 0,0248154 / 44,6497

0, 0,0476119 / 44,69731

2, 0,1086784 / 44,78779

5, 0,3334823 / 45,10471

2, 1,810737 / 46,62852

0, 0,0830008 / 46,71152

5, 0,2420241 / 46,94001

0, 0,04354 / 46,98355

2, 0,1317703 / 47,09752

5, 0,0461515 / 47,1403

StartAnim : CloseEyes / 47,89838

2, 1,410254 / 48,54101

0, 0,0433141 / 48,58432

StartAnim : OpenEyes / 50,27092

StartAnim : StopTouchPenis / 50,74001

StartAnim : TouchCouchInvite / 51,71636

2, 4,618732 / 53,18639

0, 0,08368439 / 53,27008

2, 0,0243127 / 53,27008

0, 0,0639131 / 53,33399

**********------------scene6------------**********

2, 1,131269 / 0,0232194

0, 0,1654936 / 0,188713

2, 0,0818352 / 0,2141461

0, 0,0500234 / 0,2641695

StartAnim : OpenLegs / 0,7240173

2, 3,823554 / 4,064585

0, 0,0431336 / 4,107718

2, 0,021958 / 4,107718

4, 0,0211756 / 4,139221

StartAnim : LongLook / 6,868104

StartAnim : StartTouchPenis / 6,926408

2, 3,599958 / 7,736077

5, 0,028399 / 7,764984

2, 0,2878265 / 8,053636

2, 0,0259116 / 8,094045

4, 0,0792518 / 8,170576

2, 0,0623073 / 8,240272

4, 0,0191662 / 8,263474

4, 0,0622616 / 8,358088

5, 1,430149 / 9,222267

StartAnim : CloseEyes / 10,05416

StartAnim : OpenEyes / 11,97719

2, 5,998909 / 15,21953

0, 0,0977268 / 15,31726

StartAnim : CloseEyes / 19,21441

2, 3,987224 / 19,26773

0, 0,0574748 / 19,32521

2, 0,898828 / 20,19914

0, 0,1111065 / 20,31025

2, 1,280544 / 21,55426

0, 0,1046599 / 21,65892

StartAnim : OpenEyes / 21,85835

StartAnim : CloseEyes / 24,64018

StartAnim : FastPenisTouch / 26,84914

StartAnim : OpenEyes / 26,96613

StartAnim : CloseEyes / 28,62044

StartAnim : OpenEyes / 29,5055

StartAnim : CloseEyes / 31,04869

2, 10,67321 / 32,28173

0, 0,0414893 / 32,32322

2, 0,025196 / 32,32322

0, 0,0739192 / 32,39714

StartAnim : OpenEyes / 32,7764

StartAnim : PenisEjac / 33,36463

StartAnim : StopTouchPenis / 36,40659

2, 4,270855 / 36,63603

4, 0,0148214 / 36,66278

5, 0,0148214 / 36,66278

StartAnim : DeErect / 37,24961

5, 0,2517473 / 37,28751

2, 1,690853 / 38,35279

0, 0,0548336 / 38,40763

**********------------Fin_Relaxation------------**********

