**********------------scene1------------**********

0, 0,1994606 / 0,1994606

1, 0,033053 / 0,1994606

0, 0,5162079 / 0,7156684

3, 0,2727765 / 0,9541731

0, 0,08213291 / 1,036306

1, 0,628572 / 1,616443

0, 0,2188945 / 1,835338

2, 0,0743312 / 1,835338

0, 0,0825817 / 1,917919

2, 0,4487943 / 2,333436

5, 0,3657053 / 2,683255

4, 0,0334172 / 2,717233

0, 0,6506436 / 3,367877

1, 0,62938 / 3,983967

0, 0,8708489 / 4,854816

1, 0,6785102 / 5,486498

0, 0,0818857 / 5,568383

1, 0,1982016 / 5,718225

2, 0,0335256 / 5,75095

5, 0,2954962 / 6,054107

2, 0,0894803 / 6,093547

0, 0,5576262 / 6,651174

2, 0,4208501 / 7,035594

0, 0,060271 / 7,095864

1, 1,451586 / 8,519397

0, 0,5367093 / 9,056107

1, 0,220724 / 9,238512

0, 0,1157364 / 9,354248

3, 0,4014186 / 9,686649

0, 0,06627969 / 9,75293

2, 0,3829412 / 10,09312

0, 0,0856044 / 10,17872

3, 0,1929264 / 10,31979

0, 0,072872 / 10,39267

1, 1,166968 / 11,52034

0, 0,8007206 / 12,32106

4, 0,033683 / 12,32106

4, 0,2999103 / 12,72511

5, 0,6103165 / 12,92334

2, 0,2822385 / 13,02126

5, 0,0979265 / 13,05364

0, 0,7609228 / 13,81456

2, 0,1393522 / 13,95818

1, 0,9793919 / 14,92216

2, 0,0477223 / 14,95664

0, 2,938957 / 17,89561

1, 1,447063 / 19,33977

2, 0,7265241 / 20,05664

0, 0,5499213 / 20,60657

5, 0,395016 / 20,9577

2, 0,2366787 / 21,18995

1, 0,4627761 / 21,65893

2, 0,9878967 / 22,63811

1, 1,780234 / 24,42466

0, 0,1338668 / 24,55853

1, 0,47789 / 25,01353

0, 0,6447177 / 25,65825

2, 0,0324392 / 25,65825

0, 0,1853348 / 25,84358

2, 0,5550137 / 26,335

0, 0,143435 / 26,47844

4, 0,6338251 / 27,07789

0, 0,1152058 / 27,19309

2, 0,3744754 / 27,48321

0, 0,0806091 / 27,56381

2, 0,4772776 / 27,99444

0, 0,0646603 / 28,0591

1, 0,4484848 / 28,47756

0, 0,0601302 / 28,53769

3, 0,0315989 / 28,53769

0, 0,7181452 / 29,25584

3, 0,4825513 / 29,70966

0, 0,3674913 / 30,07714

3, 0,1868719 / 30,22777

0, 0,6655623 / 30,89333

3, 0,3835667 / 31,24326

4, 0,0328121 / 31,2772

0, 0,0591302 / 31,33633

5, 0,0893658 / 31,39472

0, 0,0681315 / 31,46285

2, 0,0263685 / 31,46285

5, 0,041763 / 31,49672

0, 0,0525029 / 31,54922

1, 0,3013117 / 31,82327

0, 0,5993187 / 32,42259

2, 0,7167351 / 33,11282

0, 0,1073041 / 33,22012

1, 0,8497146 / 34,02404

0, 3,489235 / 37,51329

1, 0,560395 / 38,04756

0, 0,0691231 / 38,11668

1, 0,0992829 / 38,19759

0, 0,5274374 / 38,72503

4, 0,1039376 / 38,7992

0, 0,3647242 / 39,16393

1, 1,53538 / 40,65311

0, 0,4620933 / 41,11521

1, 1,32274 / 42,40961

0, 0,07299221 / 42,4826

1, 0,4434726 / 42,89859

3, 0,0789467 / 42,96574

1, 0,0337162 / 42,9996

3, 0,4043549 / 43,41566

0, 0,1191168 / 43,53477

3, 0,1191168 / 43,56536

0, 1,13344 / 44,69881

1, 4,017426 / 48,68537

2, 0,0347599 / 48,71749

0, 0,1802568 / 48,89774

3, 0,0613409 / 48,93465

0, 0,3889041 / 49,32355

3, 0,0240899 / 49,32355

0, 0,5713233 / 49,89487

1, 1,082986 / 50,95245

0, 0,681529 / 51,63398

1, 0,6592636 / 52,268

0, 3,551061 / 55,81904

1, 0,3126328 / 56,10468

0, 0,7502674 / 56,85495

3, 0,0784991 / 56,88947

0, 1,375877 / 58,26535

StartAnim : touchMagazine / 58,90439

4, 0,6518509 / 59,18864

5, 1,291319 / 59,5397

0, 0,8999971 / 60,4397

4, 0,0684521 / 60,50514

0, 0,0676531 / 60,5728

4, 0,0340636 / 60,5728

0, 0,183785 / 60,75658

4, 0,5685107 / 61,27413

**********------------scene2------------**********

0, 6,733429 / 0,1151447

3, 0,1530288 / 0,2067584

0, 0,2928634 / 0,4996218

2, 0,4512712 / 0,9089732

1, 0,6339759 / 1,550313

0, 0,0670737 / 1,617387

3, 0,5511255 / 2,136672

1, 0,5843412 / 2,714633

2, 0,3402839 / 3,066967

0, 0,0692344 / 3,136202

5, 0,3511993 / 3,452119

0, 0,0622768 / 3,514396

3, 0,4887083 / 3,984455

1, 0,4115029 / 4,386215

0, 1,482359 / 5,868574

3, 0,0503796 / 5,868574

1, 1,348775 / 7,221221

2, 0,0356235 / 7,25886

0, 0,7982498 / 8,057111

4, 0,1802729 / 8,191576

0, 0,5130528 / 8,704628

1, 0,9833534 / 9,630467

0, 0,4891281 / 10,1196

3, 0,173484 / 10,2561

0, 0,1740291 / 10,43013

3, 1,065562 / 11,47103

0, 0,1001564 / 11,57118

1, 1,468102 / 13,00591

0, 0,4990179 / 13,50493

1, 0,508186 / 13,9843

0, 1,85498 / 15,83927

1, 0,9415961 / 16,75601

2, 0,7402669 / 17,50196

5, 0,7088124 / 17,50196

0, 0,0696618 / 17,57163

3, 0,0393027 / 17,57163

0, 0,3557529 / 17,92738

1, 4,239826 / 22,13328

0, 1,30931 / 23,44258

1, 0,5823045 / 23,99208

0, 0,3495201 / 24,3416

5, 0,0181115 / 24,49832

5, 0,1822424 / 24,74259

4, 0,5827798 / 24,89283

6, 0,2857313 / 25,15859

0, 0,9935626 / 26,15215

1, 1,799867 / 27,92667

0, 1,464743 / 29,39141

3, 0,5158365 / 29,87407

1, 0,3986426 / 30,27825

0, 1,391092 / 31,66934

1, 0,6080438 / 32,24141

0, 0,7202882 / 32,9617

4, 0,2644471 / 33,18438

0, 0,3450934 / 33,52948

2, 0,0211494 / 33,52948

1, 4,997427 / 38,53311

StartAnim : shortLook / 38,82398

0, 0,4638044 / 38,99692

**********------------scene3------------**********

1, 2,301475 / 0,0334147

0, 0,2200392 / 0,2534539

3, 0,0835821 / 0,3149833

0, 0,4354426 / 0,7504258

3, 0,1032857 / 0,8235472

0, 0,0746906 / 0,8982378

1, 1,714587 / 2,599022

0, 0,0702648 / 2,669287

1, 0,0307872 / 2,669287

3, 0,0394776 / 2,703671

1, 0,0343837 / 2,735499

0, 0,1801171 / 2,915616

3, 0,0150696 / 2,915616

0, 0,469976 / 3,385592

1, 0,3133851 / 3,653383

0, 0,1926718 / 3,846055

1, 0,0348075 / 3,846055

0, 0,0741802 / 3,920235

1, 0,1064218 / 3,968702

0, 0,1001885 / 4,068891

1, 0,0267424 / 4,068891

0, 0,1318348 / 4,200726

1, 0,515609 / 4,669163

0, 0,0871781 / 4,756341

1, 0,2160456 / 4,941607

0, 0,2192216 / 5,160829

5, 0,0324676 / 5,160829

0, 0,0810349 / 5,241863

2, 0,1351189 / 5,375196

0, 0,8536611 / 6,228858

2, 0,0318795 / 6,228858

0, 0,442213 / 6,671071

2, 1,22685 / 7,852348

0, 1,588129 / 9,440476

1, 1,120991 / 10,53892

0, 0,7341033 / 11,27303

3, 0,0306815 / 11,27303

0, 0,3248465 / 11,59787

1, 1,445626 / 13,0249

0, 0,4475338 / 13,47243

4, 0,0469032 / 13,50648

0, 0,1654189 / 13,6719

4, 0,2151023 / 13,85645

0, 0,5971674 / 14,45361

3, 0,2320061 / 14,6731

0, 0,5357028 / 15,2088

2, 0,0288296 / 15,2088

0, 0,1346893 / 15,34349

2, 0,4928414 / 15,79894

0, 0,0540297 / 15,85297

1, 0,6607648 / 16,48318

0, 0,5908388 / 17,07402

1, 0,04864 / 17,10891

0, 0,1000579 / 17,20897

1, 0,7815684 / 17,9867

0, 0,0853423 / 18,07204

1, 0,0138946 / 18,07204

0, 0,08441269 / 18,15645

1, 0,0260996 / 18,15645

0, 0,6293768 / 18,78583

3, 0,151541 / 18,90864

0, 0,2767466 / 19,18539

1, 0,3683964 / 19,52455

0, 1,729901 / 21,25445

1, 0,5905693 / 21,82756

2, 0,4708493 / 22,28373

1, 1,984981 / 24,27314

0, 0,0531821 / 24,32632

3, 0,0531821 / 24,35944

0, 0,0490859 / 24,40853

3, 0,0490859 / 24,43995

0, 0,3057828 / 24,74573

1, 0,0219914 / 24,74573

0, 0,148928 / 24,89466

1, 0,0370903 / 24,89466

0, 0,6309723 / 25,52563

1, 0,2412519 / 25,72514

0, 0,0861135 / 25,81126

1, 0,1340578 / 25,88006

0, 0,09323449 / 25,97329

1, 1,403099 / 27,31106

0, 0,3842901 / 27,69535

3, 0,1384429 / 27,81189

0, 0,2435754 / 28,05547

1, 0,5416119 / 28,58244

0, 0,0861285 / 28,66857

3, 0,1712492 / 28,80795

4, 0,2622248 / 28,89578

0, 0,144917 / 29,0407

3, 0,5114092 / 29,51358

0, 0,0665024 / 29,58009

3, 0,1820525 / 29,71315

0, 0,4691755 / 30,18233

1, 0,3078938 / 30,4563

0, 0,5535668 / 31,00987

2, 0,7916206 / 31,78151

2, 0,1147014 / 31,91694

5, 0,3557632 / 32,09728

0, 0,1341429 / 32,23142

4, 0,1158867 / 32,31743

StartAnim : armStretch / 32,81478

5, 1,126853 / 33,38608

2, 0,5349362 / 33,46629

1, 0,6661178 / 34,11419

2, 0,0505513 / 34,18191

5, 1,089756 / 35,28125

0, 0,0466171 / 35,32787

4, 0,4314885 / 35,73615

0, 0,4093909 / 36,14555

3, 0,0309125 / 36,14555

0, 0,5668823 / 36,71243

StartAnim : longLook / 37,11275

StartAnim : handSalute / 37,39826

1, 1,358992 / 38,05169

2, 0,0271085 / 38,08142

0, 0,0546799 / 38,1361

4, 0,0322456 / 38,1361

0, 0,7641197 / 38,90022

1, 1,787992 / 40,63403

0, 0,0831124 / 40,71714

1, 0,0208849 / 40,71714

2, 0,025926 / 40,75967

1, 0,0425344 / 40,78563

0, 0,1159814 / 40,90161

2, 0,0656074 / 40,93351

0, 0,1931875 / 41,12669

2, 0,0125545 / 41,12669

0, 0,453499 / 41,5802

StartAnim : faceSmile / 41,6338

2, 0,2092895 / 41,7646

0, 0,0792301 / 41,84383

2, 0,219973 / 42,0108

0, 0,1022164 / 42,11301

2, 0,3290819 / 42,42881

0, 6,355639 / 48,78445

1, 0,0300268 / 48,78445

0, 0,0851098 / 48,86956

1, 0,026312 / 48,86956

0, 0,4849817 / 49,35453

1, 0,0269122 / 49,35453

0, 0,0829754 / 49,43751

1, 0,0274541 / 49,43751

0, 3,699351 / 53,13685

3, 0,2344305 / 53,33772

0, 0,142694 / 53,48041

3, 0,7400867 / 54,19708

0, 0,1755937 / 54,37268

1, 3,152879 / 57,50692

0, 0,2148956 / 57,72182

StartAnim : LongLook / 58,40613

1, 1,282695 / 58,98537

StartAnim : CaresseEntreCuisse / 62,85964

0, 6,982098 / 65,9675

3, 0,3673635 / 66,3259

0, 1,482219 / 67,80815

4, 0,0848449 / 67,89354

0, 0,0997033 / 67,99325

5, 0,0215664 / 67,99325

4, 0,0278669 / 68,02524

5, 0,1182011 / 68,12334

2, 0,0688355 / 68,16009

StartAnim : faceSmile / 68,40611

1, 1,801815 / 69,95425

0, 1,340089 / 71,29436

5, 0,0395301 / 71,29436

2, 0,6267053 / 71,89326

**********------------scene4------------**********

1, 0,1572899 / 0,0495051

0, 0,4081995 / 0,4577046

2, 0,6211908 / 1,02806

5, 0,0816759 / 1,127522

0, 0,303817 / 1,431339

5, 0,0880167 / 1,494202

0, 0,2151832 / 1,709385

5, 0,0746084 / 1,743299

2, 0,4387548 / 2,193012

StartAnim : LongLook / 2,50524

1, 0,5282668 / 2,709105

StartAnim : HandSalute / 2,822756

2, 0,4628541 / 3,176125

5, 0,6683531 / 3,7887

2, 0,0673349 / 3,864955

1, 0,6926597 / 4,576918

0, 0,066851 / 4,643769

StartAnim : SitCrossLegs / 4,694747

2, 1,269285 / 5,876155

1, 0,4884468 / 6,360837

0, 0,0839218 / 6,444758

1, 0,1045124 / 6,508629

0, 0,4687511 / 6,977379

2, 0,0479808 / 7,012032

0, 0,0508752 / 7,062907

2, 0,0328837 / 7,062907

0, 0,1828946 / 7,245801

1, 0,7257841 / 7,961057

2, 1,485235 / 9,448104

1, 1,158268 / 10,61414

2, 0,0843218 / 10,69715

0, 0,080293 / 10,77745

2, 0,8093439 / 11,5346

5, 0,5428436 / 12,07907

0, 0,1677014 / 12,24677

2, 0,0126913 / 12,24677

0, 0,0640705 / 12,31084

1, 0,5764076 / 12,85103

0, 1,097417 / 13,94844

StartAnim : LongLook / 14,2965

1, 2,52403 / 16,42775

2, 0,7991441 / 17,22795

1, 2,401955 / 19,62909

2, 0,5182199 / 20,14753

StartAnim : EyeBlink / 21,88838

1, 2,331389 / 22,49117

0, 0,0879257 / 22,5791

1, 0,0456417 / 22,60474

0, 0,8463566 / 23,45109

1, 0,1184351 / 23,5493

0, 0,1029082 / 23,65221

1, 0,0126721 / 23,65221

0, 0,0832332 / 23,73544

1, 0,6835949 / 24,36785

0, 0,0665582 / 24,4344

1, 0,2516789 / 24,64574

0, 0,0546966 / 24,70044

1, 0,0213911 / 24,70044

2, 0,06716309 / 24,77144

1, 0,2251632 / 25,01795

0, 0,0668483 / 25,08479

2, 0,0114038 / 25,27659

1, 1,407234 / 26,45396

0, 0,5796797 / 27,03365

1, 1,519349 / 28,53762

0, 1,315948 / 29,85356

2, 0,018046 / 29,85356

StartAnim : OpenLegs / 29,97714

0, 0,282834 / 30,13639

1, 0,5274217 / 30,60685

0, 0,3251358 / 30,93199

5, 0,0625563 / 31,01945

2, 0,1826013 / 31,13801

5, 0,3996213 / 31,4531

2, 2,272108 / 33,71716

4, 0,0492151 / 33,77382

5, 0,2940667 / 33,86676

2, 0,5005762 / 34,34101

2, 0,4321871 / 34,78546

5, 1,380712 / 35,29075

2, 0,3522404 / 35,63613

1, 1,00042 / 36,63602

5, 0,0283635 / 36,69205

2, 2,040646 / 38,69237

StartAnim : touchCouchInvite / 38,98739

5, 0,7950311 / 39,47458

0, 0,365465 / 39,84004

4, 0,0199053 / 39,84004

0, 0,067133 / 39,90718

4, 0,0996284 / 39,98037

0, 0,0440937 / 40,02446

4, 0,0272065 / 40,02446

0, 0,08112399 / 40,10558

4, 0,0317555 / 40,10558

0, 0,06757981 / 40,17316

4, 0,0313627 / 40,17316

0, 0,0986288 / 40,27179

4, 0,0368457 / 40,27179

0, 0,1930315 / 40,46482

StartAnim : FaceSmile / 40,79015

4, 0,6927978 / 41,14672

0, 0,7132186 / 41,85995

4, 0,9307435 / 42,74516

0, 0,1456561 / 42,89081

4, 0,0447677 / 42,89081

0, 0,0542517 / 42,94506

4, 1,25058 / 44,1792

0, 1,165964 / 45,34517

2, 0,2847239 / 45,60871

1, 2,098672 / 47,69185

0, 0,0751222 / 47,76698

2, 0,0286496 / 47,76698

5, 0,0464726 / 47,80799

0, 0,7010998 / 48,50909

5, 0,0496384 / 48,53418

3, 0,0821183 / 48,63646

5, 0,198644 / 48,75983

3, 0,2820945 / 49,01277

0, 0,4634989 / 49,47626

6, 0,5062953 / 49,95936

0, 0,06406 / 50,02342

7, 0,2547601 / 50,23421

0, 0,4740319 / 50,70825

4, 0,2958918 / 50,99067

0, 0,0584458 / 51,04911

2, 0,7890509 / 51,81346

**********------------scene5------------**********

1, 0,5518354 / 0,0308943

0, 0,9376214 / 0,9685157

2, 0,4541259 / 1,400204

1, 0,6454159 / 2,044904

2, 0,7988961 / 2,845013

4, 0,6799227 / 2,881928

5, 0,8150501 / 3,657141

2, 0,2662605 / 3,917203

1, 0,9499079 / 4,866635

0, 0,1996848 / 5,06632

2, 0,688203 / 5,718268

0, 0,0478009 / 5,766069

1, 0,6826203 / 6,435186

0, 0,0493293 / 6,484515

1, 0,1140664 / 6,569891

2, 0,4953041 / 7,075671

5, 0,4679768 / 7,545008

2, 0,0726403 / 7,618757

1, 0,45001 / 8,06768

2, 0,0324959 / 8,101207

0, 1,313818 / 9,415025

2, 0,0258952 / 9,415025

0, 0,0708265 / 9,485851

3, 0,0369036 / 9,485851

5, 0,0369036 / 9,485851

StartAnim : ShortLook / 9,636307

0, 0,4436576 / 9,929509

3, 0,0430144 / 9,957531

5, 0,1973009 / 10,1755

0, 0,063615 / 10,23912

5, 0,1328933 / 10,33795

StartAnim : FaceSmile / 10,61802

2, 0,3096269 / 10,65198

1, 1,867264 / 12,51117

2, 1,083974 / 13,61656

5, 0,6269585 / 14,00352

2, 0,055454 / 14,05631

StartAnim : OpenLegs / 20,11009

1, 6,561792 / 20,63913

2, 0,2551331 / 20,90141

StartAnim : TouchCouchInvite / 22,40333

3, 0,8851149 / 22,60051

5, 1,961382 / 22,63977

StartAnim : LongLook / 22,94034

0, 0,3469881 / 22,98676

2, 0,0464218 / 23,0114

StartAnim : FaceSmile / 23,33672

1, 0,3761197 / 23,38359

2, 0,0207128 / 23,41197

0, 0,1158012 / 23,52777

4, 0,0149625 / 23,52777

0, 0,0850675 / 23,61284

4, 0,2356078 / 23,84079

0, 0,0922924 / 23,93308

4, 0,0383368 / 23,93308

0, 0,0733454 / 24,00643

4, 0,2675421 / 24,23969

0, 0,0488299 / 24,28852

3, 0,0466705 / 24,3724

5, 0,8879594 / 25,1581

0, 0,4942256 / 25,65233

3, 0,3480354 / 26,04109

3, 0,0237776 / 26,44107

5, 1,066799 / 26,68977

0, 0,2800625 / 26,96983

5, 0,5490588 / 27,50698

0, 0,5166312 / 28,02361

5, 0,5250841 / 28,54144

2, 0,1002806 / 28,62227

1, 0,8992112 / 29,54119

2, 0,06492729 / 29,60853

5, 1,267813 / 30,8772

2, 0,0662806 / 30,95916

1, 0,3457488 / 31,2875

2, 0,0326122 / 31,31339

StartAnim : PenisTouch / 31,72816

StartAnim : ShortLook / 32,35947

4, 1,106681 / 32,42632

5, 1,138817 / 32,45949

2, 0,0653072 / 32,48916

1, 0,1668422 / 32,65293

0, 0,1417964 / 32,79473

1, 0,8484049 / 33,59859

0, 0,1757292 / 33,77432

1, 0,4188655 / 34,16046

0, 0,0535416 / 34,214

4, 0,3125232 / 34,56006

4, 0,0343079 / 34,6088

5, 0,6801408 / 34,87889

StartAnim : CloseEyes / 35,02782

2, 0,6484385 / 35,27865

4, 0,7261483 / 36,30812

4, 0,03629 / 36,51738

5, 1,25258 / 36,51738

2, 0,0375317 / 36,54723

1, 1,326458 / 37,87761

StartAnim : OpenEyes / 37,87761

StartAnim : StartErect / 38,15531

0, 0,5609936 / 38,43861

4, 0,2356233 / 38,94418

4, 1,523128 / 42,11494

5, 3,697625 / 42,11494

2, 0,2037873 / 42,33265

0, 0,0663507 / 42,39901

2, 0,1842524 / 42,58

StartAnim : CloseEyes / 42,99897

1, 1,04975 / 43,6236

2, 0,0500001 / 43,68018

0, 0,0657432 / 43,74592

StartAnim : OpenEyes / 44,52689

4, 1,319039 / 47,01329

5, 3,333115 / 47,04312

2, 0,0878522 / 47,117

StartAnim : CloseEyes / 47,88308

1, 1,250741 / 48,36685

2, 0,0704525 / 48,43393

0, 0,1649237 / 48,59885

2, 0,0685567 / 48,66575

0, 0,0471251 / 48,71288

StartAnim : OpenEyes / 50,2663

4, 1,254931 / 50,30037

5, 1,900122 / 50,59981

StartAnim : StopTouchPenis / 50,75068

1, 0,8351355 / 51,43615

2, 0,0652572 / 51,50007

StartAnim : TouchCouchInvite / 51,6829

0, 0,2326282 / 51,7327

2, 0,0497909 / 51,76076

0, 0,1599142 / 51,92067

4, 0,3435158 / 52,2287

0, 0,2403097 / 52,469

5, 0,5631738 / 53,02676

0, 0,5239576 / 53,55072

2, 0,3502301 / 53,86759

**********------------scene6------------**********

1, 0,5494133 / 0,0335288

0, 0,4332866 / 0,4668154

3, 0,0485187 / 0,5339623

StartAnim : OpenLegs / 0,6727556

0, 0,1849453 / 0,7189076

3, 0,0283125 / 0,7189076

5, 0,744052 / 1,444178

0, 0,2560411 / 1,700219

3, 0,0300842 / 1,700219

5, 0,2355302 / 1,934639

2, 0,3707833 / 2,100275

1, 0,3960041 / 2,501617

2, 0,4172991 / 2,91661

5, 0,9985555 / 3,913307

2, 0,6174015 / 4,166808

1, 0,6488636 / 4,83144

0, 0,07058389 / 4,902025

3, 0,013407 / 4,902025

0, 0,3816887 / 5,283714

4, 0,1711841 / 6,035168

5, 0,7695237 / 6,035168

2, 0,2500996 / 6,10226

1, 0,5868739 / 6,653447

2, 0,0314062 / 6,68059

StartAnim : LongLook / 6,832488

StartAnim : StartTouchPenis / 6,867905

4, 1,461742 / 8,168175

5, 1,514728 / 8,19845

2, 0,0561184 / 8,236715

StartAnim : CloseEyes / 10,01991

1, 2,614765 / 10,83973

2, 0,0265072 / 10,88575

0, 0,0507119 / 10,93646

2, 0,1663192 / 11,28659

StartAnim : OpenEyes / 11,9414

4, 0,6881195 / 11,96776

5, 1,055651 / 11,96776

0, 0,1020074 / 12,06977

4, 0,2323463 / 12,22777

5, 0,2600056 / 12,27481

2, 0,074698 / 12,30467

1, 0,1469581 / 12,43584

0, 0,1056585 / 12,5415

1, 0,4855687 / 13,02234

2, 0,5978452 / 13,62176

1, 0,483467 / 14,10562

2, 0,0348762 / 14,13894

0, 0,0613776 / 14,20032

4, 0,4486005 / 14,6232

5, 0,4486005 / 14,6232

2, 0,0791873 / 14,68101

1, 1,405207 / 16,10554

2, 0,0336035 / 16,14078

0, 0,0473571 / 16,18813

4, 2,772195 / 18,94319

5, 2,772195 / 18,94319

2, 0,030207 / 18,98998

StartAnim : CloseEyes / 19,17067

1, 0,5100576 / 19,47301

2, 0,0532672 / 19,52042

4, 1,650634 / 21,1899

StartAnim : OpenEyes / 21,82519

4, 1,051109 / 22,25468

5, 2,734498 / 22,25468

2, 0,0663657 / 22,32083

1, 0,6800923 / 23,02489

2, 0,3551305 / 23,35542

0, 0,1877644 / 23,54319

4, 0,3998158 / 23,92369

4, 0,1880142 / 24,14191

5, 0,6038087 / 24,14191

0, 0,2269009 / 24,36881

StartAnim : CloseEyes / 24,5961

4, 0,6613874 / 24,99595

5, 0,6613874 / 24,99595

2, 0,0686815 / 25,05604

1, 0,5843469 / 25,63971

2, 0,0136884 / 25,67273

0, 0,0509861 / 25,72372

1, 0,336227 / 26,03051

StartAnim : FastPenisTouch / 26,82627

StartAnim : OpenEyes / 26,95334

4, 1,631321 / 27,6931

5, 1,684146 / 27,71858

2, 0,056749 / 27,74656

StartAnim : CloseEyes / 28,58976

StartAnim : OpenEyes / 29,48194

1, 2,555605 / 30,30097

2, 0,050731 / 30,35542

5, 0,2866887 / 30,63994

StartAnim : CloseEyes / 30,99507

0, 0,7563177 / 31,39625

7, 0,0538861 / 31,39625

0, 0,086108 / 31,48236

5, 0,0263256 / 31,48236

2, 0,7280325 / 32,18649

0, 0,0541994 / 32,24069

2, 0,2249 / 32,43072

StartAnim : OpenEyes / 32,7452

4, 0,8185761 / 33,26376

5, 0,8523671 / 33,29619

3, 0,0662227 / 33,32752

StartAnim : PenisEjac / 33,32752

0, 1,169485 / 34,49701

4, 0,684051 / 35,12632

5, 0,684051 / 35,12632

0, 0,885963 / 36,01229

StartAnim : StopTouchPenis / 36,38568

7, 0,7612237 / 36,74813

StartAnim : DeErect / 37,21407

0, 0,5217461 / 37,26987

5, 0,5389785 / 37,79667

2, 0,427896 / 38,21301

0, 0,0649551 / 38,27796

1, 0,9470332 / 39,20816

0, 0,0901466 / 39,29831

1, 0,0121416 / 39,29831

0, 0,0829621 / 39,38127

1, 0,0246104 / 39,38127

0, 0,1853098 / 39,56657

2, 0,0125674 / 39,56657

0, 0,0580455 / 39,62462

3, 0,3019046 / 39,89895

5, 0,0698855 / 39,89895

0, 1,533371 / 41,43234

**********------------Fin_Relaxation------------**********

