**********------------scene1------------**********

0, 0,6125149 / 0,6125149

2, 0,0238857 / 0,6125149

0, 0,5466208 / 1,159136

2, 0,0333061 / 1,159136

1, 1,044644 / 2,211888

2, 0,2872134 / 2,496581

0, 0,8345718 / 3,331153

5, 0,1308277 / 3,68394

2, 0,4140415 / 3,71529

1, 2,289131 / 6,011651

2, 0,3974377 / 6,414348

4, 1,668703 / 8,065803

5, 1,668703 / 8,065803

2, 0,0265891 / 8,098284

4, 0,131492 / 8,240495

5, 0,131492 / 8,240495

1, 1,128247 / 9,357728

0, 0,0677107 / 9,425439

4, 0,451584 / 9,851661

2, 0,6325811 / 10,46787

5, 1,439222 / 10,82626

2, 0,0610358 / 10,89575

1, 0,6729411 / 11,56923

2, 0,0795048 / 11,64192

4, 0,7074988 / 13,40338

4, 0,7821327 / 14,6406

4, 1,531269 / 16,60171

5, 6,099537 / 17,69615

2, 0,0273651 / 17,72787

5, 0,1071593 / 17,84222

1, 0,752953 / 18,59826

0, 0,468112 / 19,06637

2, 0,0278875 / 19,06637

0, 0,3181597 / 19,38453

2, 0,751741 / 20,11259

1, 4,817073 / 24,92717

0, 3,253757 / 28,18092

2, 0,186533 / 28,33018

1, 1,123186 / 29,45523

2, 0,0342729 / 29,48111

3, 0,0566886 / 29,53641

3, 0,1422045 / 29,82234

3, 0,069093 / 30,01433

4, 0,5727149 / 30,08194

0, 0,3720287 / 30,45397

3, 0,3525028 / 30,77099

5, 0,0740331 / 30,85287

5, 0,2594557 / 31,29528

2, 0,5566986 / 31,32916

1, 3,502055 / 34,8395

2, 0,3391041 / 35,16899

0, 0,2983758 / 35,46737

4, 1,067365 / 36,51245

0, 0,3395344 / 36,85198

6, 0,3762665 / 37,21391

7, 0,65639 / 37,86895

0, 0,0733774 / 37,94233

7, 0,0314814 / 37,94233

0, 1,58452 / 39,52686

1, 0,4008724 / 39,8864

0, 1,165698 / 41,0521

1, 0,442972 / 41,45522

0, 0,5172807 / 41,9725

2, 0,0383288 / 41,9725

0, 0,2024267 / 42,17493

1, 0,5106157 / 42,62217

0, 0,0760356 / 42,6982

2, 0,0380149 / 42,6982

4, 0,0380207 / 42,7346

2, 0,1158576 / 43,64618

5, 3,805176 / 46,51951

1, 2,975226 / 49,48379

2, 0,5120102 / 49,97788

5, 1,008083 / 50,52958

4, 1,475454 / 51,9948

3, 0,0883684 / 52,09369

0, 0,3039002 / 52,39759

1, 0,7155648 / 53,06808

0, 0,0553387 / 53,12342

4, 1,396901 / 54,49411

0, 0,0778859 / 54,572

6, 0,8312839 / 55,35277

0, 0,1013017 / 55,45407

5, 1,284435 / 56,69683

2, 0,0329938 / 56,72918

1, 0,8323353 / 57,56797

0, 0,273806 / 57,84177

StartAnim : touchMagazine / 58,90642

1, 1,2843 / 59,09375

2, 0,0664709 / 59,17457

5, 0,3675328 / 59,49686

4, 0,4965633 / 59,74033

0, 0,2582447 / 59,99858

4, 1,098263 / 61,05198

0, 0,598106 / 61,65009

4, 0,0527099 / 61,68305

5, 0,732335 / 62,36728

2, 0,0375612 / 62,40841

1, 0,9694017 / 63,36675

0, 0,270011 / 63,63676

2, 0,0316398 / 63,63676

4, 0,0444267 / 63,71452

5, 0,5688573 / 64,19865

0, 0,0694043 / 64,26806

1, 1,340434 / 65,56874

2, 1,632294 / 67,20904

3, 0,158549 / 67,36926

0, 0,246752 / 67,61601

2, 0,0466436 / 67,61601

0, 0,0830202 / 67,69904

2, 0,0426869 / 67,69904

**********------------scene2------------**********

0, 0,5241772 / 0,3406818

3, 0,2663183 / 0,5482072

0, 0,083966 / 0,6321732

3, 0,1842961 / 0,7910301

0, 2,256794 / 3,047824

1, 0,6713473 / 3,683747

2, 0,0697311 / 3,747161

5, 0,061056 / 3,81064

0, 0,1566679 / 3,967308

2, 0,807978 / 4,738149

5, 1,482102 / 5,422871

2, 0,0393817 / 5,453709

1, 3,983341 / 9,432519

0, 1,233971 / 10,66649

2, 0,0266021 / 10,66649

0, 0,1011433 / 10,76763

1, 0,8395436 / 11,56314

0, 0,1671375 / 11,73028

2, 0,075419 / 11,76449

4, 0,1586492 / 14,56345

5, 3,120123 / 14,88318

0, 0,0700712 / 14,95325

1, 2,439397 / 17,34904

0, 0,2837653 / 17,63281

3, 0,0826306 / 17,69525

0, 0,5276677 / 18,22291

1, 2,246868 / 20,43715

2, 0,0258315 / 20,47024

1, 0,0673964 / 20,542

2, 0,0374546 / 20,58534

1, 0,1821896 / 20,76521

0, 0,2063193 / 20,97153

2, 0,0409766 / 20,97153

0, 0,0787477 / 21,05028

1, 0,3227408 / 21,32894

2, 0,0346584 / 21,36731

0, 0,0952301 / 21,46254

5, 0,0453887 / 21,46254

0, 0,6208351 / 22,08337

3, 0,0709296 / 22,11064

0, 4,628177 / 26,73882

3, 0,0278953 / 26,73882

0, 0,2268513 / 26,96567

5, 0,0375821 / 26,96567

2, 0,3974668 / 27,36435

5, 0,5438466 / 27,73612

0, 1,685606 / 29,42172

2, 0,0681228 / 29,45484

0, 0,0661496 / 29,52099

2, 0,0661496 / 29,54739

0, 0,3469407 / 29,89433

3, 0,0284243 / 29,89433

0, 0,4716282 / 30,36596

1, 0,9709584 / 31,30647

3, 0,0285576 / 31,33512

1, 0,0587433 / 31,39198

0, 1,413847 / 32,80584

2, 0,0341275 / 32,80584

0, 0,0765247 / 32,88237

5, 0,1283939 / 32,96365

2, 0,0294197 / 32,99383

0, 0,06893671 / 33,06277

5, 0,6104148 / 33,63226

4, 0,0601312 / 33,69712

0, 0,07149599 / 33,76862

4, 0,0266295 / 33,76862

0, 0,0640839 / 33,8327

4, 0,0353714 / 33,8327

0, 0,1003847 / 33,93309

4, 0,0650629 / 33,96954

0, 1,174386 / 35,14392

1, 0,2009543 / 35,30283

0, 0,1514692 / 35,4543

1, 2,283892 / 37,69828

0, 0,2256856 / 37,92396

1, 0,2426462 / 38,13632

0, 0,6308162 / 38,76713

6, 0,0954055 / 38,83175

StartAnim : shortLook / 38,83175

0, 0,1155701 / 38,94732

4, 0,0781832 / 38,9826

6, 0,0352776 / 39,01903

0, 0,0633995 / 39,08243

6, 0,0331914 / 39,08243

0, 0,3963169 / 39,47875

4, 0,0976036 / 39,54577

0, 0,1377694 / 39,68354

4, 0,0372533 / 39,68354

0, 0,1013328 / 39,78487

6, 0,0268783 / 39,78487

0, 0,1117027 / 39,89658

6, 0,5310072 / 40,39232

0, 0,0689257 / 40,46124

6, 0,0689257 / 40,49387

1, 0,0326312 / 40,53165

2, 0,0377798 / 40,56714

**********------------scene3------------**********

1, 0,6904352 / 0,0289108

0, 1,526551 / 1,555462

1, 0,0312148 / 1,555462

0, 4,904264 / 6,459724

2, 0,3442828 / 6,772703

0, 0,2139081 / 6,986611

2, 1,376187 / 8,331213

1, 0,5378403 / 8,86813

2, 0,0268772 / 8,900184

0, 0,0516656 / 8,951849

2, 0,2312292 / 9,155306

0, 0,597991 / 9,753297

2, 0,0263018 / 9,753297

0, 0,0871442 / 9,840441

1, 0,2162648 / 10,03006

0, 0,427178 / 10,45724

2, 1,30178 / 11,72988

1, 0,4495177 / 12,18736

2, 0,0356845 / 12,21369

0, 0,7708063 / 12,9845

2, 0,9982353 / 13,95349

1, 0,5135175 / 14,47313

2, 0,6908371 / 15,16287

2, 0,1106008 / 15,67105

5, 0,7381627 / 15,67105

0, 1,283605 / 16,95466

2, 0,4526108 / 17,38419

1, 0,7032753 / 18,08656

5, 0,0279068 / 18,11268

2, 0,2575094 / 18,34031

4, 0,0241482 / 18,37331

4, 0,0577573 / 18,48773

4, 0,0285849 / 18,5394

4, 0,0891695 / 18,65813

4, 0,0587603 / 18,73919

5, 0,5678612 / 18,91259

4, 0,4332023 / 19,19817

0, 0,062617 / 19,26078

3, 0,2273769 / 19,45957

0, 0,5258684 / 19,98544

2, 0,0571086 / 20,0119

1, 0,8008065 / 20,81285

2, 0,0266058 / 20,83809

0, 0,3150753 / 21,15316

2, 0,337246 / 21,4683

5, 0,9990898 / 22,47047

0, 0,0601902 / 22,53066

4, 0,0313006 / 22,53066

0, 0,1422974 / 22,67296

6, 0,0257823 / 22,67296

0, 0,0546374 / 22,7276

6, 0,0313567 / 22,7276

0, 0,0590532 / 22,78665

6, 0,0590532 / 22,81163

0, 0,1105707 / 22,9222

6, 0,4336464 / 23,32612

0, 0,0575064 / 23,38363

6, 0,2039973 / 23,55367

1, 2,824091 / 26,38064

0, 0,0586318 / 26,43927

2, 2,23272 / 28,63842

3, 0,3048319 / 29,08

4, 0,6144095 / 29,25982

0, 0,0519847 / 29,31181

3, 0,2204374 / 29,51135

4, 0,0640305 / 29,57087

0, 0,0882384 / 29,65911

3, 0,0859533 / 29,70913

0, 0,0622103 / 29,77134

3, 0,6336601 / 30,37121

0, 0,2976268 / 30,66884

2, 0,0306101 / 30,66884

1, 0,2155028 / 30,87459

0, 0,0506691 / 30,92526

1, 0,2967579 / 31,1947

StartAnim : armStretch / 32,82432

2, 2,999287 / 34,19543

1, 0,6224909 / 34,82428

0, 0,0570223 / 34,8813

2, 0,8569179 / 35,70982

0, 0,0597626 / 35,76958

1, 1,259828 / 36,99523

StartAnim : longLook / 37,11055

StartAnim : handSalute / 37,39764

2, 0,6005522 / 37,59655

1, 0,5395527 / 38,14067

0, 0,0848502 / 38,22552

4, 0,3119969 / 38,5121

0, 0,0823395 / 38,59444

4, 0,251641 / 38,82547

0, 0,5436842 / 39,36915

4, 0,1203361 / 39,46001

2, 0,2509255 / 39,71146

0, 0,0569145 / 39,76838

StartAnim : faceSmile / 41,59269

1, 2,747676 / 42,48066

0, 0,1449964 / 42,62566

1, 0,1098503 / 42,71106

0, 0,1993308 / 42,91039

1, 0,4832312 / 43,36835

0, 0,3116488 / 43,68

1, 0,3456364 / 43,99524

0, 0,0607752 / 44,05601

1, 0,3733581 / 44,3951

0, 0,062216 / 44,45731

2, 0,0297035 / 44,45731

1, 0,0846895 / 44,53762

0, 0,0935105 / 44,63112

1, 0,0283641 / 44,63112

0, 0,7921749 / 45,4233

4, 0,025269 / 45,4233

0, 0,1152013 / 45,5385

4, 0,1145006 / 45,62529

0, 0,0880003 / 45,71329

4, 0,0812343 / 45,76925

0, 0,1257329 / 45,89498

4, 0,1247345 / 45,98062

0, 0,056706 / 46,03733

2, 0,034238 / 46,03733

1, 1,485929 / 47,52438

2, 0,0236001 / 47,55315

5, 0,8259982 / 48,35399

0, 0,059885 / 48,41388

4, 0,031123 / 48,41388

0, 0,3266411 / 48,74052

4, 0,0497338 / 48,77065

0, 0,059088 / 48,82973

4, 0,059088 / 48,85862

0, 0,8809462 / 49,73957

2, 0,0292624 / 49,73957

0, 0,257286 / 49,99685

1, 0,5137411 / 50,48271

2, 1,113178 / 51,59579

0, 0,0640745 / 51,65987

1, 0,4588878 / 52,08058

0, 0,174186 / 52,25476

2, 0,425961 / 52,65466

5, 0,4000351 / 52,65466

0, 0,0597345 / 52,71439

3, 0,3187021 / 52,9981

0, 0,8256306 / 53,82374

4, 0,0281316 / 53,82374

0, 0,2323591 / 54,0561

4, 0,0864669 / 54,11333

6, 0,0548446 / 54,17968

0, 0,0595228 / 54,2392

6, 0,0332695 / 54,2392

0, 0,4626812 / 54,70189

1, 0,2601011 / 54,92502

2, 0,7574784 / 55,6874

4, 0,3995028 / 56,08291

0, 0,7414249 / 56,82433

1, 1,057345 / 57,85535

0, 0,0563415 / 57,91169

2, 0,0292753 / 57,91169

1, 0,0563386 / 57,9716

2, 0,0306396 / 57,9948

0, 0,2947247 / 58,28954

StartAnim : LongLook / 58,39598

1, 0,5179618 / 58,77127

2, 0,8827142 / 59,65821

StartAnim : CaresseEntreCuisse / 62,86824

1, 4,102715 / 63,76037

2, 0,0602184 / 63,81335

2, 0,1403594 / 63,98412

5, 0,2237466 / 64,02279

2, 0,0386697 / 64,04683

0, 0,0811308 / 64,12796

4, 0,0546795 / 64,1547

0, 0,0627702 / 64,21747

2, 0,0312879 / 64,21747

4, 0,2836612 / 64,49517

2, 0,0255306 / 64,52216

4, 0,3273638 / 64,83842

2, 0,0158824 / 64,87096

1, 0,5971109 / 65,4678

0, 0,0532923 / 65,5211

1, 1,198601 / 66,69652

2, 0,0301368 / 66,72504

0, 0,0586687 / 66,78371

1, 0,4276071 / 67,17922

0, 0,0590087 / 67,23823

1, 0,9202636 / 68,12119

2, 0,2245001 / 68,3535

StartAnim : faceSmile / 68,41206

0, 0,3690486 / 68,72255

2, 0,0305565 / 68,72255

0, 2,314166 / 71,03668

5, 0,8838166 / 71,89632

**********------------scene4------------**********

1, 0,1744622 / 0,0414089

0, 0,2699819 / 0,3113908

5, 0,4554197 / 1,052275

2, 2,171014 / 2,454172

StartAnim : LongLook / 2,537421

StartAnim : HandSalute / 2,824105

1, 1,390139 / 3,844199

2, 0,0523195 / 3,883959

4, 0,0450909 / 3,940078

2, 0,0592087 / 4,153121

2, 0,1341451 / 4,443315

5, 0,5768631 / 4,469099

5, 0,040603 / 4,927552

4, 0,6974549 / 5,140611

5, 0,0308122 / 5,140611

2, 0,2183057 / 5,35142

1, 0,3096846 / 5,667096

2, 0,9543654 / 6,612797

1, 0,5568228 / 7,167582

2, 1,673048 / 8,854972

1, 0,4161696 / 9,267608

2, 0,6859816 / 9,928006

1, 0,7893177 / 10,71011

2, 1,124118 / 11,84136

2, 0,2294172 / 13,80947

StartAnim : LongLook / 14,30994

1, 3,388046 / 15,1999

4, 0,08375619 / 16,03996

2, 1,800991 / 16,99844

StartAnim : EyeBlink / 21,90898

2, 0,0157631 / 23,99376

1, 7,451652 / 24,45502

2, 0,0288236 / 24,48467

1, 0,371322 / 24,85637

2, 0,0300189 / 24,88513

2, 0,0190741 / 25,95228

2, 0,0226367 / 27,72574

1, 2,897534 / 27,7816

2, 0,0277106 / 27,80313

1, 1,10363 / 28,90755

0, 0,0633745 / 28,97092

1, 0,6396472 / 29,5934

0, 0,0479901 / 29,64139

StartAnim : OpenLegs / 29,96803

1, 2,800083 / 32,40923

4, 0,398167 / 33,59319

2, 1,24654 / 33,64017

4, 0,021389 / 33,64017

5, 0,4057722 / 33,64017

0, 0,1852166 / 33,82539

5, 0,1831031 / 33,96843

0, 0,0515628 / 34,01999

5, 0,1822863 / 34,16904

0, 0,0414799 / 34,21052

5, 0,1135745 / 34,31087

0, 0,0694025 / 34,38028

2, 0,0415986 / 34,4041

5, 0,245811 / 34,65229

1, 1,059393 / 35,70952

2, 0,5097492 / 36,20868

2, 0,0284855 / 36,33765

2, 0,1889343 / 36,86569

4, 2,730771 / 38,46682

4, 0,0825007 / 38,62637

5, 2,973591 / 38,71177

StartAnim : touchCouchInvite / 39,01257

0, 0,6844796 / 39,39625

StartAnim : FaceSmile / 40,79892

1, 2,258482 / 41,64081

2, 0,0563984 / 41,68406

0, 0,0674073 / 41,75147

4, 0,0856315 / 41,81141

0, 0,6415234 / 42,45293

4, 0,0294898 / 42,45293

0, 0,0586239 / 42,51155

4, 0,0994327 / 42,58472

0, 0,0677597 / 42,65247

4, 0,1397669 / 42,76746

0, 0,0554523 / 42,82291

4, 0,2340875 / 43,02235

0, 1,328246 / 44,3506

1, 0,6268572 / 44,95058

2, 0,4008186 / 45,35049

1, 1,115505 / 46,46655

2, 0,9428536 / 47,40936

3, 0,0264408 / 47,43861

2, 0,07291301 / 47,51572

3, 0,0552584 / 47,5542

2, 0,1130472 / 47,6672

3, 0,0166241 / 47,69722

2, 0,09956901 / 47,79465

3, 0,0278869 / 47,81861

5, 0,023965 / 47,84035

5, 0,0181112 / 47,97232

2, 0,215658 / 48,04066

0, 0,0685353 / 48,10919

2, 0,0261581 / 48,10919

0, 2,016057 / 50,12525

1, 1,49708 / 51,59237

0, 0,4590494 / 52,05143

1, 0,0282941 / 52,24461

**********------------scene5------------**********

2, 0,3502205 / 0,0308397

1, 0,3719428 / 0,4003635

2, 0,2589848 / 0,661088

4, 0,0849792 / 0,7481543

5, 0,1754478 / 0,8315956

2, 0,1464573 / 0,8850172

4, 0,022653 / 0,9141613

5, 0,2266649 / 1,117666

2, 0,0286366 / 1,150174

5, 0,1679259 / 1,316093

1, 0,5336217 / 1,841524

0, 0,3769978 / 2,218523

2, 0,8017375 / 2,986162

1, 0,7011731 / 3,685703

0, 1,418915 / 5,10462

2, 0,2882175 / 5,373994

1, 0,4547346 / 5,835182

2, 0,3731795 / 6,202595

4, 0,0862718 / 6,287239

2, 0,2473784 / 6,616999

5, 0,9940454 / 7,190261

2, 0,0195235 / 7,224195

5, 0,1543572 / 7,374341

1, 0,4568118 / 7,81696

2, 0,4592292 / 8,286574

0, 0,5299901 / 8,816565

StartAnim : ShortLook / 9,660212

2, 1,172505 / 9,969036

StartAnim : FaceSmile / 10,62818

5, 0,8438582 / 10,8298

1, 3,343278 / 14,17389

2, 0,3837312 / 14,54418

0, 0,0593271 / 14,60351

2, 0,0593271 / 14,62823

0, 1,889823 / 16,51805

6, 0,4412679 / 16,92985

0, 0,0881302 / 17,01798

6, 0,1682442 / 17,14641

0, 0,5843135 / 17,73072

2, 0,6155827 / 18,32999

StartAnim : OpenLegs / 20,12729

1, 2,352628 / 20,68491

2, 0,2494559 / 20,92688

5, 0,92301 / 21,84227

2, 0,0124391 / 21,86459

2, 0,0243084 / 22,17109

StartAnim : TouchCouchInvite / 22,44216

StartAnim : LongLook / 22,96973

StartAnim : FaceSmile / 23,35811

5, 1,800619 / 23,67335

0, 0,3444151 / 24,01777

4, 0,0567423 / 24,04192

0, 0,1461603 / 24,18808

4, 0,0713815 / 24,23625

0, 0,0365829 / 24,27283

4, 0,0214518 / 24,27283

0, 0,697567 / 24,97039

4, 0,0172444 / 24,97039

0, 0,4005136 / 25,37091

2, 0,021468 / 25,37091

0, 0,0605056 / 25,43141

1, 2,088117 / 27,47307

2, 1,884422 / 29,37004

5, 1,529349 / 30,58665

2, 0,0283565 / 30,61422

5, 0,0275667 / 30,64034

2, 0,6715961 / 31,30059

4, 0,1153595 / 31,43307

2, 0,0319017 / 31,45867

StartAnim : PenisTouch / 31,75908

4, 0,3004141 / 31,78564

5, 0,4893018 / 31,78564

2, 0,0265548 / 31,81748

StartAnim : ShortLook / 32,36875

1, 1,404414 / 33,21626

2, 0,0559548 / 33,27063

4, 0,1699714 / 33,39983

5, 0,1835754 / 33,42299

2, 0,0367627 / 33,44275

4, 0,1127779 / 33,55886

2, 0,0576 / 33,58653

StartAnim : CloseEyes / 35,04289

StartAnim : OpenEyes / 37,88388

StartAnim : StartErect / 38,17021

4, 5,112566 / 38,70148

5, 5,248439 / 38,70148

2, 0,0300561 / 38,73198

4, 0,1141157 / 38,8494

5, 0,1141157 / 38,8494

2, 0,0338038 / 38,88547

1, 2,33911 / 41,21699

2, 0,053312 / 41,25982

4, 1,072048 / 42,34509

5, 1,072048 / 42,34509

2, 0,031221 / 42,37332

StartAnim : CloseEyes / 43,0299

1, 1,898422 / 44,26965

2, 0,2391858 / 44,50053

StartAnim : OpenEyes / 44,5627

4, 1,150232 / 45,66067

4, 0,0971012 / 45,78981

5, 1,275073 / 45,78981

0, 0,0967171 / 45,88653

4, 0,1426268 / 46,00234

5, 0,1426268 / 46,00234

0, 0,1881966 / 46,19053

4, 0,1550049 / 46,37219

4, 0,1595703 / 46,83168

4, 0,738229 / 47,58919

5, 1,421045 / 47,58919

2, 0,0590346 / 47,65984

StartAnim : CloseEyes / 47,91748

1, 1,769446 / 49,41698

2, 0,0185714 / 49,44425

0, 0,0615419 / 49,50579

2, 0,0683669 / 49,62796

StartAnim : OpenEyes / 50,28643

StartAnim : StopTouchPenis / 50,74287

4, 1,343084 / 50,84133

2, 0,0409354 / 50,89887

5, 1,613769 / 51,08504

StartAnim : TouchCouchInvite / 51,71519

2, 1,314028 / 52,40018

1, 0,5545921 / 52,94289

0, 0,0841765 / 53,02707

2, 0,0431466 / 53,04881

0, 0,2333567 / 53,28217

4, 0,0409453 / 53,30838

0, 0,0470899 / 53,35547

4, 0,0470899 / 53,38021

0, 0,0454751 / 53,42568

4, 0,0213378 / 53,42568

0, 0,1777434 / 53,60343

4, 0,0257898 / 53,60343

0, 0,0801001 / 53,68353

4, 0,1015939 / 53,75661

0, 0,1467257 / 53,90333

**********------------scene6------------**********

4, 0,5718348 / 0,0299281

0, 0,1750513 / 0,2049794

5, 0,3706112 / 0,5419761

StartAnim : OpenLegs / 0,7157548

2, 0,9029412 / 1,452126

5, 0,0341075 / 1,474142

0, 0,4258679 / 1,90001

5, 0,2904515 / 2,161939

2, 1,248976 / 3,401722

1, 0,5769338 / 3,983468

2, 1,051223 / 5,032954

1, 0,6182817 / 5,658658

2, 0,413953 / 6,070262

StartAnim : LongLook / 6,8681

StartAnim : StartTouchPenis / 6,910681

StartAnim : CloseEyes / 10,02864

4, 3,713873 / 10,15788

5, 4,11285 / 10,15788

2, 0,0592592 / 10,21638

1, 1,038886 / 11,24466

StartAnim : OpenEyes / 11,97108

2, 0,8432208 / 12,08673

0, 0,3845354 / 12,47126

2, 2,242044 / 14,69909

4, 0,7754751 / 15,46784

StartAnim : CloseEyes / 19,19884

4, 3,911641 / 20,75898

5, 6,087866 / 20,78907

2, 0,0619173 / 20,81135

4, 0,1318902 / 20,94488

5, 0,1318902 / 20,94488

StartAnim : OpenEyes / 21,82497

1, 0,9040187 / 21,84876

2, 1,174563 / 23,0239

4, 1,172815 / 24,20195

StartAnim : CloseEyes / 24,62364

5, 2,327529 / 25,35687

2, 1,149561 / 25,80062

1, 0,3147009 / 26,11079

StartAnim : FastPenisTouch / 26,82696

StartAnim : OpenEyes / 26,97172

2, 1,024138 / 27,12819

4, 0,5146819 / 27,65746

5, 0,5146819 / 27,65746

2, 0,3451415 / 27,9997

StartAnim : CloseEyes / 28,59864

StartAnim : OpenEyes / 29,51164

1, 2,537868 / 30,52586

StartAnim : CloseEyes / 31,02829

2, 0,5461566 / 31,06814

4, 0,7990178 / 31,88623

StartAnim : OpenEyes / 32,76749

4, 0,5909563 / 33,3694

StartAnim : PenisEjac / 33,3694

5, 2,346256 / 33,42706

2, 0,0840005 / 33,45137

4, 0,0450684 / 33,49863

5, 0,0450684 / 33,49863

2, 0,0264993 / 33,52931

4, 0,4861563 / 34,01087

5, 0,4861563 / 34,01087

0, 0,0448839 / 34,05576

2, 0,0448839 / 34,09182

4, 0,1286079 / 34,2117

2, 0,0273382 / 34,23339

4, 0,4576746 / 34,68608

5, 0,6303211 / 34,71243

2, 0,0430493 / 34,74456

4, 0,3559262 / 35,08746

5, 0,3559262 / 35,08746

0, 0,5408745 / 35,62834

7, 0,0860229 / 35,68811

0, 0,0825379 / 35,77064

7, 0,0278744 / 35,77064

0, 0,2022975 / 35,97294

7, 0,0274977 / 35,97294

0, 0,1160596 / 36,089

7, 0,022299 / 36,089

0, 0,054709 / 36,14371

7, 0,2265584 / 36,34715

StartAnim : StopTouchPenis / 36,4033

0, 0,4540531 / 36,8012

7, 0,0271091 / 36,8012

0, 0,3151731 / 37,11637

StartAnim : DeErect / 37,2507

5, 0,6142066 / 37,68819

2, 0,6594416 / 38,3567

1, 0,7698676 / 39,11622

2, 0,0461648 / 39,16809

5, 1,525379 / 40,70061

4, 0,0926937 / 40,79375

0, 0,2749506 / 41,0687

4, 0,1146234 / 41,158

0, 0,0399619 / 41,19796

4, 0,0740092 / 41,25577

2, 0,0237633 / 41,286

4, 0,0563675 / 41,34126

**********------------Fin_Relaxation------------**********

